Year,Month,Day,T_max,T_min,Precip (mm),T_ave,Precip (cm),rh_ave
1980,1,1,17.5,-1.0,0.0,8.25,0.0,18.4793664975
1980,1,2,17.0,-2.0,0.0,7.5,0.0,19.4382162006
1980,1,3,15.0,-3.5,0.0,5.75,0.0,17.5173299661
1980,1,4,17.0,-2.5,0.0,7.25,0.0,15.8159628306
1980,1,5,18.0,-3.5,0.0,7.25,0.0,15.8159628306
1980,1,6,17.0,-0.5,0.0,8.25,0.0,18.4793664975
1980,1,7,15.0,0.0,0.0,7.5,0.0,19.4382162006
1980,1,8,15.5,1.0,0.0,8.25,0.0,22.175239797
1980,1,9,14.0,1.0,0.0,7.5,0.0,23.3258594407
1980,1,10,12.0,4.5,6.0,8.25,0.6,59.1339727919
1980,1,11,11.0,6.0,5.0,8.5,0.5,83.5887470229
1980,1,12,16.5,3.5,2.0,10.0,0.2,36.1660296071
1980,1,13,19.0,4.0,0.0,11.5,0.0,23.8201849174
1980,1,14,20.5,3.5,0.0,12.0,0.0,20.1698602053
1980,1,15,17.0,3.0,5.0,10.0,0.5,36.1660296071
1980,1,16,16.0,0.5,0.0,8.25,0.0,29.566986396
1980,1,17,16.5,-0.5,0.0,8.0,0.0,26.3102632728
1980,1,18,15.5,4.0,2.0,9.75,0.2,40.1152318145
1980,1,19,13.5,3.0,0.0,8.25,0.0,44.3504795939
1980,1,20,13.0,-2.0,0.0,5.5,0.0,31.1851479347
1980,1,21,10.5,1.5,8.0,6.0,0.8,64.5759294579
1980,1,22,8.0,-1.0,3.0,3.5,0.3,71.6138559669
1980,1,23,11.0,-3.0,0.0,4.0,0.0,44.4657339494
1980,1,24,14.0,-3.5,0.0,5.25,0.0,31.7251022431
1980,1,25,16.0,-4.0,0.0,6.0,0.0,30.135433747
1980,1,26,16.0,-2.0,0.0,7.0,0.0,32.172736009
1980,1,27,16.0,-1.0,0.0,7.5,0.0,34.9887891611
1980,1,28,14.0,0.5,0.0,7.25,0.0,43.4938977843
1980,1,29,13.5,2.0,3.0,7.75,0.3,57.3378641198
1980,1,30,15.0,6.5,0.0,10.75,0.0,65.6967735686
1980,1,31,14.5,7.5,3.0,11.0,0.3,80.0071794399
1980,2,1,16.5,5.5,0.0,11.0,0.0,52.3123865569
1980,2,2,20.5,0.5,0.0,10.5,0.0,28.6252332862
1980,2,3,23.0,1.0,0.0,12.0,0.0,25.9326774068
1980,2,4,23.5,1.5,0.0,12.5,0.0,25.0984543891
1980,2,5,22.5,2.5,0.0,12.5,0.0,27.8871715435
1980,2,6,22.5,4.0,0.0,13.25,0.0,29.2139040773
1980,2,7,19.0,2.0,0.0,10.5,0.0,31.8058147624
1980,2,8,12.0,-0.5,16.0,5.75,1.6,56.9313223899
1980,2,9,7.0,-2.5,5.0,2.25,0.5,72.5717056386
1980,2,10,10.0,-3.5,0.0,3.25,0.0,57.2565558367
1980,2,11,14.0,-4.0,0.0,5.0,0.0,41.496945492
1980,2,12,15.0,-3.0,0.0,6.0,0.0,43.0506196386
1980,2,13,13.5,2.5,8.0,8.0,0.8,67.6549627014
1980,2,14,12.5,6.0,40.0,9.25,4.0,79.4939522487
1980,2,15,14.5,7.5,13.0,11.0,1.3,80.0071794399
1980,2,16,14.0,2.0,3.0,8.0,0.3,67.6549627014
1980,2,17,15.0,5.5,9.0,10.25,0.9,74.3753148633
1980,2,18,17.5,5.0,2.0,11.25,0.2,66.5919556093
1980,2,19,17.0,8.0,0.0,12.5,0.0,75.2953631674
1980,2,20,15.0,5.5,6.0,10.25,0.6,74.3753148633
1980,2,21,14.5,2.5,0.0,8.5,0.0,65.4172802788
1980,2,22,15.5,2.5,0.0,9.0,0.0,63.2611537567
1980,2,23,18.0,0.5,0.0,9.25,0.0,55.3001406947
1980,2,24,18.5,0.5,0.0,9.5,0.0,54.3852004097
1980,2,25,20.0,0.5,0.0,10.25,0.0,51.7393494702
1980,2,26,22.5,3.5,0.0,13.0,0.0,51.2870052892
1980,2,27,24.0,3.0,0.0,13.5,0.0,47.03540722
1980,2,28,24.0,3.5,0.0,13.75,0.0,48.8510358554
1980,2,29,22.0,4.5,0.0,13.25,0.0,55.7719986931
1980,3,1,19.5,1.5,0.0,10.5,0.0,54.0698850961
1980,3,2,18.0,4.0,0.0,11.0,0.0,61.5439841845
1980,3,3,17.5,5.0,0.0,11.25,0.0,66.5919556093
1980,3,4,17.0,4.0,5.0,10.5,0.5,63.6116295249
1980,3,5,20.0,0.5,0.0,10.25,0.0,48.5056401283
1980,3,6,19.5,2.5,0.0,11.0,0.0,55.3895857661
1980,3,7,17.5,5.0,5.0,11.25,0.5,66.5919556093
1980,3,8,18.5,0.0,0.0,9.25,0.0,51.8438819013
1980,3,9,18.5,0.5,0.0,9.5,0.0,50.9861253841
1980,3,10,15.5,4.5,0.0,10.0,0.0,69.0442383409
1980,3,11,15.0,5.0,12.0,10.0,1.2,72.3320592143
1980,3,12,16.5,4.0,0.0,10.25,0.0,64.6741868377
1980,3,13,20.5,0.5,0.0,10.5,0.0,47.7087221436
1980,3,14,23.5,3.0,0.0,13.25,0.0,47.8045703084
1980,3,15,22.0,3.5,0.0,12.75,0.0,52.1286544245
1980,3,16,18.5,3.0,0.0,10.75,0.0,59.4399379907
1980,3,17,18.0,0.0,0.0,9.0,0.0,52.7176281306
1980,3,18,21.0,0.5,0.0,10.75,0.0,46.9262668347
1980,3,19,18.0,2.5,3.0,10.25,0.3,58.2067681539
1980,3,20,17.5,-3.0,0.0,7.25,0.0,47.4478884919
1980,3,21,21.5,1.0,0.0,11.25,0.0,48.4305131704
1980,3,22,19.5,4.5,0.0,12.0,0.0,60.5095806158
1980,3,23,15.5,0.5,0.0,8.0,0.0,60.1377446235
1980,3,24,17.0,-0.5,0.0,8.25,0.0,55.4380994924
1980,3,25,17.0,2.0,0.0,9.5,0.0,61.1833504609
1980,3,26,15.5,1.5,0.0,8.5,0.0,61.78298693
1980,3,27,13.5,1.5,9.0,7.5,0.9,66.089935082
1980,3,28,13.5,0.0,0.0,6.75,0.0,61.3570951366
1980,3,29,16.5,-2.5,0.0,7.0,0.0,48.2591040134
1980,3,30,20.0,-2.0,0.0,9.0,0.0,42.1741025045
1980,3,31,18.0,3.0,0.0,10.5,0.0,60.4310480486
1980,4,1,20.0,-1.0,0.0,9.5,0.0,44.1879753329
1980,4,2,17.5,0.0,0.0,8.75,0.0,53.6076899023
1980,4,3,19.5,-1.0,0.0,9.25,0.0,44.9313643145
1980,4,4,24.5,2.5,0.0,13.5,0.0,44.4223290411
1980,4,5,23.5,3.0,0.0,13.25,0.0,45.1487608468
1980,4,6,23.0,3.0,0.0,13.0,0.0,48.5876892214
1980,4,7,23.5,4.5,0.0,14.0,0.0,50.59763245
1980,4,8,25.5,2.5,0.0,14.0,0.0,40.47810596
1980,4,9,27.0,4.5,0.0,15.75,0.0,42.9590167447
1980,4,10,26.5,4.5,0.0,15.5,0.0,41.3531258582
1980,4,11,25.0,6.5,0.0,15.75,0.0,49.7420193886
1980,4,12,18.5,1.5,0.0,10.0,0.0,52.605133974
1980,4,13,15.5,0.0,0.0,7.75,0.0,57.3378641198
1980,4,14,22.5,-0.5,0.0,11.0,0.0,40.00358972
1980,4,15,27.0,2.5,0.0,14.75,0.0,36.1580266055
1980,4,16,27.5,5.0,0.0,16.25,0.0,39.422030359
1980,4,17,28.5,5.5,0.0,17.0,0.0,37.5904098281
1980,4,18,29.5,8.5,0.0,19.0,0.0,42.3596950783
1980,4,19,31.0,9.0,0.0,20.0,0.0,39.8054428206
1980,4,20,30.5,12.0,0.0,21.25,0.0,48.0652374144
1980,4,21,28.0,13.0,0.0,20.5,0.0,57.0502273236
1980,4,22,26.5,9.5,0.0,18.0,0.0,49.0186110976
1980,4,23,21.5,1.0,0.0,11.25,0.0,42.3766990241
1980,4,24,14.5,0.5,0.0,7.5,0.0,58.3146486018
1980,4,25,22.0,3.5,0.0,12.75,0.0,46.641427643
1980,4,26,25.5,5.5,0.0,15.5,0.0,41.3531258582
1980,4,27,27.5,10.5,0.0,19.0,0.0,49.7265985702
1980,4,28,28.5,7.0,0.0,17.75,0.0,37.8445046761
1980,4,29,26.0,10.5,0.0,18.25,0.0,54.0458703737
1980,4,30,20.5,6.5,3.0,13.5,0.3,62.7138762934
1980,5,1,19.5,6.5,0.0,13.0,0.0,62.0842695606
1980,5,2,24.5,5.5,0.0,15.0,0.0,42.6987023319
1980,5,3,25.5,8.0,0.0,16.75,0.0,46.6769704487
1980,5,4,27.5,8.0,0.0,17.75,0.0,41.8281367472
1980,5,5,27.5,9.0,0.0,18.25,0.0,44.3948220927
1980,5,6,28.5,7.0,0.0,17.75,0.0,37.8445046761
1980,5,7,27.0,10.0,0.0,18.5,0.0,47.5050386322
1980,5,8,28.0,9.0,0.0,18.5,0.0,41.8044339963
1980,5,9,27.5,7.5,0.0,17.5,0.0,36.4218258517
1980,5,10,26.5,8.5,0.0,17.5,0.0,40.4686953908
1980,5,11,23.5,8.5,0.0,16.0,0.0,48.955366299
1980,5,12,22.5,2.5,0.0,12.5,0.0,36.2533230065
1980,5,13,27.0,3.5,0.0,15.25,0.0,30.3477380349
1980,5,14,25.5,9.0,0.0,17.25,0.0,41.1122239985
1980,5,15,23.0,6.0,0.0,14.5,0.0,26.945705546
1980,5,16,24.5,7.5,0.0,16.0,0.0,20.0271953041
1980,5,17,28.0,8.0,0.0,18.0,0.0,19.607444439
1980,5,18,29.5,9.5,0.0,19.5,0.0,19.6376450452
1980,5,19,31.0,9.5,0.0,20.25,0.0,18.7449160958
1980,5,20,33.0,11.0,0.0,22.0,0.0,18.3621910573
1980,5,21,32.5,11.0,0.0,21.75,0.0,18.6452726677
1980,5,22,30.5,10.0,0.0,20.25,0.0,18.7449160958
1980,5,23,29.0,8.0,0.0,18.5,0.0,19.0020154529
1980,5,24,26.0,9.0,0.0,17.5,0.0,20.2343476954
1980,5,25,25.5,1.5,0.0,13.5,0.0,15.6784690733
1980,5,26,27.5,3.5,0.0,15.5,0.0,16.0817711671
1980,5,27,28.0,7.5,0.0,17.75,0.0,17.9263443202
1980,5,28,28.5,6.5,0.0,17.5,0.0,18.2109129259
1980,5,29,28.5,5.5,0.0,17.0,0.0,16.7068488125
1980,5,30,31.0,6.5,0.0,18.75,0.0,16.8363917141
1980,5,31,30.5,7.5,0.0,19.0,0.0,16.5755328567
1980,6,1,28.5,10.0,0.0,19.25,0.0,19.9456297884
1980,6,2,30.5,6.5,0.0,18.5,0.0,17.1018139076
1980,6,3,31.5,7.5,0.0,19.5,0.0,16.0671641279
1980,6,4,33.5,8.5,0.0,21.0,0.0,16.2700168244
1980,6,5,34.0,9.5,0.0,21.75,0.0,17.0914999454
1980,6,6,33.5,10.0,0.0,21.75,0.0,17.0914999454
1980,6,7,35.5,10.0,0.0,22.75,0.0,16.0794291814
1980,6,8,37.0,13.0,0.0,25.0,0.0,17.8652869314
1980,6,9,38.0,15.0,0.0,26.5,0.0,18.6708350418
1980,6,10,37.0,14.5,0.0,25.75,0.0,18.3022872764
1980,6,11,36.0,11.5,0.0,23.75,0.0,16.509286464
1980,6,12,36.0,13.0,0.0,24.5,0.0,18.4095467029
1980,6,13,37.0,12.5,0.0,24.75,0.0,16.8397791108
1980,6,14,36.5,14.0,0.0,25.25,0.0,18.8570197711
1980,6,15,37.0,13.0,0.0,25.0,0.0,17.8652869314
1980,6,16,38.5,14.0,0.0,26.25,0.0,17.765646375
1980,6,17,38.5,16.5,0.0,27.5,0.0,19.7988305774
1980,6,18,37.5,17.0,0.0,27.25,0.0,20.0929029228
1980,6,19,37.0,17.0,0.0,27.0,0.0,20.3918442118
1980,6,20,37.0,17.0,0.0,27.0,0.0,20.3918442118
1980,6,21,36.5,17.0,0.0,26.75,0.0,20.6957429578
1980,6,22,37.0,15.5,0.0,26.25,0.0,18.9500228
1980,6,23,37.5,16.0,0.0,26.75,0.0,19.5459794601
1980,6,24,37.0,15.5,0.0,26.25,0.0,18.9500228
1980,6,25,37.0,18.5,0.0,27.75,0.0,21.6772670812
1980,6,26,39.0,17.5,0.0,28.25,0.0,19.9974657163
1980,6,27,39.0,19.5,0.0,29.25,0.0,21.840585534
1980,6,28,40.0,20.5,0.0,30.25,0.0,21.5455236733
1980,6,29,39.5,21.0,0.0,30.25,0.0,22.4822855721
1980,6,30,36.5,18.0,27.0,27.25,2.7,22.325447692
1980,7,1,32.5,15.5,13.0,24.0,1.3,21.6826332393
1980,7,2,34.5,16.5,0.0,25.5,0.0,22.2928209459
1980,7,3,37.0,17.0,0.0,27.0,0.0,20.3918442118
1980,7,4,38.0,17.5,0.0,27.75,0.0,20.5934037271
1980,7,5,37.5,19.5,0.0,28.5,0.0,22.8183016204
1980,7,6,35.5,20.0,0.0,27.75,0.0,23.8449937893
1980,7,7,34.5,17.0,3.0,25.75,0.3,21.9627447317
1980,7,8,36.0,19.0,0.0,27.5,0.0,23.0986356737
1980,7,9,35.0,20.5,0.0,27.75,0.0,24.9288571433
1980,7,10,36.0,20.5,0.0,28.25,0.0,24.2074584987
1980,7,11,36.0,18.5,0.0,27.25,0.0,22.325447692
1980,7,12,32.5,17.5,5.0,25.0,0.5,25.5218384735
1980,7,13,30.5,17.0,12.0,23.75,1.2,34.3943468001
1980,7,14,33.5,18.0,0.0,25.75,0.0,24.4030497019
1980,7,15,36.0,18.5,0.0,27.25,0.0,22.325447692
1980,7,16,38.0,20.0,0.0,29.0,0.0,22.1612095808
1980,7,17,38.5,20.5,0.0,29.5,0.0,22.5035331995
1980,7,18,37.0,20.5,0.0,28.75,0.0,23.5092236265
1980,7,19,35.5,19.5,0.0,27.5,0.0,24.1985707057
1980,7,20,35.0,17.5,0.0,26.25,0.0,22.503152075
1980,7,21,35.0,19.0,0.0,27.0,0.0,23.7904849137
1980,7,22,34.0,21.0,1.0,27.5,0.1,31.8981159303
1980,7,23,34.5,21.0,1.0,27.75,0.1,30.3481739136
1980,7,24,36.0,19.5,0.0,27.75,0.0,23.8449937893
1980,7,25,37.0,18.5,0.0,27.75,0.0,21.6772670812
1980,7,26,37.0,18.5,0.0,27.75,0.0,21.6772670812
1980,7,27,38.5,20.5,0.0,29.5,0.0,22.5035331995
1980,7,28,37.0,21.5,0.0,29.25,0.0,24.8188471977
1980,7,29,35.0,21.0,0.0,28.0,0.0,28.8374207742
1980,7,30,35.5,20.0,0.0,27.75,0.0,23.8449937893
1980,7,31,36.0,19.5,10.0,27.75,1.0,31.4320372677
1980,8,1,36.0,17.5,0.0,26.75,0.0,21.8455064555
1980,8,2,35.0,20.0,0.0,27.5,0.0,29.6982458661
1980,8,3,33.5,19.5,0.0,26.5,0.0,32.6739613231
1980,8,4,32.5,18.0,12.0,25.25,1.2,41.4854434965
1980,8,5,32.0,17.5,0.0,24.75,0.0,36.2702934694
1980,8,6,34.0,17.5,0.0,25.75,0.0,31.7239646125
1980,8,7,36.5,18.0,0.0,27.25,0.0,27.9068096151
1980,8,8,36.0,19.5,0.0,27.75,0.0,31.4320372677
1980,8,9,35.5,19.0,0.0,27.25,0.0,32.3718991535
1980,8,10,35.0,18.5,15.0,26.75,1.5,41.3914859156
1980,8,11,34.5,18.5,11.0,26.5,1.1,47.8440147946
1980,8,12,33.0,18.5,0.0,25.75,0.0,47.5859469187
1980,8,13,28.5,18.0,0.0,23.25,0.0,62.3940183088
1980,8,14,29.0,17.5,28.0,23.25,2.8,66.6481559207
1980,8,15,30.0,15.5,11.0,22.75,1.1,61.3941841471
1980,8,16,31.5,15.5,0.0,23.5,0.0,51.6790892611
1980,8,17,33.0,13.5,0.0,23.25,0.0,42.5413761196
1980,8,18,33.0,15.0,0.0,24.0,0.0,46.0755956336
1980,8,19,29.5,18.5,0.0,24.0,0.0,69.1133934503
1980,8,20,31.0,14.5,0.0,22.75,0.0,49.7000538333
1980,8,21,33.5,13.5,0.0,23.5,0.0,41.9019642657
1980,8,22,33.0,17.5,0.0,25.25,0.0,54.0567900106
1980,8,23,31.0,17.0,10.0,24.0,1.0,65.047899718
1980,8,24,29.0,16.0,12.0,22.5,1.2,66.7883974245
1980,8,25,30.0,14.0,6.0,22.0,0.6,61.2073035244
1980,8,26,32.0,15.0,0.0,23.5,0.0,54.4725535455
1980,8,27,32.5,14.5,0.0,23.5,0.0,51.6790892611
1980,8,28,33.5,15.5,0.0,24.5,0.0,52.5987048654
1980,8,29,33.5,17.0,0.0,25.25,0.0,56.5710593134
1980,8,30,33.0,15.5,0.0,24.25,0.0,53.3959161535
1980,8,31,32.5,13.5,0.0,23.0,0.0,50.390258475
1980,9,1,32.5,12.5,0.0,22.5,0.0,47.4939715019
1980,9,2,33.5,14.5,0.0,24.0,0.0,50.1410893659
1980,9,3,33.5,17.0,0.0,25.25,0.0,56.5710593134
1980,9,4,30.0,19.0,1.0,24.5,0.1,72.32321919
1980,9,5,30.0,15.5,3.0,22.75,0.3,64.3177167255
1980,9,6,31.0,15.0,4.0,23.0,0.4,61.9080318407
1980,9,7,30.0,16.5,0.0,23.25,0.0,66.6481559207
1980,9,8,30.0,16.0,0.0,23.0,0.0,64.7874751821
1980,9,9,30.0,14.5,0.0,22.25,0.0,60.2795861613
1980,9,10,29.5,17.5,0.0,23.5,0.0,69.8366071096
1980,9,11,30.5,14.5,0.0,22.5,0.0,59.3674643773
1980,9,12,30.5,11.5,0.0,21.0,0.0,52.0640538382
1980,9,13,31.5,11.0,0.0,21.25,0.0,49.6674119949
1980,9,14,31.5,13.5,0.0,22.5,0.0,54.914904549
1980,9,15,32.5,14.5,0.0,23.5,0.0,55.8692856876
1980,9,16,33.5,13.5,0.0,23.5,0.0,51.6790892611
1980,9,17,35.0,13.0,0.0,24.0,0.0,47.430760211
1980,9,18,36.0,14.0,0.0,25.0,0.0,47.2154011759
1980,9,19,34.5,15.5,0.0,25.0,0.0,54.871952718
1980,9,20,34.0,13.0,0.0,23.5,0.0,50.2823571189
1980,9,21,32.5,11.5,0.0,22.0,0.0,48.9658428195
1980,9,22,32.0,10.0,0.0,21.0,0.0,47.1830487909
1980,9,23,31.5,11.0,0.0,21.25,0.0,51.2695865754
1980,9,24,30.5,13.5,0.0,22.0,0.0,59.6771209363
1980,9,25,30.0,12.5,0.0,21.25,0.0,57.6782848973
1980,9,26,27.5,13.5,11.0,20.5,1.1,65.4399666358
1980,9,27,28.0,14.0,0.0,21.0,0.0,65.0800672978
1980,9,28,30.0,13.5,0.0,21.75,0.0,60.5971361699
1980,9,29,32.0,13.5,0.0,22.75,0.0,55.5471189902
1980,9,30,33.0,14.5,0.0,23.75,0.0,53.6551810081
1980,10,1,34.0,12.0,0.0,23.0,0.0,46.0710934628
1980,10,2,34.0,11.5,0.0,22.75,0.0,45.3147549657
1980,10,3,33.5,13.0,0.0,23.25,0.0,49.6316054729
1980,10,4,33.0,12.0,0.0,22.5,0.0,48.9781581113
1980,10,5,33.5,12.5,0.0,23.0,0.0,48.9505368043
1980,10,6,31.5,10.5,0.0,21.0,0.0,48.8100504733
1980,10,7,29.0,12.5,0.0,20.75,0.0,59.4812429008
1980,10,8,29.5,10.5,0.0,20.0,0.0,53.6508142364
1980,10,9,30.0,9.5,0.0,19.75,0.0,50.9739059567
1980,10,10,30.5,12.0,0.0,21.25,0.0,56.0761103168
1980,10,11,27.5,11.5,0.0,19.5,0.0,60.6981755942
1980,10,12,28.0,9.5,0.0,18.75,0.0,52.3798853327
1980,10,13,26.0,11.0,7.0,18.5,0.7,62.7066509945
1980,10,14,25.0,10.0,0.0,17.5,0.0,62.7264778558
1980,10,15,20.0,5.5,0.0,12.75,0.0,63.1031079876
1980,10,16,14.5,0.0,2.0,7.25,0.2,59.3098606149
1980,10,17,18.0,-2.0,0.0,8.0,0.0,48.8619175066
1980,10,18,20.0,-1.0,0.0,9.5,0.0,47.5870503585
1980,10,19,21.5,2.5,0.0,12.0,0.0,51.8653548135
1980,10,20,20.0,4.0,0.0,12.0,0.0,57.628172015
1980,10,21,22.0,1.5,0.0,11.75,0.0,49.793500759
1980,10,22,23.5,2.0,0.0,12.75,0.0,49.3850410338
1980,10,23,24.5,2.0,0.0,13.25,0.0,45.1487608468
1980,10,24,24.0,2.0,0.0,13.0,0.0,48.5876892214
1980,10,25,24.5,4.0,0.0,14.25,0.0,49.7877430282
1980,10,26,21.5,6.5,0.0,14.0,0.0,60.71715894
1980,10,27,19.0,4.5,0.0,11.75,0.0,61.5096185846
1980,10,28,15.5,-0.5,0.0,7.5,0.0,58.3146486018
1980,10,29,15.0,0.5,0.0,7.75,0.0,61.1603883944
1980,10,30,18.5,3.0,0.0,10.75,0.0,59.4399379907
1980,10,31,22.5,3.5,0.0,13.0,0.0,53.9863213571
1980,11,1,23.5,3.0,0.0,13.25,0.0,50.46037977
1980,11,2,24.5,2.0,0.0,13.25,0.0,47.8045703084
1980,11,3,26.0,3.0,0.0,14.5,0.0,44.0929727116
1980,11,4,26.5,4.0,0.0,15.25,0.0,46.6888277461
1980,11,5,27.0,5.5,0.0,16.25,0.0,48.1824815499
1980,11,6,28.0,5.5,0.0,16.75,0.0,46.6769704487
1980,11,7,27.0,5.5,0.0,16.25,0.0,48.1824815499
1980,11,8,27.0,4.5,0.0,15.75,0.0,47.4810185073
1980,11,9,28.0,4.0,0.0,16.0,0.0,42.279634531
1980,11,10,26.0,7.0,0.0,16.5,0.0,49.5786976794
1980,11,11,25.5,7.0,0.0,16.25,0.0,52.5627071453
1980,11,12,24.0,5.5,0.0,14.75,0.0,50.6212372477
1980,11,13,21.0,4.0,0.0,12.5,0.0,47.4081916239
1980,11,14,19.0,1.0,0.0,10.0,0.0,42.7416713539
1980,11,15,18.5,0.5,0.0,9.5,0.0,40.7889003072
1980,11,16,12.0,0.5,2.0,6.25,0.2,63.4827094243
1980,11,17,8.0,-3.5,0.0,2.25,0.0,66.9892667433
1980,11,18,11.0,-3.0,0.0,4.0,0.0,54.3470081604
1980,11,19,14.0,-3.0,0.0,5.5,0.0,44.5502113353
1980,11,20,15.0,-0.5,0.0,7.25,0.0,51.4018791996
1980,11,21,13.0,3.0,0.0,8.0,0.0,71.4135717404
1980,11,22,13.5,-1.0,0.0,6.25,0.0,50.7861675394
1980,11,23,17.0,-2.5,0.0,7.25,0.0,27.6779349536
1980,11,24,16.0,0.0,0.0,8.0,0.0,30.0688723118
1980,11,25,12.0,-3.0,0.0,4.5,0.0,33.4079089132
1980,11,26,12.5,-4.0,0.0,4.25,0.0,29.1347688975
1980,11,27,15.5,-4.5,0.0,5.5,0.0,22.2751056676
1980,11,28,20.5,-1.5,0.0,9.5,0.0,20.3944501536
1980,11,29,22.5,0.0,0.0,11.25,0.0,18.1614424389
1980,11,30,20.5,0.5,0.0,10.5,0.0,22.2640703337
1980,12,1,20.5,0.0,0.0,10.25,0.0,22.6359653932
1980,12,2,22.0,0.5,0.0,11.25,0.0,21.1883495121
1980,12,3,23.0,1.0,0.0,12.0,0.0,20.1698602053
1980,12,4,22.5,0.0,0.0,11.25,0.0,18.1614424389
1980,12,5,21.0,0.5,0.0,10.75,0.0,18.7705067339
1980,12,6,18.0,2.5,1.0,10.25,0.1,22.6359653932
1980,12,7,13.0,3.0,3.0,8.0,0.3,56.3791355845
1980,12,8,11.0,-2.0,0.0,4.5,0.0,38.1804673294
1980,12,9,11.0,-6.0,0.0,2.5,0.0,27.4268188328
1980,12,10,13.0,-3.5,0.0,4.75,0.0,28.1453689871
1980,12,11,15.0,-1.5,0.0,6.75,0.0,28.6333110637
1980,12,12,12.5,0.5,2.0,6.5,0.2,41.6066019849
1980,12,13,15.0,4.5,4.0,9.75,0.4,56.8299117373
1980,12,14,15.0,2.0,0.0,8.5,0.0,43.6115201859
1980,12,15,18.5,-0.5,0.0,9.0,0.0,28.1160683363
1980,12,16,21.5,2.5,0.0,12.0,0.0,25.9326774068
1980,12,17,23.0,2.5,0.0,12.75,0.0,24.6925205169
1980,12,18,22.5,2.0,0.0,12.25,0.0,22.6771473703
1980,12,19,20.5,1.5,0.0,11.0,0.0,27.694792883
1980,12,20,17.5,0.5,0.0,9.0,0.0,31.6305768784
1980,12,21,16.5,-0.5,0.0,8.0,0.0,33.8274813507
1980,12,22,19.5,-1.0,0.0,9.25,0.0,24.1938115539
1980,12,23,20.0,0.5,0.0,10.25,0.0,25.8696747351
1980,12,24,19.5,-1.0,0.0,9.25,0.0,24.1938115539
1980,12,25,21.5,0.5,0.0,11.0,0.0,24.6175936738
1980,12,26,23.0,0.0,0.0,11.5,0.0,14.8876155734
1980,12,27,24.0,2.0,0.0,13.0,0.0,16.1958964071
1980,12,28,24.0,2.5,0.0,13.25,0.0,15.9348567695
1980,12,29,21.5,2.0,0.0,11.75,0.0,17.5741767385
1980,12,30,19.0,4.5,0.0,11.75,0.0,23.4322356513
1981,1,1,20.5,3.0,0.0,11.75,0.0,20.5032061949
1981,1,2,19.5,3.0,0.0,11.25,0.0,21.1883495121
1981,1,3,20.0,0.5,0.0,10.25,0.0,19.4022560513
1981,1,4,18.5,1.5,0.0,10.0,0.0,19.7269252403
1981,1,5,19.5,1.5,0.0,10.5,0.0,19.0834888575
1981,1,6,17.0,2.5,0.0,9.75,0.0,20.0576159073
1981,1,7,13.5,5.0,5.0,9.25,0.5,51.8438819013
1981,1,8,14.0,5.0,2.0,9.5,0.2,44.1879753329
1981,1,9,16.5,0.0,0.0,8.25,0.0,22.175239797
1981,1,10,15.5,3.5,0.0,9.5,0.0,33.990750256
1981,1,11,13.0,6.0,4.0,9.5,0.4,71.3805755377
1981,1,12,10.5,5.0,6.0,7.75,0.6,84.0955340423
1981,1,13,11.0,4.5,3.0,7.75,0.3,80.2730097677
1981,1,14,14.0,2.5,0.0,8.25,0.0,48.0463528934
1981,1,15,15.5,1.0,0.0,8.25,0.0,40.6546062944
1981,1,16,13.0,4.5,4.0,8.75,0.4,71.4769198697
1981,1,17,11.0,3.0,0.0,7.0,0.0,68.367064019
1981,1,18,10.0,-0.5,0.0,4.75,0.0,56.2907379743
1981,1,19,13.5,-3.0,0.0,5.25,0.0,36.2572597064
1981,1,20,15.5,-1.5,0.0,7.0,0.0,36.1943280101
1981,1,21,14.0,-1.0,0.0,6.5,0.0,41.6066019849
1981,1,22,16.5,-2.5,0.0,7.0,0.0,32.172736009
1981,1,23,18.5,-1.5,0.0,8.5,0.0,29.0743467906
1981,1,24,18.0,-0.5,0.0,8.75,0.0,28.5907679479
1981,1,25,16.5,1.5,0.0,9.0,0.0,38.6595939624
1981,1,26,16.0,0.0,0.0,8.0,0.0,33.8274813507
1981,1,27,16.0,-2.0,0.0,7.0,0.0,32.172736009
1981,1,28,16.5,-1.0,0.0,7.75,0.0,30.5801941972
1981,1,29,15.5,-0.5,0.0,7.5,0.0,34.9887891611
1981,1,30,16.5,-2.0,0.0,7.25,0.0,27.6779349536
1981,1,31,13.0,-1.5,0.0,5.75,0.0,39.4139924238
1981,2,1,11.5,-7.5,0.0,2.0,0.0,28.4070659038
1981,2,2,14.5,-6.0,0.0,4.25,0.0,24.2789740812
1981,2,3,16.0,-3.0,0.0,6.5,0.0,29.1246213894
1981,2,4,16.5,-3.5,0.0,6.5,0.0,24.9639611909
1981,2,5,16.5,-4.5,0.0,6.0,0.0,25.8303717832
1981,2,6,16.0,-3.5,0.0,6.25,0.0,25.3930837697
1981,2,7,17.0,-1.0,0.0,8.0,0.0,30.0688723118
1981,2,8,16.5,-1.5,0.0,7.5,0.0,27.2135026808
1981,2,9,13.0,3.5,19.0,8.25,1.9,66.5257193909
1981,2,10,13.0,4.5,9.0,8.75,0.9,75.0507658632
1981,2,11,16.0,-1.5,0.0,7.25,0.0,43.4938977843
1981,2,12,18.0,0.5,0.0,9.25,0.0,41.475105521
1981,2,13,18.5,2.0,0.0,10.25,0.0,45.2719307864
1981,2,14,22.0,2.5,0.0,12.25,0.0,36.8503644768
1981,2,15,21.5,3.0,0.0,12.25,0.0,39.6850078981
1981,2,16,23.0,2.0,0.0,12.5,0.0,33.4646058522
1981,2,17,23.5,3.5,0.0,13.5,0.0,36.5830945045
1981,2,18,24.0,3.0,0.0,13.5,0.0,33.9700163256
1981,2,19,26.0,3.5,0.0,14.75,0.0,31.3369563914
1981,2,20,25.0,3.5,0.0,14.25,0.0,32.3620329683
1981,2,21,21.0,3.0,0.0,12.0,0.0,40.3397204105
1981,2,22,19.5,-2.5,0.0,8.5,0.0,32.7086401394
1981,2,23,22.5,-1.5,0.0,10.5,0.0,28.6252332862
1981,2,24,23.0,0.5,0.0,11.75,0.0,29.2902945641
1981,2,25,21.5,1.5,0.0,11.5,0.0,35.7302773762
1981,2,26,18.0,8.0,0.0,13.0,0.0,67.4829016964
1981,2,27,15.5,6.0,0.0,10.75,0.0,65.6967735686
1981,2,28,17.0,5.0,8.0,11.0,0.8,55.3895857661
1981,3,1,18.0,3.0,2.0,10.5,0.2,41.3475591912
1981,3,2,16.0,6.5,9.0,11.25,0.9,72.6457697556
1981,3,3,10.5,1.0,19.0,5.75,1.9,70.0693198645
1981,3,4,12.0,2.0,6.0,7.0,0.6,72.3886560202
1981,3,5,12.5,2.5,0.0,7.5,0.0,69.9775783222
1981,3,6,11.0,0.0,12.0,5.5,1.2,66.8253170029
1981,3,7,10.5,0.0,0.0,5.25,0.0,67.9823619496
1981,3,8,15.0,-1.5,0.0,6.75,0.0,49.0856761093
1981,3,9,17.5,1.5,0.0,9.5,0.0,50.9861253841
1981,3,10,17.5,3.0,0.0,10.25,0.0,54.973058812
1981,3,11,18.0,1.5,0.0,9.75,0.0,50.1440397682
1981,3,12,18.5,3.5,0.0,11.0,0.0,52.3123865569
1981,3,13,18.5,0.0,0.0,9.25,0.0,44.9313643145
1981,3,14,17.5,3.0,0.0,10.25,0.0,54.973058812
1981,3,15,17.0,-1.5,0.0,7.75,0.0,45.8702912958
1981,3,16,20.5,1.5,0.0,11.0,0.0,43.0807889292
1981,3,17,21.0,3.0,0.0,12.0,0.0,43.2211290113
1981,3,18,21.5,1.5,0.0,11.5,0.0,38.7078004908
1981,3,19,23.5,2.5,0.0,13.0,0.0,37.79042495
1981,3,20,20.5,4.5,2.0,12.5,0.2,47.4081916239
1981,3,21,15.5,3.5,1.0,9.5,0.1,61.1833504609
1981,3,22,20.0,0.0,0.0,10.0,0.0,39.4538504805
1981,3,23,23.5,1.0,0.0,12.25,0.0,34.0157210555
1981,3,24,23.5,4.0,0.0,13.75,0.0,38.5666072543
1981,3,25,25.0,4.0,0.0,14.5,0.0,36.7441439263
1981,3,26,25.0,5.0,0.0,15.0,0.0,37.9544020728
1981,3,27,21.5,5.0,0.0,13.25,0.0,45.1487608468
1981,3,28,14.0,0.0,0.0,7.0,0.0,56.3022880157
1981,3,29,19.0,2.5,0.0,10.75,0.0,46.9262668347
1981,3,30,21.5,2.5,0.0,12.0,0.0,40.3397204105
1981,3,31,23.5,3.0,0.0,13.25,0.0,37.1813324621
1981,4,1,26.0,3.0,0.0,14.5,0.0,31.8449247362
1981,4,2,23.5,7.5,0.0,15.5,0.0,48.2453135012
1981,4,3,17.0,1.0,3.0,9.0,0.3,56.2321366726
1981,4,4,18.5,-1.0,0.0,8.75,0.0,39.3123059284
1981,4,5,23.0,1.5,0.0,12.25,0.0,36.8503644768
1981,4,6,27.5,6.0,0.0,16.75,0.0,36.068568074
1981,4,7,27.5,7.0,0.0,17.25,0.0,37.0010015986
1981,4,8,25.5,4.5,0.0,15.0,0.0,35.5822519432
1981,4,9,27.0,3.5,0.0,15.25,0.0,30.3477380349
1981,4,10,27.5,6.5,0.0,17.0,0.0,35.5020537266
1981,4,11,27.0,5.0,0.0,16.0,0.0,33.3786588402
1981,4,12,25.0,10.5,1.0,17.75,0.1,49.7954008896
1981,4,13,27.0,8.0,0.0,17.5,0.0,36.4218258517
1981,4,14,28.5,8.5,0.0,18.5,0.0,32.3034262699
1981,4,15,25.5,10.5,0.0,18.0,0.0,45.0971222098
1981,4,16,26.5,10.5,0.0,18.5,0.0,41.8044339963
1981,4,17,25.5,11.0,1.0,18.25,0.1,44.3948220927
1981,4,18,25.5,11.5,0.0,18.5,0.0,47.5050386322
1981,4,19,24.0,7.5,0.0,15.75,0.0,38.4370149821
1981,4,20,24.5,4.0,0.0,14.25,0.0,29.8726458169
1981,4,21,25.0,5.5,0.0,15.25,0.0,32.6821794222
1981,4,22,26.5,5.5,0.0,16.0,0.0,28.9281709949
1981,4,23,25.0,7.0,0.0,16.0,0.0,35.6039027629
1981,4,24,27.0,7.5,0.0,17.25,0.0,30.8341679988
1981,4,25,30.0,9.0,0.0,19.5,0.0,28.5638473384
1981,4,26,30.5,11.0,0.0,20.75,0.0,31.3928781977
1981,4,27,28.5,10.0,0.0,19.25,0.0,32.6383032901
1981,4,28,29.5,9.0,0.0,19.25,0.0,29.0118251467
1981,4,29,31.5,11.0,0.0,21.25,0.0,28.8391424486
1981,4,30,31.5,12.0,0.0,21.75,0.0,31.0754544461
1981,5,1,26.5,11.0,8.0,18.75,0.8,48.6384649518
1981,5,2,25.5,10.0,0.0,17.75,0.0,43.8199527828
1981,5,3,26.0,10.5,0.0,18.25,0.0,42.4646124365
1981,5,4,27.5,9.5,0.0,18.5,0.0,36.1038293605
1981,5,5,28.5,8.5,0.0,18.5,0.0,32.3034262699
1981,5,6,28.5,7.5,0.0,18.0,0.0,29.4111666586
1981,5,7,27.5,8.0,0.0,17.75,0.0,31.8690565693
1981,5,8,26.5,10.0,0.0,18.25,0.0,38.6041931241
1981,5,9,27.0,8.0,0.0,17.5,0.0,32.3749563126
1981,5,10,28.5,7.0,0.0,17.75,0.0,27.8854244982
1981,5,11,29.5,8.5,0.0,19.0,0.0,22.1007104756
1981,5,12,29.5,12.0,0.0,20.75,0.0,26.4361079559
1981,5,13,29.5,10.5,0.0,20.0,0.0,22.4987285508
1981,5,14,30.0,9.0,0.0,19.5,0.0,19.6376450452
1981,5,15,27.0,11.0,0.0,19.0,0.0,29.4676139675
1981,5,16,24.5,8.0,0.0,16.25,0.0,28.4714663704
1981,5,17,24.5,9.5,0.0,17.0,0.0,31.3253415234
1981,5,18,29.0,6.0,0.0,17.5,0.0,16.1874781563
1981,5,19,30.5,9.5,0.0,20.0,0.0,19.0373856968
1981,5,20,28.0,13.0,0.0,20.5,0.0,31.8810093867
1981,5,21,28.0,8.0,0.0,18.0,0.0,21.568188883
1981,5,22,28.0,6.5,0.0,17.25,0.0,18.5005007993
1981,5,23,28.5,11.0,0.0,19.75,0.0,24.6080925308
1981,5,24,29.5,9.0,0.0,19.25,0.0,19.9456297884
1981,5,25,30.5,11.5,0.0,21.0,0.0,22.7780235542
1981,5,26,31.0,12.0,0.0,21.5,0.0,22.0887452238
1981,5,27,30.0,13.5,0.0,21.75,0.0,26.4141362792
1981,5,28,28.5,12.0,0.0,20.25,0.0,27.265332503
1981,5,29,26.0,10.5,0.0,18.25,0.0,28.9531448431
1981,5,30,28.5,9.5,0.0,19.0,0.0,20.2589846027
1981,5,31,28.5,12.0,2.0,20.25,0.2,22.1530826587
1981,6,1,29.5,13.0,0.0,21.25,0.0,22.4304441267
1981,6,2,31.5,12.5,0.0,22.0,0.0,19.8923736454
1981,6,3,32.0,13.5,0.0,22.75,0.0,20.464728049
1981,6,4,32.5,13.0,0.0,22.75,0.0,20.464728049
1981,6,5,34.0,15.5,0.0,24.75,0.0,20.7258819825
1981,6,6,36.0,17.0,0.0,26.5,0.0,21.004689422
1981,6,7,37.5,16.0,0.0,26.75,0.0,19.5459794601
1981,6,8,37.5,17.0,0.0,27.25,0.0,20.0929029228
1981,6,9,37.0,17.0,0.0,27.0,0.0,20.3918442118
1981,6,10,36.5,16.5,0.0,26.5,0.0,21.004689422
1981,6,11,36.0,16.5,0.0,26.25,0.0,21.31877565
1981,6,12,35.0,16.0,0.0,25.5,0.0,21.0543308934
1981,6,13,34.0,16.5,0.0,25.25,0.0,22.6284237254
1981,6,14,33.0,15.5,0.0,24.25,0.0,21.3583664614
1981,6,15,32.0,14.0,0.0,23.0,0.0,21.5958250607
1981,6,16,32.5,12.0,0.0,22.25,0.0,19.5908655024
1981,6,17,35.0,14.0,0.0,24.5,0.0,19.7245143245
1981,6,18,37.5,14.0,0.0,25.75,0.0,18.3022872764
1981,6,19,38.5,16.5,0.0,27.5,0.0,19.7988305774
1981,6,20,38.5,16.0,0.0,27.25,0.0,18.9766305382
1981,6,21,38.5,18.0,0.0,28.25,0.0,21.0499639119
1981,6,22,39.0,19.5,0.0,29.25,0.0,21.840585534
1981,6,23,39.0,19.5,0.0,29.25,0.0,21.840585534
1981,6,24,38.0,22.0,0.0,30.0,0.0,23.7605626095
1981,6,25,37.5,21.5,0.0,29.5,0.0,24.4603621734
1981,6,26,34.5,18.0,0.0,26.25,0.0,23.6875285
1981,6,27,35.5,20.5,0.0,28.0,0.0,24.5652102892
1981,6,28,31.5,18.0,0.0,24.75,0.0,25.9073524781
1981,6,29,33.5,18.0,0.0,25.75,0.0,24.4030497019
1981,6,30,30.5,18.5,13.0,24.5,1.3,26.2993524327
1981,7,1,31.5,17.0,5.0,24.25,0.5,24.0281622691
1981,7,2,35.0,16.5,0.0,25.75,0.0,21.9627447317
1981,7,3,37.0,21.0,0.0,29.0,0.0,24.1758649973
1981,7,4,38.0,23.0,0.0,30.5,0.0,24.9296308616
1981,7,5,38.0,22.0,0.0,30.0,0.0,23.7605626095
1981,7,6,37.0,22.5,0.0,29.75,0.0,25.0719397746
1981,7,7,34.0,17.0,7.0,25.5,0.7,22.2928209459
1981,7,8,33.0,18.0,3.0,25.5,0.3,24.769801051
1981,7,9,34.0,19.0,0.0,26.5,0.0,24.5054709923
1981,7,10,31.5,20.0,8.0,25.75,0.8,29.2836596423
1981,7,11,31.0,17.5,15.0,24.25,1.5,29.3677538844
1981,7,12,32.0,18.0,3.0,25.0,0.3,37.0066657865
1981,7,13,31.5,17.0,0.0,24.25,0.0,26.6979580768
1981,7,14,33.5,16.5,0.0,25.0,0.0,22.9696546261
1981,7,15,33.5,18.5,0.0,26.0,0.0,25.2444447617
1981,7,16,32.5,17.5,0.0,25.0,0.0,24.2457465498
1981,7,17,32.5,18.0,6.0,25.25,0.6,36.4569048909
1981,7,18,34.5,17.5,0.0,26.0,0.0,22.8402119272
1981,7,19,35.0,20.5,0.0,27.75,0.0,28.1804472055
1981,7,20,34.0,18.0,14.0,26.0,1.4,34.8613760995
1981,7,21,36.0,20.5,0.0,28.25,0.0,31.5749458679
1981,7,22,35.0,18.0,8.0,26.5,0.8,38.5085972737
1981,7,23,35.5,22.0,0.0,28.75,0.0,40.8856063069
1981,7,24,35.0,19.0,0.0,27.0,0.0,33.9864070196
1981,7,25,29.5,17.0,11.0,23.25,1.1,53.8857430848
1981,7,26,32.0,18.0,0.0,25.0,0.0,43.3871254049
1981,7,27,32.5,18.0,0.0,25.25,0.0,41.4854434965
1981,7,28,32.5,18.5,7.0,25.5,0.7,53.2550722597
1981,7,29,32.5,18.5,7.0,25.5,0.7,54.4935623123
1981,7,30,31.0,17.5,23.0,24.25,2.3,58.7355077689
1981,7,31,28.5,17.5,13.0,23.0,1.3,70.5463618649
1981,8,1,27.5,18.5,6.0,23.0,0.6,76.3052485478
1981,8,2,31.5,17.5,0.0,24.5,0.0,55.2286401087
1981,8,3,33.5,18.5,0.0,26.0,0.0,52.8931223578
1981,8,4,33.5,18.0,0.0,25.75,0.0,51.246404374
1981,8,5,34.5,20.5,0.0,27.5,0.0,56.0966866361
1981,8,6,33.5,19.0,0.0,26.25,0.0,54.48131555
1981,8,7,32.0,19.5,0.0,25.75,0.0,61.0076242547
1981,8,8,31.5,18.5,0.0,25.0,0.0,58.700228489
1981,8,9,32.0,18.0,0.0,25.0,0.0,56.1480446416
1981,8,10,32.0,17.5,0.0,24.75,0.0,54.405440204
1981,8,11,29.5,17.0,3.0,23.25,0.3,68.0662017914
1981,8,12,29.0,15.5,4.0,22.25,0.4,64.8005551234
1981,8,13,30.0,14.0,0.0,22.0,0.0,50.4960254076
1981,8,14,29.5,16.0,0.0,22.75,0.0,58.4706515686
1981,8,15,31.5,15.5,0.0,23.5,0.0,51.6790892611
1981,8,16,32.5,15.5,0.0,24.0,0.0,48.7859247885
1981,8,17,33.5,16.0,0.0,24.75,0.0,47.9286020845
1981,8,18,32.5,17.5,5.0,25.0,0.5,62.52850426
1981,8,19,32.5,17.0,0.0,24.75,0.0,54.405440204
1981,8,20,32.5,16.5,0.0,24.5,0.0,52.5987048654
1981,8,21,33.5,16.5,0.0,25.0,0.0,51.0436769469
1981,8,22,33.5,16.5,0.0,25.0,0.0,51.0436769469
1981,8,23,35.0,16.5,0.0,25.75,0.0,47.5859469187
1981,8,24,35.5,17.0,0.0,26.25,0.0,48.559433425
1981,8,25,35.5,16.5,0.0,26.0,0.0,46.8825402717
1981,8,26,36.0,17.0,0.0,26.5,0.0,47.8440147946
1981,8,27,35.5,18.0,0.0,26.75,0.0,50.5895938969
1981,8,28,34.5,20.0,0.0,27.25,0.0,60.2787087685
1981,8,29,35.0,18.0,0.0,26.5,0.0,52.511723555
1981,8,30,35.5,17.5,0.0,26.5,0.0,50.1778691748
1981,8,31,33.0,20.0,0.0,26.5,0.0,65.3479226463
1981,9,1,32.5,16.5,0.0,24.5,0.0,55.2286401087
1981,9,2,32.5,16.5,0.0,24.5,0.0,55.2286401087
1981,9,3,33.0,16.5,0.0,24.75,0.0,54.405440204
1981,9,4,29.0,16.5,0.0,22.75,0.0,67.2412493039
1981,9,5,30.5,14.5,0.0,22.5,0.0,56.3990911585
1981,9,6,30.0,14.0,6.0,22.0,0.6,61.2073035244
1981,9,7,31.0,13.5,0.0,22.25,0.0,52.7446378911
1981,9,8,29.5,16.5,0.0,23.0,0.0,66.2271968528
1981,9,9,29.5,14.0,0.0,21.75,0.0,59.0433634476
1981,9,10,31.5,13.5,0.0,22.5,0.0,51.9465313302
1981,9,11,32.0,14.0,0.0,23.0,0.0,53.2697018164
1981,9,12,33.0,15.0,0.0,24.0,0.0,52.8514185209
1981,9,13,33.5,15.5,0.0,24.5,0.0,53.9136724871
1981,9,14,33.0,14.5,0.0,23.75,0.0,52.2794071361
1981,9,15,33.0,15.0,0.0,24.0,0.0,54.2065830983
1981,9,16,31.5,14.5,0.0,23.0,0.0,56.1491451578
1981,9,17,29.5,14.0,0.0,21.75,0.0,60.5971361699
1981,9,18,29.5,16.5,0.0,23.0,0.0,67.6669185235
1981,9,19,30.0,13.5,0.0,21.75,0.0,57.4895907253
1981,9,20,31.0,14.0,0.0,22.5,0.0,56.3990911585
1981,9,21,31.0,13.5,0.0,22.25,0.0,55.7586171992
1981,9,22,28.5,16.5,13.0,22.5,1.3,69.7567706434
1981,9,23,26.0,14.0,10.0,20.0,1.0,69.2268570793
1981,9,24,29.0,12.0,0.0,20.5,0.0,58.728175186
1981,9,25,29.0,11.5,0.0,20.25,0.0,57.9388315689
1981,9,26,29.5,9.5,0.0,19.5,0.0,51.7719733009
1981,9,27,32.5,10.0,0.0,21.25,0.0,48.0652374144
1981,9,28,33.5,13.0,0.0,23.25,0.0,52.4676972142
1981,9,29,31.5,13.5,0.0,22.5,0.0,56.3990911585
1981,9,30,31.5,12.5,0.0,22.0,0.0,53.5563905838
1981,10,1,26.0,14.5,5.0,20.25,0.5,69.867414539
1981,10,2,25.5,14.5,14.0,20.0,1.4,70.9575285063
1981,10,3,24.5,8.0,0.0,16.25,0.0,59.1330455385
1981,10,4,27.0,7.5,0.0,17.25,0.0,53.445891198
1981,10,5,27.0,8.5,0.0,17.75,0.0,55.7708489963
1981,10,6,27.0,10.5,0.0,18.75,0.0,59.8627260945
1981,10,7,27.5,11.5,0.0,19.5,0.0,60.6981755942
1981,10,8,27.5,11.0,0.0,19.25,0.0,59.8368893652
1981,10,9,27.0,10.0,0.0,18.5,0.0,58.9062479039
1981,10,10,26.0,9.5,0.0,17.75,0.0,59.7544810675
1981,10,11,24.5,12.5,0.0,18.5,0.0,68.4072556304
1981,10,12,25.0,11.5,0.0,18.25,0.0,65.6271283109
1981,10,13,24.5,8.5,0.0,16.5,0.0,60.3566754358
1981,10,14,24.5,6.0,0.0,15.25,0.0,53.692151908
1981,10,15,23.0,8.5,0.0,15.75,0.0,63.3080246763
1981,10,16,22.5,2.5,0.0,12.5,0.0,50.1969087783
1981,10,17,23.0,0.0,0.0,11.5,0.0,44.6628467202
1981,10,18,24.5,4.0,0.0,14.25,0.0,49.7877430282
1981,10,19,26.0,5.5,0.0,15.75,0.0,47.4810185073
1981,10,20,27.0,5.5,0.0,16.25,0.0,45.9923687522
1981,10,21,23.5,11.0,0.0,17.25,0.0,67.8351695974
1981,10,22,23.5,6.5,0.0,15.0,0.0,56.9316031092
1981,10,23,20.5,7.0,0.0,13.75,0.0,64.2776787571
1981,10,24,23.0,2.5,0.0,12.75,0.0,46.641427643
1981,10,25,23.5,5.5,0.0,14.5,0.0,51.4418014969
1981,10,26,25.0,3.0,0.0,14.0,0.0,43.0079875825
1981,10,27,25.0,5.0,0.0,15.0,0.0,47.443002591
1981,10,28,28.0,9.0,0.0,18.5,0.0,47.5050386322
1981,10,29,24.0,7.0,0.0,15.5,0.0,45.9479176202
1981,10,30,20.5,1.0,0.0,10.75,0.0,37.5410134678
1981,10,31,21.5,-1.0,0.0,10.25,0.0,29.103384077
1981,11,1,22.5,2.5,0.0,12.5,0.0,33.4646058522
1981,11,2,23.5,3.0,0.0,13.25,0.0,34.5255230005
1981,11,3,25.5,3.0,0.0,14.25,0.0,29.8726458169
1981,11,4,26.0,3.5,0.0,14.75,0.0,31.3369563914
1981,11,5,25.5,5.5,0.0,15.5,0.0,34.4609382152
1981,11,6,25.5,6.5,0.0,16.0,0.0,37.8291466856
1981,11,7,22.0,5.5,0.0,13.75,0.0,43.7088215549
1981,11,8,20.5,1.5,0.0,11.0,0.0,40.00358972
1981,11,9,20.0,6.0,0.0,13.0,0.0,53.9863213571
1981,11,10,21.5,3.0,0.0,12.25,0.0,39.6850078981
1981,11,11,24.0,2.5,0.0,13.25,0.0,31.8697135389
1981,11,12,24.5,3.5,0.0,14.0,0.0,32.8884610925
1981,11,13,26.0,3.0,0.0,14.5,0.0,29.3953151411
1981,11,14,25.0,4.0,0.0,14.5,0.0,31.8449247362
1981,11,15,26.5,4.0,0.0,15.25,0.0,30.3477380349
1981,11,16,27.0,4.0,0.0,15.5,0.0,29.8661464531
1981,11,17,26.5,3.5,0.0,15.0,0.0,28.4658015546
1981,11,18,24.0,4.0,0.0,14.0,0.0,32.8884610925
1981,11,19,20.5,0.0,0.0,10.25,0.0,32.3370934188
1981,11,20,22.5,1.0,0.0,11.75,0.0,32.2193240205
1981,11,21,23.0,0.5,0.0,11.75,0.0,29.2902945641
1981,11,22,23.0,1.5,0.0,12.25,0.0,31.1810776342
1981,11,23,25.0,1.0,0.0,13.0,0.0,26.9931606785
1981,11,24,27.0,2.0,0.0,14.5,0.0,26.945705546
1981,11,25,22.0,2.5,0.0,12.25,0.0,36.8503644768
1981,11,26,17.0,-2.5,0.0,7.25,0.0,35.5859163689
1981,11,27,14.0,4.5,0.0,9.25,0.0,72.5814346618
1981,11,28,14.5,4.5,8.0,9.5,0.8,71.3805755377
1981,11,29,12.0,3.0,11.0,7.5,1.1,73.8652215623
1981,11,30,11.5,-0.5,0.0,5.5,0.0,66.8253170029
1981,12,1,12.5,-3.5,0.0,4.5,0.0,52.4981425779
1981,12,2,18.0,-3.0,0.0,7.5,0.0,42.7640756413
1981,12,3,21.5,0.0,0.0,10.75,0.0,40.6694312568
1981,12,4,19.5,3.0,0.0,11.25,0.0,51.4574202436
1981,12,5,19.5,4.5,0.0,12.0,0.0,57.628172015
1981,12,6,21.0,1.5,0.0,11.25,0.0,42.3766990241
1981,12,7,22.0,0.5,0.0,11.25,0.0,39.349791951
1981,12,8,23.0,1.5,0.0,12.25,0.0,39.6850078981
1981,12,9,23.0,3.0,0.0,13.0,0.0,43.1890570857
1981,12,10,22.5,1.5,0.0,12.0,0.0,40.3397204105
1981,12,11,19.5,5.0,0.0,12.25,0.0,56.6928684258
1981,12,12,17.5,6.0,0.0,11.75,0.0,67.3676774974
1981,12,13,16.0,1.5,0.0,8.75,0.0,57.1815358958
1981,12,14,16.0,-2.5,0.0,6.75,0.0,44.9952031002
1981,12,15,19.5,-2.0,0.0,8.75,0.0,39.3123059284
1981,12,16,21.0,-0.5,0.0,10.25,0.0,38.8045121026
1981,12,17,19.0,-0.5,0.0,9.25,0.0,44.9313643145
1981,12,18,19.0,-1.0,0.0,9.0,0.0,42.1741025045
1981,12,19,20.0,-1.0,0.0,9.5,0.0,40.7889003072
1981,12,20,22.0,2.0,0.0,12.0,0.0,43.2211290113
1981,12,21,21.0,2.0,0.0,11.5,0.0,44.6628467202
1981,12,22,15.5,-1.0,0.0,7.25,0.0,43.4938977843
1981,12,23,11.5,-6.0,0.0,2.75,0.0,37.7310371422
1981,12,24,13.0,-8.5,0.0,2.25,0.0,27.9121944764
1981,12,25,14.0,-4.5,0.0,4.75,0.0,32.8362638183
1981,12,26,16.0,-3.0,0.0,6.5,0.0,33.2852815879
1981,12,27,17.0,-1.5,0.0,7.75,0.0,34.4027184719
1981,12,28,17.0,-2.5,0.0,7.25,0.0,31.6319256613
1981,12,29,18.5,-2.0,0.0,8.25,0.0,29.566986396
1981,12,30,17.0,-0.5,0.0,8.25,0.0,36.9587329949
1981,12,31,17.0,4.0,0.0,10.5,0.0,44.5281406674
1982,1,1,14.0,2.0,0.0,8.0,0.0,67.6549627014
1982,1,2,11.5,2.0,6.0,6.75,0.6,73.6285141639
1982,1,3,6.5,-3.5,17.0,1.5,1.7,70.6226680197
1982,1,4,10.0,-7.0,0.0,1.5,0.0,52.9670010148
1982,1,5,12.0,-1.0,0.0,5.5,0.0,62.3702958694
1982,1,6,12.5,3.5,4.0,8.0,0.4,75.1721807794
1982,1,7,11.5,1.5,4.0,6.5,0.4,70.7312233743
1982,1,8,12.0,-1.0,0.0,5.5,0.0,62.3702958694
1982,1,9,17.0,-1.5,0.0,7.75,0.0,53.5153398451
1982,1,10,18.5,0.5,0.0,9.5,0.0,54.3852004097
1982,1,11,15.0,4.0,8.0,9.5,0.8,67.9815005121
1982,1,12,13.0,4.0,16.0,8.5,1.6,72.6858669764
1982,1,13,8.5,-2.0,13.0,3.25,1.3,67.6668387161
1982,1,14,12.0,-5.0,0.0,3.5,0.0,56.2680296883
1982,1,15,15.0,-4.0,0.0,5.5,0.0,49.0052324688
1982,1,16,16.0,-3.5,0.0,6.25,0.0,50.7861675394
1982,1,17,18.5,-1.5,0.0,8.5,0.0,50.8801068835
1982,1,18,18.5,-1.0,0.0,8.75,0.0,50.0338439088
1982,1,19,15.5,3.0,0.0,9.25,0.0,65.668917075
1982,1,20,16.0,1.0,0.0,8.5,0.0,58.1486935812
1982,1,21,15.0,1.0,0.0,8.0,0.0,60.1377446235
1982,1,22,11.0,-2.0,8.0,4.5,0.8,62.0432594102
1982,1,23,12.5,-6.5,0.0,3.0,0.0,47.670780101
1982,1,24,19.0,-3.0,0.0,8.0,0.0,45.1033084676
1982,1,25,22.0,0.0,0.0,11.0,0.0,46.1579881384
1982,1,26,21.5,1.0,0.0,11.25,0.0,48.4305131704
1982,1,27,19.5,-0.5,0.0,9.5,0.0,50.9861253841
1982,1,28,19.0,-1.0,0.0,9.0,0.0,49.2031195886
1982,1,29,14.0,-0.5,7.0,6.75,0.7,61.3570951366
1982,1,30,11.5,-3.5,0.0,4.0,0.0,59.2876452659
1982,1,31,13.5,-4.5,0.0,4.5,0.0,52.4981425779
1982,2,1,11.5,-3.5,0.0,4.0,0.0,59.2876452659
1982,2,2,11.0,-7.0,0.0,2.0,0.0,51.1327186268
1982,2,3,13.5,-6.0,0.0,3.75,0.0,50.2711911001
1982,2,4,14.0,-4.0,0.0,5.0,0.0,50.7184889346
1982,2,5,13.0,-2.5,0.0,5.25,0.0,58.918047023
1982,2,6,14.5,-0.5,0.0,7.0,0.0,60.3238800168
1982,2,7,17.0,2.5,0.0,9.75,0.0,60.1728477218
1982,2,8,13.0,2.0,1.0,7.5,0.1,69.9775783222
1982,2,9,13.0,-4.0,0.0,4.5,0.0,52.4981425779
1982,2,10,15.0,3.5,0.0,9.25,0.0,69.1251758684
1982,2,11,14.0,7.0,12.0,10.5,1.2,79.5145369061
1982,2,12,14.5,-1.0,0.0,6.75,0.0,57.2666221275
1982,2,13,18.0,2.5,0.0,10.25,0.0,58.2067681539
1982,2,14,18.0,1.0,0.0,9.5,0.0,54.3852004097
1982,2,15,18.5,0.5,0.0,9.5,0.0,54.3852004097
1982,2,16,20.0,1.5,0.0,10.75,0.0,53.1831024127
1982,2,17,19.5,2.0,0.0,10.75,0.0,56.3115202017
1982,2,18,17.0,2.5,0.0,9.75,0.0,60.1728477218
1982,2,19,18.0,2.0,0.0,10.0,0.0,59.1807757208
1982,2,20,21.0,1.5,0.0,11.25,0.0,51.4574202436
1982,2,21,23.0,1.0,0.0,12.0,0.0,46.102537612
1982,2,22,25.0,4.0,0.0,14.5,0.0,48.9921919018
1982,2,23,23.5,4.0,0.0,13.75,0.0,51.4221430057
1982,2,24,19.0,5.0,2.0,12.0,0.2,63.3909892165
1982,2,25,15.0,6.0,3.0,10.5,0.3,73.1533739536
1982,2,26,15.0,2.5,0.0,8.75,0.0,64.3292278828
1982,2,27,17.0,0.5,0.0,8.75,0.0,57.1815358958
1982,2,28,21.0,0.5,0.0,10.75,0.0,50.0546846237
1982,3,1,23.0,2.0,0.0,12.5,0.0,50.1969087783
1982,3,2,20.0,8.0,0.0,14.0,0.0,68.3068038075
1982,3,3,18.5,5.5,0.0,12.0,0.0,66.2723978173
1982,3,4,19.0,-0.5,0.0,9.25,0.0,48.3876231079
1982,3,5,16.0,0.5,0.0,8.25,0.0,59.1339727919
1982,3,6,14.5,-3.5,0.0,5.5,0.0,53.4602536023
1982,3,7,20.0,-3.5,0.0,8.25,0.0,40.6546062944
1982,3,8,23.0,-1.0,0.0,11.0,0.0,40.00358972
1982,3,9,24.5,1.5,0.0,13.0,0.0,43.1890570857
1982,3,10,25.5,3.5,0.0,14.5,0.0,44.0929727116
1982,3,11,24.5,8.0,0.0,16.25,0.0,52.5627071453
1982,3,12,19.5,9.5,0.0,14.5,0.0,73.4882878527
1982,3,13,13.5,5.0,18.0,9.25,1.8,76.0376934552
1982,3,14,14.5,2.5,0.0,8.5,0.0,65.4172802788
1982,3,15,14.5,3.5,5.0,9.0,0.5,70.2901708408
1982,3,16,17.5,2.0,0.0,9.75,0.0,56.8299117373
1982,3,17,20.5,1.5,0.0,11.0,0.0,49.2351873476
1982,3,18,18.5,7.0,0.0,12.75,0.0,68.5903347691
1982,3,19,14.5,-3.5,1.0,5.5,0.1,49.0052324688
1982,3,20,16.0,-3.0,0.0,6.5,0.0,49.9279223819
1982,3,21,18.0,-3.0,0.0,7.5,0.0,42.7640756413
1982,3,22,20.5,-0.5,0.0,10.0,0.0,42.7416713539
1982,3,23,21.0,0.0,0.0,10.5,0.0,44.5281406674
1982,3,24,21.5,-1.5,0.0,10.0,0.0,39.4538504805
1982,3,25,22.5,1.5,0.0,12.0,0.0,40.3397204105
1982,3,26,20.0,8.0,2.0,14.0,0.2,65.776922185
1982,3,27,19.0,4.0,4.0,11.5,0.4,59.5504622936
1982,3,28,22.5,3.0,0.0,12.75,0.0,43.8978142523
1982,3,29,19.0,5.5,0.0,12.25,0.0,62.3621552684
1982,3,30,18.0,1.5,0.0,9.75,0.0,53.4869757527
1982,3,31,22.5,0.5,0.0,11.5,0.0,38.7078004908
1982,4,1,24.0,3.0,0.0,13.5,0.0,39.1961726834
1982,4,2,22.0,3.5,0.0,12.75,0.0,46.641427643
1982,4,3,22.5,1.0,0.0,11.75,0.0,38.0773829333
1982,4,4,22.0,1.5,0.0,11.75,0.0,35.1483534769
1982,4,5,24.5,1.5,0.0,13.0,0.0,32.3917928143
1982,4,6,24.5,9.0,0.0,16.75,0.0,48.7986509237
1982,4,7,21.5,8.0,1.0,14.75,0.1,53.0317723547
1982,4,8,21.5,0.5,0.0,11.0,0.0,33.8491913015
1982,4,9,19.5,8.0,0.0,13.75,0.0,59.1354644566
1982,4,10,24.5,3.5,0.0,14.0,0.0,32.8884610925
1982,4,11,27.0,6.5,0.0,16.75,0.0,33.9468875991
1982,4,12,28.0,10.0,0.0,19.0,0.0,36.8345174594
1982,4,13,28.0,8.0,0.0,18.0,0.0,25.4896777708
1982,4,14,27.0,7.0,0.0,17.0,0.0,20.8835610156
1982,4,15,25.0,4.0,0.0,14.5,0.0,19.5968767607
1982,4,16,24.5,4.0,0.0,14.25,0.0,19.9150972113
1982,4,17,26.5,4.5,0.0,15.5,0.0,18.3791670481
1982,4,18,26.0,4.5,0.0,15.25,0.0,18.6755310984
1982,4,19,26.5,5.0,0.0,15.75,0.0,18.0880070504
1982,4,20,26.0,4.0,0.0,15.0,0.0,18.9772010364
1982,4,21,23.0,4.5,0.0,13.75,0.0,23.1399643526
1982,4,22,21.5,2.0,0.0,11.75,0.0,23.4322356513
1982,4,23,21.5,3.5,0.0,12.5,0.0,19.5210200804
1982,4,24,23.5,2.5,0.0,13.0,0.0,16.1958964071
1982,4,25,25.0,3.5,0.0,14.25,0.0,17.4257100599
1982,4,26,27.0,5.5,0.0,16.25,0.0,17.5209023818
1982,4,27,28.5,9.5,0.0,19.0,0.0,20.2589846027
1982,4,28,30.0,6.0,0.0,18.0,0.0,15.6859555512
1982,4,29,26.5,9.0,0.0,17.75,0.0,19.9181603558
1982,4,30,28.5,8.0,0.0,18.25,0.0,19.302096562
1982,5,1,26.5,12.0,0.0,19.25,0.0,23.5721079317
1982,5,2,25.5,11.0,10.0,18.25,1.0,32.8135641555
1982,5,3,27.5,8.5,0.0,18.0,0.0,19.607444439
1982,5,4,25.0,12.0,3.0,18.5,0.3,43.7046355416
1982,5,5,19.0,7.0,8.0,13.0,0.8,51.2870052892
1982,5,6,23.0,6.0,0.0,14.5,0.0,26.945705546
1982,5,7,26.5,5.5,0.0,16.0,0.0,20.0271953041
1982,5,8,27.5,6.5,0.0,17.0,0.0,18.7952049141
1982,5,9,26.5,8.5,0.0,17.5,0.0,24.2812172345
1982,5,10,25.0,6.5,0.0,15.75,0.0,22.610008813
1982,5,11,24.0,5.5,0.0,14.75,0.0,24.1053510703
1982,5,12,20.5,5.5,0.0,13.0,0.0,32.3917928143
1982,5,13,22.0,3.5,0.0,12.75,0.0,19.2052937354
1982,5,14,26.5,5.0,0.0,15.75,0.0,18.0880070504
1982,5,15,28.0,6.5,0.0,17.25,0.0,18.5005007993
1982,5,16,28.0,6.5,0.0,17.25,0.0,18.5005007993
1982,5,17,30.5,8.0,0.0,19.25,0.0,18.1323907167
1982,5,18,31.0,9.5,0.0,20.25,0.0,18.7449160958
1982,5,19,30.0,9.0,0.0,19.5,0.0,17.8524045865
1982,5,20,30.5,7.5,0.0,19.0,0.0,16.5755328567
1982,5,21,32.0,7.5,0.0,19.75,0.0,15.8194880555
1982,5,22,31.5,10.5,0.0,21.0,0.0,19.5240201893
1982,5,23,31.5,9.5,0.0,20.5,0.0,18.457426487
1982,5,24,32.5,10.0,0.0,21.25,0.0,17.6239203853
1982,5,25,31.5,10.0,0.0,20.75,0.0,18.1748242197
1982,5,26,31.5,10.5,0.0,21.0,0.0,19.5240201893
1982,5,27,27.5,12.0,7.0,19.75,0.7,29.881255216
1982,5,28,28.5,8.0,0.0,18.25,0.0,19.302096562
1982,5,29,30.5,9.0,0.0,19.75,0.0,17.5772089506
1982,5,30,30.0,10.5,0.0,20.25,0.0,20.4489993773
1982,5,31,32.5,7.5,0.0,20.0,0.0,15.5760428428
1982,6,1,32.0,10.0,0.0,21.0,0.0,17.8970185069
1982,6,2,31.0,8.0,0.0,19.5,0.0,17.8524045865
1982,6,3,30.5,9.5,0.0,20.0,0.0,19.0373856968
1982,6,4,32.0,9.5,0.0,20.75,0.0,18.1748242197
1982,6,5,31.5,10.0,0.0,20.75,0.0,18.1748242197
1982,6,6,31.0,11.5,0.0,21.25,0.0,19.2260949658
1982,6,7,32.0,11.0,0.0,21.5,0.0,18.9332101918
1982,6,8,32.0,11.0,0.0,21.5,0.0,18.9332101918
1982,6,9,33.0,8.5,0.0,20.75,0.0,16.5225674725
1982,6,10,34.0,9.5,0.0,21.75,0.0,17.0914999454
1982,6,11,33.5,10.5,0.0,22.0,0.0,18.3621910573
1982,6,12,34.0,11.0,0.0,22.5,0.0,17.8102393132
1982,6,13,33.5,12.0,0.0,22.75,0.0,19.0029617598
1982,6,14,32.0,13.0,0.0,22.5,0.0,20.7786125321
1982,6,15,32.0,11.5,0.0,21.75,0.0,18.6452726677
1982,6,16,34.5,12.0,0.0,23.25,0.0,18.4345963185
1982,6,17,35.5,16.0,0.0,25.75,0.0,20.7425922466
1982,6,18,33.0,13.0,0.0,23.0,0.0,20.15610339
1982,6,19,33.0,11.5,0.0,22.25,0.0,18.0838758484
1982,6,20,33.5,11.5,0.0,22.5,0.0,17.8102393132
1982,6,21,33.5,12.0,0.0,22.75,0.0,19.0029617598
1982,6,22,33.5,11.0,0.0,22.25,0.0,18.0838758484
1982,6,23,34.0,11.5,0.0,22.75,0.0,17.5411954706
1982,6,24,35.0,11.0,0.0,23.0,0.0,17.2766600486
1982,6,25,35.5,13.5,0.0,24.5,0.0,18.4095467029
1982,6,26,36.5,12.5,0.0,24.5,0.0,17.0945790813
1982,6,27,37.0,14.0,0.0,25.5,0.0,18.5773507883
1982,6,28,37.0,14.5,0.0,25.75,0.0,18.3022872764
1982,6,29,34.5,18.5,0.0,26.5,0.0,23.3385438022
1982,6,30,32.5,15.5,0.0,24.0,0.0,21.6826332393
1982,7,1,33.5,14.5,0.0,24.0,0.0,20.3274686619
1982,7,2,34.0,13.0,0.0,23.5,0.0,19.5542499907
1982,7,3,34.5,15.0,0.0,24.75,0.0,20.7258819825
1982,7,4,32.5,16.5,0.0,24.5,0.0,23.6694171894
1982,7,5,31.0,16.5,0.0,23.75,0.0,24.7639296961
1982,7,6,28.5,16.5,11.0,22.5,1.1,26.7153589698
1982,7,7,28.5,15.0,3.0,21.75,0.3,24.8603635569
1982,7,8,33.0,15.0,0.0,24.0,0.0,21.6826332393
1982,7,9,34.0,15.5,0.0,24.75,0.0,20.7258819825
1982,7,10,35.5,14.5,0.0,25.0,0.0,19.1413788551
1982,7,11,37.0,15.0,0.0,26.0,0.0,19.2338626756
1982,7,12,37.0,17.0,0.0,27.0,0.0,20.3918442118
1982,7,13,37.5,17.5,0.0,27.5,0.0,20.8987656095
1982,7,14,38.0,17.5,0.0,27.75,0.0,20.5934037271
1982,7,15,37.0,20.5,0.0,28.75,0.0,23.5092236265
1982,7,16,34.5,19.0,0.0,26.75,0.0,24.1450334508
1982,7,17,33.5,19.0,0.0,26.25,0.0,24.871904925
1982,7,18,33.0,18.0,0.0,25.5,0.0,24.769801051
1982,7,19,34.5,17.5,0.0,26.0,0.0,22.8402119272
1982,7,20,35.0,17.5,0.0,26.25,0.0,22.503152075
1982,7,21,35.5,19.0,0.0,27.25,0.0,23.4417200766
1982,7,22,35.0,18.0,4.0,26.5,0.4,23.3385438022
1982,7,23,35.5,17.0,3.0,26.25,0.3,21.31877565
1982,7,24,34.0,18.0,3.0,26.0,0.3,25.2444447617
1982,7,25,31.5,16.5,2.0,24.0,0.2,24.3929623942
1982,7,26,31.0,17.5,9.0,24.25,0.9,34.7073454998
1982,7,27,32.5,16.5,0.0,24.5,0.0,23.6694171894
1982,7,28,32.5,17.5,0.0,25.0,0.0,25.5218384735
1982,7,29,32.0,19.0,8.0,25.5,0.8,42.1086617867
1982,7,30,32.0,18.5,0.0,25.25,0.0,33.942635588
1982,7,31,33.0,18.0,0.0,25.5,0.0,29.7237612612
1982,8,1,33.0,17.5,0.0,25.25,0.0,23.8855583768
1982,8,2,33.0,18.0,0.0,25.5,0.0,24.769801051
1982,8,3,32.5,17.5,1.0,25.0,0.1,24.2457465498
1982,8,4,33.0,18.0,0.0,25.5,0.0,24.769801051
1982,8,5,33.0,16.5,0.0,24.75,0.0,23.3166172303
1982,8,6,32.0,17.5,0.0,24.75,0.0,24.6119848542
1982,8,7,34.0,18.0,0.0,26.0,0.0,24.0423283445
1982,8,8,35.0,18.5,7.0,26.75,0.7,24.1450334508
1982,8,9,34.0,16.5,8.0,25.25,0.8,26.3998276796
1982,8,10,35.0,17.0,0.0,26.0,0.0,21.63809551
1982,8,11,32.5,19.5,1.0,26.0,0.1,32.457143265
1982,8,12,28.5,18.0,19.0,23.25,1.9,53.8857430848
1982,8,13,28.5,17.0,19.0,22.75,1.9,58.4706515686
1982,8,14,29.5,16.5,0.0,23.0,0.0,48.9505368043
1982,8,15,30.5,17.0,6.0,23.75,0.6,56.4067287521
1982,8,16,33.5,15.5,0.0,24.5,0.0,36.8190934058
1982,8,17,34.5,17.5,5.0,26.0,0.5,49.2867731062
1982,8,18,34.5,18.0,0.0,26.25,0.0,42.6375513
1982,8,19,34.5,18.5,3.0,26.5,0.3,52.511723555
1982,8,20,35.5,19.0,0.0,27.25,0.0,43.5346229995
1982,8,21,32.5,18.0,12.0,25.25,1.2,57.8281939648
1982,8,22,33.5,18.0,0.0,25.75,0.0,50.0262518889
1982,8,23,31.0,17.0,14.0,24.0,1.4,62.3375705631
1982,8,24,28.0,15.5,0.0,21.75,0.0,62.1509088923
1982,8,25,30.0,15.0,0.0,22.5,0.0,53.4307179396
1982,8,26,31.0,16.0,0.0,23.5,0.0,53.0758214033
1982,8,27,31.5,16.5,0.0,24.0,0.0,52.8514185209
1982,8,28,33.5,17.5,0.0,25.5,0.0,50.7780921546
1982,8,29,32.5,18.5,5.0,25.5,0.5,64.4014827327
1982,8,30,32.0,17.0,0.0,24.5,0.0,53.9136724871
1982,8,31,34.5,16.5,0.0,25.5,0.0,47.0626219969
1982,9,1,35.5,17.0,0.0,26.25,0.0,46.190680575
1982,9,2,36.5,18.0,0.0,27.25,0.0,46.8834401533
1982,9,3,34.5,18.5,0.0,26.5,0.0,52.511723555
1982,9,4,34.0,16.5,0.0,25.25,0.0,49.0282514049
1982,9,5,34.5,16.0,0.0,25.25,0.0,46.5139821021
1982,9,6,35.0,16.5,0.0,25.75,0.0,46.3657944336
1982,9,7,33.0,18.0,0.0,25.5,0.0,55.7320523648
1982,9,8,30.0,16.5,3.0,23.25,0.3,66.6481559207
1982,9,9,29.0,15.5,3.0,22.25,0.3,66.3075447774
1982,9,10,26.0,15.0,15.0,20.5,1.5,72.1517580857
1982,9,11,23.0,12.5,14.0,17.75,1.4,71.705377281
1982,9,12,23.5,11.0,15.0,17.25,1.5,67.8351695974
1982,9,13,25.5,12.0,0.0,18.75,0.0,65.4748566659
1982,9,14,27.0,13.0,0.0,20.0,0.0,64.0348427983
1982,9,15,29.0,11.5,0.0,20.25,0.0,56.2347482875
1982,9,16,30.5,10.5,0.0,20.5,0.0,50.3384358737
1982,9,17,28.5,12.5,0.0,20.5,0.0,60.4061230485
1982,9,18,30.5,13.0,0.0,21.75,0.0,57.4895907253
1982,9,19,30.5,14.0,0.0,22.25,0.0,60.2795861613
1982,9,20,32.0,15.5,0.0,23.75,0.0,60.5340503682
1982,9,21,30.5,16.5,0.0,23.5,0.0,65.646410683
1982,9,22,32.5,16.0,0.0,24.25,0.0,60.0704056727
1982,9,23,33.5,14.5,0.0,24.0,0.0,54.2065830983
1982,9,24,35.0,14.5,0.0,24.75,0.0,51.8147049562
1982,9,25,34.0,14.0,0.0,24.0,0.0,52.8514185209
1982,9,26,31.0,14.5,0.0,22.75,0.0,59.9324178578
1982,9,27,27.5,14.0,0.0,20.75,0.0,66.0902698898
1982,9,28,25.5,8.0,0.0,16.75,0.0,57.2853728235
1982,9,29,28.5,6.0,0.0,17.25,0.0,47.2790575982
1982,9,30,28.0,13.0,0.0,20.5,0.0,62.0840709109
1982,10,1,27.0,6.5,0.0,16.75,0.0,50.9203313986
1982,10,2,28.5,5.5,0.0,17.0,0.0,45.9438342344
1982,10,3,30.5,7.0,0.0,18.75,0.0,46.7677547613
1982,10,4,31.0,7.5,0.0,19.25,0.0,47.1442158635
1982,10,5,29.0,6.0,0.0,17.5,0.0,46.5389996994
1982,10,6,29.5,4.5,0.0,17.0,0.0,41.7671220312
1982,10,7,28.5,6.0,0.0,17.25,0.0,47.2790575982
1982,10,8,25.0,6.0,0.0,15.5,0.0,52.8401052633
1982,10,9,23.0,2.0,0.0,12.5,0.0,50.1969087783
1982,10,10,24.0,1.0,0.0,12.5,0.0,44.6194744696
1982,10,11,23.0,0.0,0.0,11.5,0.0,44.6628467202
1982,10,12,22.0,0.0,0.0,11.0,0.0,46.1579881384
1982,10,13,22.0,1.5,0.0,11.75,0.0,49.793500759
1982,10,14,23.5,3.5,0.0,13.5,0.0,52.2615635778
1982,10,15,26.0,4.0,0.0,15.0,0.0,47.443002591
1982,10,16,27.5,8.5,0.0,18.0,0.0,54.9008444293
1982,10,17,28.0,7.0,0.0,17.5,0.0,50.5858692385
1982,10,18,28.0,5.0,0.0,16.5,0.0,47.4231021282
1982,10,19,27.5,4.5,0.0,16.0,0.0,46.7301223763
1982,10,20,25.5,4.5,0.0,15.0,0.0,49.8151527205
1982,10,21,26.5,4.0,0.0,15.25,0.0,46.6888277461
1982,10,22,27.5,5.5,0.0,16.5,0.0,49.5786976794
1982,10,23,26.5,5.5,0.0,16.0,0.0,51.1806102217
1982,10,24,27.5,5.5,0.0,16.5,0.0,49.5786976794
1982,10,25,27.5,7.5,0.0,17.5,0.0,52.6093040081
1982,10,26,27.5,8.5,0.0,18.0,0.0,54.9008444293
1982,10,27,24.0,10.0,0.0,17.0,0.0,64.7390391484
1982,10,28,21.0,-1.0,0.0,10.0,0.0,46.0294922273
1982,10,29,23.5,1.0,0.0,12.25,0.0,45.3542947406
1982,10,30,25.0,2.0,0.0,13.5,0.0,47.03540722
1982,10,31,23.5,4.5,0.0,14.0,0.0,53.1275140725
1982,11,1,22.5,2.5,0.0,12.5,0.0,50.1969087783
1982,11,2,20.5,1.0,0.0,10.75,0.0,50.0546846237
1982,11,3,17.5,0.5,0.0,9.0,0.0,56.2321366726
1982,11,4,20.0,0.0,0.0,10.0,0.0,49.3173131006
1982,11,5,23.0,0.0,0.0,11.5,0.0,44.6628467202
1982,11,6,23.5,0.0,0.0,11.75,0.0,43.9354418462
1982,11,7,24.0,2.5,0.0,13.25,0.0,47.8045703084
1982,11,8,19.5,6.0,0.0,12.75,0.0,63.1031079876
1982,11,9,18.0,8.5,12.0,13.25,1.2,74.3626649241
1982,11,10,17.0,7.0,4.0,12.0,0.4,72.0352150188
1982,11,11,16.0,2.0,7.0,9.0,0.7,63.2611537567
1982,11,12,16.0,-2.5,0.0,6.75,0.0,53.1761491184
1982,11,13,18.5,-1.0,0.0,8.75,0.0,50.0338439088
1982,11,14,19.0,3.0,0.0,11.0,0.0,58.4667849753
1982,11,15,19.0,3.0,0.0,11.0,0.0,58.4667849753
1982,11,16,17.0,6.0,0.0,11.5,0.0,68.4830316376
1982,11,17,14.0,8.0,5.0,11.0,0.5,83.0843786491
1982,11,18,16.0,6.0,4.0,11.0,0.4,70.7755818122
1982,11,19,17.5,4.5,0.0,11.0,0.0,64.6211833938
1982,11,20,18.0,4.0,0.0,11.0,0.0,61.5439841845
1982,11,21,19.0,2.0,0.0,10.5,0.0,57.2504665724
1982,11,22,20.0,1.5,0.0,10.75,0.0,50.0546846237
1982,11,23,18.0,2.0,0.0,10.0,0.0,55.8929548474
1982,11,24,15.0,3.5,2.0,9.25,0.2,69.1251758684
1982,11,25,10.5,1.5,0.0,6.0,0.0,73.1860533856
1982,11,26,9.0,0.5,2.0,4.75,0.2,75.054317299
1982,11,27,12.5,2.5,0.0,7.5,0.0,69.9775783222
1982,11,28,14.0,1.5,0.0,7.75,0.0,64.9829126691
1982,11,29,15.0,2.0,0.0,8.5,0.0,65.4172802788
1982,11,30,15.0,1.5,0.0,8.25,0.0,62.8298460914
1982,12,1,12.0,0.0,31.0,6.0,3.1,64.5759294579
1982,12,2,7.5,-1.0,9.0,3.25,0.9,72.8719801558
1982,12,3,9.5,-4.0,0.0,2.75,0.0,59.2916297949
1982,12,4,14.5,-3.0,0.0,5.75,0.0,52.5519898984
1982,12,5,16.5,-2.5,0.0,7.0,0.0,52.2806960146
1982,12,6,17.5,-1.0,0.0,8.25,0.0,51.7422261929
1982,12,7,17.0,-2.0,0.0,7.5,0.0,50.5393621216
1982,12,8,14.0,3.0,0.0,8.5,0.0,69.0515736276
1982,12,9,11.5,2.5,7.0,7.0,0.7,72.3886560202
1982,12,10,9.5,3.0,17.0,6.25,1.7,80.4114319374
1982,12,11,12.5,-0.5,6.0,6.0,0.6,64.5759294579
1982,12,12,12.0,1.5,0.0,6.75,0.0,69.5380411548
1982,12,13,14.5,-0.5,0.0,7.0,0.0,60.3238800168
1982,12,14,13.0,-0.5,0.0,6.25,0.0,63.4827094243
1982,12,15,13.5,-4.0,0.0,4.75,0.0,51.5998431431
1982,12,16,17.5,-1.0,0.0,8.25,0.0,51.7422261929
1982,12,17,20.5,-1.0,0.0,9.75,0.0,46.8011037836
1982,12,18,20.0,-0.5,0.0,9.75,0.0,50.1440397682
1982,12,19,20.5,-0.5,0.0,10.0,0.0,49.3173131006
1982,12,20,20.0,0.0,0.0,10.0,0.0,49.3173131006
1982,12,21,18.5,0.0,0.0,9.25,0.0,51.8438819013
1982,12,22,16.5,5.5,0.0,11.0,0.0,70.7755818122
1982,12,23,13.5,3.0,5.0,8.25,0.5,70.2215926904
1982,12,24,7.5,-2.5,7.0,2.5,0.7,71.3097289654
1982,12,25,6.0,-6.0,0.0,0.0,0.0,65.4664484452
1982,12,26,5.5,-2.5,0.0,1.5,0.0,76.5078903547
1982,12,27,9.0,-6.0,0.0,1.5,0.0,58.8522233498
1982,12,28,9.5,-3.5,0.0,3.0,0.0,63.5610401347
1982,12,29,9.5,-6.0,0.0,1.75,0.0,57.8232716738
1982,12,30,7.0,-2.0,0.0,2.5,0.0,71.3097289654
1982,12,31,6.0,-1.5,4.0,2.25,0.4,78.1541445339
1983,1,1,6.5,-5.0,0.0,0.75,0.0,68.2684666877
1983,1,2,10.0,-4.0,0.0,3.0,0.0,58.2642867902
1983,1,3,10.5,-3.0,0.0,3.75,0.0,60.3254293201
1983,1,4,12.5,-5.5,0.0,3.5,0.0,51.1527542621
1983,1,5,15.0,-3.5,0.0,5.75,0.0,52.5519898984
1983,1,6,17.5,-2.0,0.0,7.75,0.0,49.6928155705
1983,1,7,18.5,-2.0,0.0,8.25,0.0,48.0463528934
1983,1,8,18.0,-2.0,0.0,8.0,0.0,48.8619175066
1983,1,9,17.5,-2.0,0.0,7.75,0.0,49.6928155705
1983,1,10,17.0,-2.5,0.0,7.25,0.0,51.4018791996
1983,1,11,18.0,-2.5,0.0,7.75,0.0,49.6928155705
1983,1,12,18.0,1.5,0.0,9.75,0.0,56.8299117373
1983,1,13,20.0,1.0,0.0,10.5,0.0,50.8893036199
1983,1,14,19.5,1.5,0.0,10.5,0.0,54.0698850961
1983,1,15,16.0,4.5,0.0,10.25,0.0,67.9078961796
1983,1,16,17.0,1.0,0.0,9.0,0.0,56.2321366726
1983,1,17,17.0,4.0,1.0,10.5,0.1,63.6116295249
1983,1,18,16.0,1.5,0.0,8.75,0.0,60.7553818893
1983,1,19,14.0,-1.0,0.0,6.5,0.0,58.2492427789
1983,1,20,10.5,-0.5,10.0,5.0,1.0,69.1615758199
1983,1,21,9.0,-4.0,0.0,2.5,0.0,60.3390014323
1983,1,22,11.0,-6.0,0.0,2.5,0.0,54.8536376657
1983,1,23,14.0,-2.5,0.0,5.75,0.0,56.9313223899
1983,1,24,15.0,-2.0,0.0,6.5,0.0,54.0885825804
1983,1,25,15.0,0.5,0.0,7.75,0.0,61.1603883944
1983,1,26,18.0,-2.5,0.0,7.75,0.0,49.6928155705
1983,1,27,18.5,1.0,0.0,9.75,0.0,53.4869757527
1983,1,28,15.5,1.5,5.0,8.5,0.5,61.78298693
1983,1,29,14.5,-2.0,0.0,6.25,0.0,55.0183481677
1983,1,30,12.0,1.5,31.0,6.75,3.1,69.5380411548
1983,1,31,9.0,0.0,3.0,4.5,0.3,71.5883762425
1983,2,1,9.0,-2.0,0.0,3.5,0.0,66.4985805407
1983,2,2,8.5,-4.5,0.0,2.0,0.0,62.4955449883
1983,2,3,8.5,0.5,15.0,4.5,1.5,76.3609346587
1983,2,4,10.0,2.5,16.0,6.25,1.6,76.1792513091
1983,2,5,8.0,1.5,9.0,4.75,0.9,79.7452121302
1983,2,6,9.0,2.0,10.0,5.5,1.0,80.1903804035
1983,2,7,13.0,0.5,2.0,6.75,0.2,65.4475681457
1983,2,8,15.0,0.5,0.0,7.75,0.0,61.1603883944
1983,2,9,14.0,-1.0,1.0,6.5,0.1,58.2492427789
1983,2,10,14.5,-1.0,0.0,6.75,0.0,57.2666221275
1983,2,11,16.5,-1.5,0.0,7.5,0.0,54.4270053617
1983,2,12,18.0,0.5,0.0,9.25,0.0,55.3001406947
1983,2,13,20.0,0.5,0.0,10.25,0.0,51.7393494702
1983,2,14,16.5,2.5,0.0,9.5,0.0,61.1833504609
1983,2,15,18.0,-1.5,0.0,8.25,0.0,51.7422261929
1983,2,16,18.5,-0.5,0.0,9.0,0.0,52.7176281306
1983,2,17,19.5,0.5,0.0,10.0,0.0,52.605133974
1983,2,18,21.0,1.0,0.0,11.0,0.0,49.2351873476
1983,2,19,18.0,3.0,0.0,10.5,0.0,60.4310480486
1983,2,20,17.5,-2.0,0.0,7.75,0.0,49.6928155705
1983,2,21,20.0,-1.5,0.0,9.25,0.0,48.3876231079
1983,2,22,21.5,0.0,0.0,10.75,0.0,46.9262668347
1983,2,23,22.0,1.0,0.0,11.5,0.0,47.6403698349
1983,2,24,20.5,3.0,0.0,11.75,0.0,55.6515596718
1983,2,25,17.0,5.0,0.0,11.0,0.0,67.698382603
1983,2,26,17.0,-1.0,0.0,8.0,0.0,52.6205265456
1983,2,27,18.0,0.0,0.0,9.0,0.0,52.7176281306
1983,2,28,20.0,1.0,0.0,10.5,0.0,50.8893036199
1983,3,1,20.5,3.0,0.0,11.75,0.0,55.6515596718
1983,3,2,19.5,5.0,0.0,12.25,0.0,62.3621552684
1983,3,3,14.0,4.5,15.0,9.25,1.5,72.5814346618
1983,3,4,10.0,1.0,21.0,5.5,2.1,71.2803381364
1983,3,5,12.5,2.5,8.0,7.5,0.8,69.9775783222
1983,3,6,15.0,3.5,0.0,9.25,0.0,69.1251758684
1983,3,7,15.5,2.0,0.0,8.75,0.0,64.3292278828
1983,3,8,18.5,2.0,0.0,10.25,0.0,58.2067681539
1983,3,9,22.0,2.0,0.0,12.0,0.0,51.8653548135
1983,3,10,23.5,5.5,0.0,14.5,0.0,56.3410206871
1983,3,11,23.0,6.0,0.0,14.5,0.0,56.3410206871
1983,3,12,22.0,5.5,0.0,13.75,0.0,59.1354644566
1983,3,13,22.0,5.0,0.0,13.5,0.0,57.4877199356
1983,3,14,20.5,5.5,0.0,13.0,0.0,62.0842695606
1983,3,15,15.5,4.0,8.0,9.75,0.8,66.8587196909
1983,3,16,16.0,-3.0,0.0,6.5,0.0,49.9279223819
1983,3,17,19.0,-1.5,0.0,8.75,0.0,50.0338439088
1983,3,18,15.5,5.5,11.0,10.5,1.1,73.1533739536
1983,3,19,10.5,0.0,18.0,5.25,1.8,67.9823619496
1983,3,20,13.5,1.0,0.0,7.25,0.0,63.2638513225
1983,3,21,16.0,-0.5,0.0,7.75,0.0,57.3378641198
1983,3,22,13.0,1.0,9.0,7.0,0.9,64.3454720179
1983,3,23,14.5,0.5,0.0,7.5,0.0,62.2022918419
1983,3,24,17.5,1.0,0.0,9.25,0.0,55.3001406947
1983,3,25,14.5,-1.0,11.0,6.75,1.1,57.2666221275
1983,3,26,13.0,-0.5,2.0,6.25,0.2,63.4827094243
1983,3,27,16.5,-2.0,0.0,7.25,0.0,51.4018791996
1983,3,28,19.0,1.0,0.0,10.0,0.0,52.605133974
1983,3,29,19.5,2.0,0.0,10.75,0.0,56.3115202017
1983,3,30,23.5,2.5,0.0,13.0,0.0,48.5876892214
1983,3,31,24.0,4.0,0.0,14.0,0.0,50.59763245
1983,4,1,22.0,5.5,0.0,13.75,0.0,59.1354644566
1983,4,2,23.0,1.0,0.0,12.0,0.0,46.102537612
1983,4,3,20.5,7.0,0.0,13.75,0.0,64.2776787571
1983,4,4,15.5,1.5,0.0,8.5,0.0,61.78298693
1983,4,5,10.5,-3.0,0.0,3.75,0.0,60.3254293201
1983,4,6,9.0,-1.0,0.0,4.0,0.0,69.1689194769
1983,4,7,10.0,-0.5,0.0,4.75,0.0,70.3634224678
1983,4,8,13.5,-3.0,0.0,5.25,0.0,54.3858895597
1983,4,9,19.0,0.0,0.0,9.5,0.0,50.9861253841
1983,4,10,24.0,0.0,0.0,12.0,0.0,40.3397204105
1983,4,11,21.0,5.0,0.0,13.0,0.0,59.3849534928
1983,4,12,13.5,1.0,2.0,7.25,0.2,63.2638513225
1983,4,13,12.0,-2.0,3.0,5.0,0.3,59.9400323773
1983,4,14,16.0,-4.0,0.0,6.0,0.0,47.3556816025
1983,4,15,21.5,-1.0,0.0,10.25,0.0,45.2719307864
1983,4,16,24.0,0.5,0.0,12.25,0.0,42.5196513194
1983,4,17,27.0,4.0,0.0,15.5,0.0,43.6505217392
1983,4,18,24.5,5.0,0.0,14.75,0.0,50.6212372477
1983,4,19,24.5,3.5,0.0,14.0,0.0,48.0677508275
1983,4,20,21.0,4.0,0.0,12.5,0.0,55.774343087
1983,4,21,17.5,3.5,2.0,10.5,0.2,63.6116295249
1983,4,22,20.5,2.0,5.0,11.25,0.5,54.4843273167
1983,4,23,26.5,3.0,0.0,14.75,0.0,43.3896319266
1983,4,24,27.0,5.0,0.0,16.0,0.0,44.5048784537
1983,4,25,26.0,6.5,0.0,16.25,0.0,50.3725943476
1983,4,26,24.0,4.5,0.0,14.25,0.0,49.7877430282
1983,4,27,26.0,5.0,0.0,15.5,0.0,48.2453135012
1983,4,28,25.5,8.5,0.0,17.0,0.0,56.3856147422
1983,4,29,24.5,9.0,0.0,16.75,0.0,61.5287337733
1983,4,30,21.5,8.5,0.0,15.0,0.0,66.4202036274
1983,5,1,21.5,4.0,0.0,12.75,0.0,52.1286544245
1983,5,2,20.0,4.5,0.0,12.25,0.0,56.6928684258
1983,5,3,24.5,3.0,0.0,13.75,0.0,41.1377144046
1983,5,4,27.5,4.0,0.0,15.75,0.0,38.4370149821
1983,5,5,26.5,5.0,0.0,15.75,0.0,38.4370149821
1983,5,6,26.0,7.0,0.0,16.5,0.0,43.1119110256
1983,5,7,29.0,3.5,0.0,16.25,0.0,28.4714663704
1983,5,8,30.5,6.5,0.0,18.5,0.0,28.5030231793
1983,5,9,29.5,8.0,0.0,18.75,0.0,33.6727834282
1983,5,10,27.5,7.0,0.0,17.25,0.0,34.9453903987
1983,5,11,26.0,7.5,0.0,16.75,0.0,38.190248549
1983,5,12,26.0,4.0,0.0,15.0,0.0,30.8379516841
1983,5,13,24.5,6.0,0.0,15.25,0.0,39.6855035841
1983,5,14,24.0,5.0,0.0,14.5,0.0,36.7441439263
1983,5,15,26.5,6.0,0.0,16.25,0.0,35.0418047635
1983,5,16,27.5,6.5,0.0,17.0,0.0,33.413697625
1983,5,17,24.5,6.5,0.0,15.5,0.0,39.0557299772
1983,5,18,26.5,3.0,0.0,14.75,0.0,28.9264212844
1983,5,19,28.0,5.0,0.0,16.5,0.0,30.1783377179
1983,5,20,26.0,7.0,0.0,16.5,0.0,36.6451243718
1983,5,21,29.0,7.0,0.0,18.0,0.0,31.3719111025
1983,5,22,31.5,8.0,0.0,19.75,0.0,28.123534321
1983,5,23,34.0,9.5,0.0,21.75,0.0,27.9679090015
1983,5,24,36.0,11.0,0.0,23.5,0.0,26.5379107016
1983,5,25,35.0,13.5,0.0,24.25,0.0,32.0375496921
1983,5,26,34.5,14.0,0.0,24.25,0.0,34.7073454998
1983,5,27,35.0,13.5,0.0,24.25,0.0,32.0375496921
1983,5,28,36.0,14.0,0.0,25.0,0.0,31.9022980918
1983,5,29,34.5,13.0,0.0,23.75,0.0,31.6427990561
1983,5,30,34.0,13.5,4.0,23.75,0.4,42.6489900321
1983,5,31,32.5,12.5,0.0,22.5,0.0,35.6204786264
1983,6,1,30.5,15.0,0.0,22.75,0.0,48.2382875441
1983,6,2,28.5,11.5,0.0,20.0,0.0,39.8054428206
1983,6,3,30.0,8.5,0.0,19.25,0.0,23.5721079317
1983,6,4,31.0,8.0,0.0,19.5,0.0,17.8524045865
1983,6,5,31.5,7.0,0.0,19.25,0.0,16.319151645
1983,6,6,31.5,8.0,0.0,19.75,0.0,17.5772089506
1983,6,7,33.0,10.5,0.0,21.75,0.0,18.6452726677
1983,6,8,32.5,12.0,0.0,22.25,0.0,21.0978551564
1983,6,9,32.0,11.0,0.0,21.5,0.0,20.5109777078
1983,6,10,32.5,9.5,0.0,21.0,0.0,17.8970185069
1983,6,11,33.5,11.0,0.0,22.25,0.0,18.0838758484
1983,6,12,32.0,13.5,0.0,22.75,0.0,24.8500269167
1983,6,13,31.5,11.5,0.0,21.5,0.0,22.0887452238
1983,6,14,33.0,10.5,0.0,21.75,0.0,18.6452726677
1983,6,15,34.0,12.5,0.0,23.25,0.0,18.4345963185
1983,6,16,34.5,12.0,0.0,23.25,0.0,18.4345963185
1983,6,17,35.0,12.5,0.0,23.75,0.0,17.885060336
1983,6,18,36.0,12.5,0.0,24.25,0.0,17.3536727499
1983,6,19,36.0,11.5,0.0,23.75,0.0,16.509286464
1983,6,20,35.0,11.0,0.0,23.0,0.0,17.2766600486
1983,6,21,35.0,13.0,0.0,24.0,0.0,18.9723040844
1983,6,22,31.0,16.5,0.0,23.75,0.0,24.7639296961
1983,6,23,30.5,15.0,0.0,22.75,0.0,23.3882606275
1983,6,24,32.5,11.5,0.0,22.0,0.0,18.3621910573
1983,6,25,32.5,10.5,0.0,21.5,0.0,18.9332101918
1983,6,26,33.5,9.5,0.0,21.5,0.0,17.3554426758
1983,6,27,32.0,10.0,0.0,21.0,0.0,17.8970185069
1983,6,28,33.0,10.0,0.0,21.5,0.0,17.3554426758
1983,6,29,35.5,10.0,0.0,22.75,0.0,16.0794291814
1983,6,30,35.5,11.0,0.0,23.25,0.0,17.0165504478
1983,7,1,35.0,12.0,0.0,23.5,0.0,18.1575178485
1983,7,2,35.0,11.5,0.0,23.25,0.0,17.0165504478
1983,7,3,35.5,11.5,0.0,23.5,0.0,16.7607857063
1983,7,4,37.5,12.0,0.0,24.75,0.0,16.8397791108
1983,7,5,39.0,13.5,0.0,26.25,0.0,16.58126995
1983,7,6,36.5,17.5,0.0,27.0,0.0,21.5247244457
1983,7,7,34.5,19.0,0.0,26.75,0.0,24.1450334508
1983,7,8,33.5,18.0,4.0,25.75,0.4,24.4030497019
1983,7,9,33.0,16.5,5.0,24.75,0.5,23.3166172303
1983,7,10,34.5,17.0,0.0,25.75,0.0,21.9627447317
1983,7,11,35.0,17.5,5.0,26.25,0.5,22.503152075
1983,7,12,34.0,17.0,0.0,25.5,0.0,22.2928209459
1983,7,13,35.0,17.0,0.0,26.0,0.0,21.63809551
1983,7,14,36.0,16.5,0.0,26.25,0.0,21.31877565
1983,7,15,35.0,17.0,0.0,26.0,0.0,21.63809551
1983,7,16,35.5,18.0,0.0,26.75,0.0,22.9952699531
1983,7,17,36.0,17.5,0.0,26.75,0.0,21.8455064555
1983,7,18,37.0,17.5,0.0,27.25,0.0,21.2091753074
1983,7,19,36.0,18.5,0.0,27.25,0.0,22.325447692
1983,7,20,34.0,19.0,0.0,26.5,0.0,24.5054709923
1983,7,21,31.5,17.0,10.0,24.25,1.0,24.0281622691
1983,7,22,31.0,18.0,11.0,24.5,1.1,26.2993524327
1983,7,23,32.0,17.5,7.0,24.75,0.7,24.6119848542
1983,7,24,33.5,17.0,2.0,25.25,0.2,22.6284237254
1983,7,25,33.5,17.0,0.0,25.25,0.0,22.6284237254
1983,7,26,33.5,17.5,0.0,25.5,0.0,23.5313109985
1983,7,27,32.0,15.5,10.0,23.75,1.0,23.3881558241
1983,7,28,32.0,17.5,0.0,24.75,0.0,24.6119848542
1983,7,29,33.0,18.0,2.0,25.5,0.2,24.769801051
1983,7,30,33.5,17.5,10.0,25.5,1.0,32.2007413663
1983,7,31,34.0,17.0,5.0,25.5,0.5,34.6777214714
1983,8,1,34.0,18.0,6.0,26.0,0.6,39.6698417684
1983,8,2,34.5,18.0,8.0,26.25,0.8,40.26879845
1983,8,3,35.0,19.0,0.0,27.0,0.0,35.1192872536
1983,8,4,32.5,18.0,0.0,25.25,0.0,38.9711741937
1983,8,5,34.5,17.5,0.0,26.0,0.0,32.457143265
1983,8,6,33.5,18.5,0.0,26.0,0.0,37.2656089339
1983,8,7,34.5,17.5,0.0,26.0,0.0,32.457143265
1983,8,8,33.0,17.5,5.0,25.25,0.5,46.5139821021
1983,8,9,32.0,17.5,7.0,24.75,0.7,50.5193373323
1983,8,10,29.5,17.0,5.0,23.25,0.5,59.5579265675
1983,8,11,30.0,17.0,10.0,23.5,1.0,58.662749972
1983,8,12,32.5,16.0,0.0,24.25,0.0,42.7167329228
1983,8,13,34.5,18.0,0.0,26.25,0.0,42.6375513
1983,8,14,34.5,19.5,0.0,27.0,0.0,47.5809698274
1983,8,15,32.5,17.0,3.0,24.75,0.3,54.405440204
1983,8,16,30.0,16.5,16.0,23.25,1.6,60.9759724381
1983,8,17,26.0,16.5,5.0,21.25,0.5,75.3022052826
1983,8,18,28.5,13.5,0.0,21.0,0.0,52.0640538382
1983,8,19,30.0,14.5,0.0,22.25,0.0,51.2376482371
1983,8,20,31.0,12.5,0.0,21.75,0.0,43.5056362246
1983,8,21,31.5,12.0,0.0,21.75,0.0,41.9518635023
1983,8,22,32.5,12.0,0.0,22.25,0.0,39.1817310048
1983,8,23,32.5,14.5,0.0,23.5,0.0,44.6954285501
1983,8,24,32.5,17.0,0.0,24.75,0.0,51.8147049562
1983,8,25,33.0,15.0,0.0,24.0,0.0,46.0755956336
1983,8,26,34.0,17.0,0.0,25.5,0.0,48.3011120495
1983,8,27,34.0,17.0,0.0,25.5,0.0,48.3011120495
1983,8,28,34.0,18.5,3.0,26.25,0.3,60.403197675
1983,8,29,33.0,16.5,8.0,24.75,0.8,56.9961754519
1983,8,30,34.0,16.5,0.0,25.25,0.0,49.0282514049
1983,8,31,34.5,16.5,0.0,25.5,0.0,48.3011120495
1983,9,1,36.0,17.0,0.0,26.5,0.0,46.6770876045
1983,9,2,36.5,17.0,0.0,26.75,0.0,44.8407764086
1983,9,3,37.5,17.5,0.0,27.5,0.0,45.0973363153
1983,9,4,36.0,18.5,0.0,27.25,0.0,50.2322573071
1983,9,5,33.5,17.0,0.0,25.25,0.0,52.7996553592
1983,9,6,32.0,17.0,4.0,24.5,0.4,63.1184458385
1983,9,7,31.0,17.5,1.0,24.25,0.1,62.7402014804
1983,9,8,33.5,16.5,0.0,25.0,0.0,52.3197688706
1983,9,9,35.0,17.0,0.0,26.0,0.0,50.4888895234
1983,9,10,33.5,18.0,0.0,25.75,0.0,57.3471667995
1983,9,11,33.5,17.5,3.0,25.5,0.3,61.9245026276
1983,9,12,33.5,16.5,0.0,25.0,0.0,53.5958607943
1983,9,13,32.0,17.0,0.0,24.5,0.0,60.4885105953
1983,9,14,32.0,17.5,0.0,24.75,0.0,62.1776459475
1983,9,15,32.5,16.5,0.0,24.5,0.0,57.858575352
1983,9,16,28.0,16.5,9.0,22.25,0.9,70.8285137395
1983,9,17,30.0,16.0,0.0,23.0,0.0,64.7874751821
1983,9,18,31.0,15.5,8.0,23.25,0.8,62.3940183088
1983,9,19,31.0,15.5,0.0,23.25,0.0,60.9759724381
1983,9,20,30.0,16.0,3.0,23.0,0.3,64.7874751821
1983,9,21,29.5,15.0,0.0,22.25,0.0,64.8005551234
1983,9,22,30.5,14.0,0.0,22.25,0.0,58.7725965072
1983,9,23,30.0,14.0,3.0,22.0,0.3,61.2073035244
1983,9,24,27.5,15.0,16.0,21.25,1.6,68.8935069606
1983,9,25,29.0,14.0,0.0,21.5,0.0,63.1107006393
1983,9,26,31.0,14.5,0.0,22.75,0.0,59.9324178578
1983,9,27,28.5,14.5,12.0,21.5,1.2,64.6884681553
1983,9,28,24.0,13.5,14.0,18.75,1.4,72.9576974277
1983,9,29,21.0,12.5,26.0,16.75,2.6,76.3804970979
1983,9,30,19.5,13.5,38.0,16.5,3.8,84.0682264999
1983,10,1,20.5,12.0,49.0,16.25,4.9,76.6539479203
1983,10,2,18.0,12.5,67.0,15.25,6.7,84.0398899429
1983,10,3,19.5,11.5,10.0,15.5,1.0,78.1114599544
1983,10,4,20.0,11.0,0.0,15.5,0.0,75.8140640734
1983,10,5,25.0,11.0,0.0,18.0,0.0,64.7045666489
1983,10,6,26.5,10.5,0.0,18.5,0.0,60.8064494492
1983,10,7,27.0,10.5,0.0,18.75,0.0,59.8627260945
1983,10,8,25.0,12.0,0.0,18.5,0.0,66.5070540851
1983,10,9,27.0,11.0,0.0,19.0,0.0,60.776953808
1983,10,10,28.5,10.5,0.0,19.5,0.0,57.1276946769
1983,10,11,26.5,10.0,0.0,18.25,0.0,59.8364993423
1983,10,12,26.0,7.5,0.0,16.75,0.0,55.1636923485
1983,10,13,26.5,6.5,0.0,16.5,0.0,51.7342932307
1983,10,14,25.0,9.0,0.0,17.0,0.0,60.5623269453
1983,10,15,23.5,7.5,0.0,15.5,0.0,59.7322929063
1983,10,16,26.0,9.0,0.0,17.5,0.0,58.6796083167
1983,10,17,24.5,9.5,0.0,17.0,0.0,62.6506830469
1983,10,18,25.0,8.0,0.0,16.5,0.0,58.2010798845
1983,10,19,23.5,9.0,11.0,16.25,1.1,63.5132711339
1983,10,20,22.5,9.0,0.0,15.75,0.0,65.5690255576
1983,10,21,22.5,8.0,0.0,15.25,0.0,63.0299174572
1983,10,22,24.5,8.0,0.0,16.25,0.0,59.1330455385
1983,10,23,25.5,9.0,0.0,17.25,0.0,59.6127247978
1983,10,24,25.0,8.0,0.0,16.5,0.0,58.2010798845
1983,10,25,20.0,9.5,6.0,14.75,0.6,72.316053211
1983,10,26,17.0,10.5,0.0,13.75,0.0,82.2754288092
1983,10,27,19.5,10.5,0.0,15.0,0.0,75.9088041456
1983,10,28,21.5,7.5,7.0,14.5,0.7,63.6898494723
1983,10,29,22.5,7.0,0.0,14.75,0.0,60.2633776758
1983,10,30,24.5,8.0,0.0,16.25,0.0,59.1330455385
1983,10,31,24.5,9.0,0.0,16.75,0.0,61.5287337733
1983,11,1,24.5,8.0,0.0,16.25,0.0,59.1330455385
1983,11,2,23.0,8.0,0.0,15.5,0.0,62.0296887873
1983,11,3,20.5,8.5,0.0,14.5,0.0,68.5890686625
1983,11,4,20.5,8.5,27.0,14.5,2.7,68.5890686625
1983,11,5,20.0,7.5,0.0,13.75,0.0,66.8487859074
1983,11,6,21.5,6.5,0.0,14.0,0.0,60.71715894
1983,11,7,23.0,6.0,0.0,14.5,0.0,56.3410206871
1983,11,8,21.0,8.0,0.0,14.5,0.0,66.1394590674
1983,11,9,20.0,5.0,0.0,12.5,0.0,61.3517773957
1983,11,10,20.5,3.0,0.0,11.75,0.0,55.6515596718
1983,11,11,22.5,4.0,0.0,13.25,0.0,53.1161892315
1983,11,12,22.5,4.0,0.0,13.25,0.0,53.1161892315
1983,11,13,21.5,6.0,0.0,13.75,0.0,59.1354644566
1983,11,14,19.5,6.5,0.0,13.0,0.0,64.7835856285
1983,11,15,20.5,2.0,0.0,11.25,0.0,54.4843273167
1983,11,16,22.5,2.0,0.0,12.25,0.0,51.0235815832
1983,11,17,22.0,2.5,0.0,12.25,0.0,51.0235815832
1983,11,18,18.0,6.5,0.0,12.25,0.0,68.031442111
1983,11,19,15.0,-1.5,0.0,6.75,0.0,57.2666221275
1983,11,20,18.0,-1.5,0.0,8.25,0.0,51.7422261929
1983,11,21,15.0,1.5,15.0,8.25,1.5,62.8298460914
1983,11,22,7.5,-3.0,10.0,2.25,1.0,66.9892667433
1983,11,23,8.5,-4.5,0.0,2.0,0.0,62.4955449883
1983,11,24,13.0,-4.0,0.0,4.5,0.0,52.4981425779
1983,11,25,13.5,-0.5,7.0,6.5,0.7,62.4099029773
1983,11,26,8.0,-2.0,6.0,3.0,0.6,68.8577934793
1983,11,27,9.5,-4.5,0.0,2.5,0.0,60.3390014323
1983,11,28,12.0,-5.5,0.0,3.25,0.0,52.051414397
1983,11,29,14.0,-4.5,0.0,4.75,0.0,51.5998431431
1983,11,30,15.0,-3.0,0.0,6.0,0.0,51.6607435663
1983,12,1,13.0,2.0,0.0,7.5,0.0,69.9775783222
1983,12,2,11.0,6.5,18.0,8.75,1.8,85.7723038437
1983,12,3,14.0,3.0,6.0,8.5,0.6,69.0515736276
1983,12,4,12.5,2.5,6.0,7.5,0.6,69.9775783222
1983,12,5,11.0,-3.0,0.0,4.0,0.0,59.2876452659
1983,12,6,13.0,-4.5,0.0,4.25,0.0,53.4137429787
1983,12,7,17.5,-3.5,0.0,7.0,0.0,48.2591040134
1983,12,8,17.5,-1.5,0.0,8.0,0.0,52.6205265456
1983,12,9,19.0,0.0,0.0,9.5,0.0,50.9861253841
1983,12,10,17.5,1.0,0.0,9.25,0.0,55.3001406947
1983,12,11,19.5,-1.0,0.0,9.25,0.0,48.3876231079
1983,12,12,15.5,1.0,0.0,8.25,0.0,59.1339727919
1983,12,13,13.5,-3.0,0.0,5.25,0.0,54.3858895597
1983,12,14,14.0,-1.0,0.0,6.5,0.0,58.2492427789
1983,12,15,17.0,-0.5,0.0,8.25,0.0,55.4380994924
1983,12,16,17.5,0.0,0.0,8.75,0.0,53.6076899023
1983,12,17,19.0,0.0,0.0,9.5,0.0,50.9861253841
1983,12,18,16.5,-1.0,0.0,7.75,0.0,53.5153398451
1983,12,19,16.0,-1.5,0.0,7.25,0.0,55.3558699072
1983,12,20,16.5,0.5,0.0,8.5,0.0,58.1486935812
1983,12,21,14.5,2.0,0.0,8.25,0.0,66.5257193909
1983,12,22,16.5,1.5,0.0,9.0,0.0,59.7466452147
1983,12,23,18.5,1.5,0.0,10.0,0.0,55.8929548474
1983,12,24,19.0,1.0,0.0,10.0,0.0,52.605133974
1983,12,25,15.5,0.5,0.0,8.0,0.0,60.1377446235
1983,12,26,12.5,3.5,18.0,8.0,1.8,75.1721807794
1983,12,27,14.0,5.0,3.0,9.5,0.3,74.7796505633
1983,12,28,12.5,3.0,2.0,7.75,0.2,72.6279612184
1983,12,29,10.0,-3.5,0.0,3.25,0.0,62.4616972764
1983,12,30,12.5,-2.0,0.0,5.25,0.0,58.918047023
1983,12,31,15.5,-3.0,0.0,6.25,0.0,50.7861675394
1984,1,1,15.5,0.0,0.0,7.75,0.0,57.3378641198
1984,1,2,12.5,2.5,10.0,7.5,1.0,69.9775783222
1984,1,3,10.5,1.5,5.0,6.0,0.5,73.1860533856
1984,1,4,15.0,1.0,0.0,8.0,0.0,60.1377446235
1984,1,5,13.5,5.0,6.0,9.25,0.6,76.0376934552
1984,1,6,16.0,3.0,7.0,9.5,0.7,64.5824254865
1984,1,7,15.0,4.5,0.0,9.75,0.0,70.2016556754
1984,1,8,16.0,3.5,0.0,9.75,0.0,66.8587196909
1984,1,9,16.5,1.5,0.0,9.0,0.0,59.7466452147
1984,1,10,14.0,1.5,0.0,7.75,0.0,64.9829126691
1984,1,11,14.0,-3.0,0.0,5.5,0.0,53.4602536023
1984,1,12,12.5,-3.5,0.0,4.5,0.0,57.270700994
1984,1,13,12.5,0.0,0.0,6.25,0.0,63.4827094243
1984,1,14,13.0,2.5,3.0,7.75,0.3,68.8054369437
1984,1,15,14.0,-2.0,0.0,6.0,0.0,55.9658055302
1984,1,16,14.5,-2.5,0.0,6.0,0.0,55.9658055302
1984,1,17,13.0,1.0,0.0,7.0,0.0,64.3454720179
1984,1,18,12.0,-5.5,0.0,3.25,0.0,52.051414397
1984,1,19,14.0,-4.0,0.0,5.0,0.0,50.7184889346
1984,1,20,13.5,-5.5,0.0,4.0,0.0,49.4063710549
1984,1,21,13.0,-5.5,0.0,3.75,0.0,50.2711911001
1984,1,22,13.5,-4.5,0.0,4.5,0.0,52.4981425779
1984,1,23,12.5,-5.5,0.0,3.5,0.0,51.1527542621
1984,1,24,13.5,-4.5,0.0,4.5,0.0,52.4981425779
1984,1,25,16.5,-3.0,0.0,6.75,0.0,49.0856761093
1984,1,26,17.0,-3.5,0.0,6.75,0.0,49.0856761093
1984,1,27,16.5,-1.5,0.0,7.5,0.0,54.4270053617
1984,1,28,19.0,-2.5,0.0,8.25,0.0,48.0463528934
1984,1,29,20.0,-2.5,0.0,8.75,0.0,46.4599979153
1984,1,30,17.5,1.0,0.0,9.25,0.0,55.3001406947
1984,1,31,17.5,0.5,0.0,9.0,0.0,56.2321366726
1984,2,1,17.5,-1.5,0.0,8.0,0.0,52.6205265456
1984,2,2,18.0,0.0,0.0,9.0,0.0,52.7176281306
1984,2,3,20.0,0.0,0.0,10.0,0.0,49.3173131006
1984,2,4,20.0,-0.5,0.0,9.75,0.0,50.1440397682
1984,2,5,18.5,0.5,0.0,9.5,0.0,54.3852004097
1984,2,6,18.5,0.0,0.0,9.25,0.0,51.8438819013
1984,2,7,19.5,-1.0,0.0,9.25,0.0,48.3876231079
1984,2,8,18.0,-2.5,0.0,7.75,0.0,49.6928155705
1984,2,9,19.0,-3.0,0.0,8.0,0.0,45.1033084676
1984,2,10,19.0,-0.5,0.0,9.25,0.0,51.8438819013
1984,2,11,16.0,-2.5,0.0,6.75,0.0,53.1761491184
1984,2,12,15.5,-5.0,0.0,5.25,0.0,49.8537320964
1984,2,13,18.5,-4.0,0.0,7.25,0.0,43.4938977843
1984,2,14,17.5,-0.5,0.0,8.5,0.0,54.5144002323
1984,2,15,17.5,-4.0,0.0,6.75,0.0,44.9952031002
1984,2,16,20.0,-2.0,0.0,9.0,0.0,45.6886110465
1984,2,17,17.0,0.5,0.0,8.75,0.0,57.1815358958
1984,2,18,13.5,-7.0,0.0,3.25,0.0,46.8462729573
1984,2,19,13.5,-3.0,0.0,5.25,0.0,54.3858895597
1984,2,20,11.5,-3.5,0.0,4.0,0.0,59.2876452659
1984,2,21,16.0,-5.5,0.0,5.25,0.0,45.321574633
1984,2,22,17.5,-2.5,0.0,7.5,0.0,50.5393621216
1984,2,23,16.5,-3.5,0.0,6.5,0.0,49.9279223819
1984,2,24,18.5,-4.5,0.0,7.0,0.0,44.2375120123
1984,2,25,17.0,-2.0,0.0,7.5,0.0,50.5393621216
1984,2,26,12.5,-4.5,0.0,4.0,0.0,54.3470081604
1984,2,27,15.5,-5.0,0.0,5.25,0.0,49.8537320964
1984,2,28,18.5,-2.5,0.0,8.0,0.0,48.8619175066
1984,2,29,21.0,-0.5,0.0,10.25,0.0,45.2719307864
1984,3,1,22.0,0.0,0.0,11.0,0.0,46.1579881384
1984,3,2,22.0,0.5,0.0,11.25,0.0,45.4036060973
1984,3,3,21.5,-0.5,0.0,10.5,0.0,44.5281406674
1984,3,4,19.0,-0.5,0.0,9.25,0.0,51.8438819013
1984,3,5,15.0,-3.0,0.0,6.0,0.0,51.6607435663
1984,3,6,14.5,-5.0,0.0,4.75,0.0,46.9089483119
1984,3,7,19.0,-4.5,0.0,7.25,0.0,39.5399070766
1984,3,8,21.5,-2.5,0.0,9.5,0.0,40.7889003072
1984,3,9,21.5,-0.5,0.0,10.5,0.0,41.3475591912
1984,3,10,22.0,-1.0,0.0,10.5,0.0,41.3475591912
1984,3,11,21.5,3.0,0.0,12.25,0.0,51.0235815832
1984,3,12,22.5,2.0,0.0,12.25,0.0,42.5196513194
1984,3,13,24.5,3.5,0.0,14.0,0.0,40.47810596
1984,3,14,24.0,5.5,0.0,14.75,0.0,40.9790968196
1984,3,15,23.5,4.0,0.0,13.75,0.0,38.5666072543
1984,3,16,23.5,5.0,0.0,14.25,0.0,37.3408072712
1984,3,17,24.5,1.5,0.0,13.0,0.0,29.6924767464
1984,3,18,21.5,1.5,0.0,11.5,0.0,35.7302773762
1984,3,19,21.5,-1.0,0.0,10.25,0.0,29.103384077
1984,3,20,25.5,0.5,0.0,13.0,0.0,24.2938446107
1984,3,21,25.0,3.5,0.0,14.25,0.0,27.3832586655
1984,3,22,22.0,5.5,0.0,13.75,0.0,38.5666072543
1984,3,23,18.5,-2.0,0.0,8.25,0.0,29.566986396
1984,3,24,22.0,-2.0,0.0,10.0,0.0,23.0147461136
1984,3,25,22.0,1.0,0.0,11.5,0.0,29.7752311468
1984,3,26,22.0,5.0,0.0,13.5,0.0,36.5830945045
1984,3,27,20.0,8.5,0.0,14.25,0.0,54.766517331
1984,3,28,18.5,-0.5,0.0,9.0,0.0,24.6015597943
1984,3,29,22.5,-0.5,0.0,11.0,0.0,15.3859960461
1984,3,30,20.0,6.5,0.0,13.25,0.0,23.9022851542
1984,3,31,21.5,-1.5,0.0,10.0,0.0,16.4391043669
1984,4,1,19.5,4.0,0.0,11.75,0.0,20.5032061949
1984,4,2,15.5,-1.0,0.0,7.25,0.0,19.7699535383
1984,4,3,20.0,-1.5,0.0,9.25,0.0,17.2812939671
1984,4,4,24.0,0.0,0.0,12.0,0.0,14.4070430038
1984,4,5,25.0,3.0,0.0,14.0,0.0,17.7091713575
1984,4,6,22.5,7.0,0.0,14.75,0.0,21.6948159633
1984,4,7,16.5,5.0,18.0,10.75,1.8,25.0273423119
1984,4,8,21.0,1.5,0.0,11.25,0.0,18.1614424389
1984,4,9,21.0,4.5,0.0,12.75,0.0,21.9489071261
1984,4,10,23.5,1.5,0.0,12.5,0.0,16.7323029261
1984,4,11,25.5,5.0,0.0,15.25,0.0,18.6755310984
1984,4,12,26.5,4.5,0.0,15.5,0.0,18.3791670481
1984,4,13,27.5,5.0,0.0,16.25,0.0,17.5209023818
1984,4,14,28.0,6.0,0.0,17.0,0.0,16.7068488125
1984,4,15,28.0,6.0,0.0,17.0,0.0,16.7068488125
1984,4,16,29.5,6.5,0.0,18.0,0.0,17.6466999951
1984,4,17,29.5,7.5,0.0,18.5,0.0,17.1018139076
1984,4,18,27.5,9.5,0.0,18.5,0.0,20.9022169982
1984,4,19,24.5,7.5,0.0,16.0,0.0,20.0271953041
1984,4,20,21.0,5.5,0.0,13.25,0.0,21.2464756926
1984,4,21,20.5,0.5,0.0,10.5,0.0,19.0834888575
1984,4,22,23.5,1.0,0.0,12.25,0.0,17.0078605277
1984,4,23,27.5,3.5,0.0,15.5,0.0,16.0817711671
1984,4,24,26.5,6.0,0.0,16.25,0.0,17.5209023818
1984,4,25,24.5,9.5,0.0,17.0,0.0,22.9719171172
1984,4,26,20.5,1.5,4.0,11.0,0.4,18.4631952554
1984,4,27,17.5,2.5,2.0,10.0,0.2,19.7269252403
1984,4,28,16.0,1.0,0.0,8.5,0.0,21.8057600929
1984,4,29,18.0,0.0,3.0,9.0,0.3,17.5725427102
1984,4,30,23.5,-0.5,0.0,11.5,0.0,14.8876155734
1984,5,1,24.0,3.5,0.0,13.75,0.0,17.997750052
1984,5,2,24.5,5.0,0.0,14.75,0.0,19.2842808563
1984,5,3,28.0,5.5,0.0,16.75,0.0,16.9734437995
1984,5,4,29.5,9.5,0.0,19.5,0.0,19.6376450452
1984,5,5,29.5,10.0,0.0,19.75,0.0,19.3349298457
1984,5,6,29.0,10.5,0.0,19.75,0.0,21.0926507407
1984,5,7,29.5,8.5,0.0,19.0,0.0,18.4172587297
1984,5,8,30.0,9.0,0.0,19.5,0.0,17.8524045865
1984,5,9,33.5,11.0,0.0,22.25,0.0,18.0838758484
1984,5,10,33.0,11.0,0.0,22.0,0.0,18.3621910573
1984,5,11,33.0,10.5,0.0,21.75,0.0,18.6452726677
1984,5,12,31.0,13.5,0.0,22.25,0.0,21.0978551564
1984,5,13,33.5,12.0,0.0,22.75,0.0,19.0029617598
1984,5,14,33.5,12.5,0.0,23.0,0.0,18.7163817193
1984,5,15,30.0,15.0,0.0,22.5,0.0,23.7469857509
1984,5,16,28.0,12.0,0.0,20.0,0.0,22.4987285508
1984,5,17,29.5,10.0,0.0,19.75,0.0,19.3349298457
1984,5,18,30.0,10.5,0.0,20.25,0.0,20.4489993773
1984,5,19,31.5,9.5,0.0,20.5,0.0,18.457426487
1984,5,20,32.5,10.0,0.0,21.25,0.0,17.6239203853
1984,5,21,32.5,11.0,0.0,21.75,0.0,18.6452726677
1984,5,22,34.0,10.5,0.0,22.25,0.0,18.0838758484
1984,5,23,37.0,11.0,0.0,24.0,0.0,16.2619749295
1984,5,24,37.0,13.5,0.0,25.25,0.0,17.5998851197
1984,5,25,35.0,13.0,0.0,24.0,0.0,18.9723040844
1984,5,26,35.5,12.0,0.0,23.75,0.0,17.885060336
1984,5,27,36.0,12.5,0.0,24.25,0.0,17.3536727499
1984,5,28,36.0,13.0,0.0,24.5,0.0,18.4095467029
1984,5,29,34.5,17.5,0.0,26.0,0.0,22.8402119272
1984,5,30,35.0,16.0,0.0,25.5,0.0,21.0543308934
1984,5,31,34.0,17.5,0.0,25.75,0.0,23.1828972168
1984,6,1,33.5,15.5,0.0,24.5,0.0,21.0394819462
1984,6,2,33.0,15.0,0.0,24.0,0.0,21.6826332393
1984,6,3,31.0,13.5,0.0,22.25,0.0,21.0978551564
1984,6,4,29.5,12.0,2.0,20.75,0.2,21.4793377142
1984,6,5,27.5,14.5,0.0,21.0,0.0,24.4050252367
1984,6,6,28.0,12.0,0.0,20.0,0.0,22.4987285508
1984,6,7,31.0,13.5,0.0,22.25,0.0,21.0978551564
1984,6,8,31.0,13.0,0.0,22.0,0.0,21.4225562335
1984,6,9,32.5,12.5,0.0,22.5,0.0,19.2944259226
1984,6,10,33.5,12.5,0.0,23.0,0.0,18.7163817193
1984,6,11,33.0,14.0,0.0,23.5,0.0,20.9509821329
1984,6,12,33.5,12.5,0.0,23.0,0.0,18.7163817193
1984,6,13,35.0,12.0,0.0,23.5,0.0,18.1575178485
1984,6,14,34.5,13.5,0.0,24.0,0.0,18.9723040844
1984,6,15,34.0,15.5,0.0,24.75,0.0,20.7258819825
1984,6,16,32.5,14.0,0.0,23.25,0.0,21.2706880598
1984,6,17,33.5,12.0,0.0,22.75,0.0,19.0029617598
1984,6,18,34.0,14.5,0.0,24.25,0.0,20.0234685576
1984,6,19,33.5,17.0,0.0,25.25,0.0,22.6284237254
1984,6,20,34.0,15.0,0.0,24.5,0.0,21.0394819462
1984,6,21,35.0,12.0,0.0,23.5,0.0,18.1575178485
1984,6,22,35.5,15.0,0.0,25.25,0.0,20.1141544225
1984,6,23,35.5,16.5,0.0,26.0,0.0,21.63809551
1984,6,24,33.0,19.5,0.0,26.25,0.0,26.05628135
1984,6,25,31.0,17.5,4.0,24.25,0.4,25.3630601729
1984,6,26,32.0,16.5,0.0,24.25,0.0,24.0281622691
1984,6,27,32.0,18.0,0.0,25.0,0.0,25.5218384735
1984,6,28,33.5,18.5,0.0,26.0,0.0,24.0423283445
1984,6,29,33.5,16.5,0.0,25.0,0.0,22.9696546261
1984,6,30,33.0,16.5,0.0,24.75,0.0,23.3166172303
1984,7,1,33.5,18.5,6.0,26.0,0.6,24.0423283445
1984,7,2,34.0,17.0,17.0,25.5,1.7,22.2928209459
1984,7,3,35.0,18.0,0.0,26.5,0.0,23.3385438022
1984,7,4,34.5,17.5,13.0,26.0,1.3,26.4465611789
1984,7,5,35.5,17.5,0.0,26.5,0.0,22.1716166121
1984,7,6,36.0,19.0,0.0,27.5,0.0,23.0986356737
1984,7,7,34.5,17.0,0.0,25.75,0.0,21.9627447317
1984,7,8,34.0,17.5,0.0,25.75,0.0,23.1828972168
1984,7,9,34.0,17.0,0.0,25.5,0.0,22.2928209459
1984,7,10,35.0,19.0,7.0,27.0,0.7,24.9233651477
1984,7,11,34.0,17.5,0.0,25.75,0.0,23.1828972168
1984,7,12,33.5,17.0,12.0,25.25,1.2,28.9140969824
1984,7,13,33.0,18.0,5.0,25.5,0.5,38.3931916291
1984,7,14,32.0,17.5,8.0,24.75,0.8,42.7471315889
1984,7,15,32.5,17.5,5.0,25.0,0.5,44.6632173286
1984,7,16,33.0,18.0,22.0,25.5,2.2,45.8241319444
1984,7,17,33.0,16.0,32.0,24.5,3.2,47.3388343789
1984,7,18,32.0,16.0,13.0,24.0,1.3,56.9169122532
1984,7,19,31.5,17.0,8.0,24.25,0.8,62.7402014804
1984,7,20,31.5,15.5,0.0,23.5,0.0,51.6790892611
1984,7,21,31.0,16.0,7.0,23.5,0.7,61.4562142564
1984,7,22,30.5,16.0,7.0,23.25,0.7,63.8120641794
1984,7,23,29.5,14.5,0.0,22.0,0.0,56.6167557601
1984,7,24,32.5,16.0,0.0,24.25,0.0,53.3959161535
1984,7,25,32.5,18.0,0.0,25.25,0.0,59.0853286162
1984,7,26,30.0,16.5,0.0,23.25,0.0,60.9759724381
1984,7,27,29.5,17.0,0.0,23.25,0.0,65.2301100501
1984,7,28,30.5,16.5,2.0,23.5,0.2,60.0594821142
1984,7,29,31.0,16.5,9.0,23.75,0.9,64.6613719842
1984,7,30,31.0,16.5,0.0,23.75,0.0,59.1582764962
1984,7,31,33.5,16.5,0.0,25.0,0.0,52.3197688706
1984,8,1,33.0,17.5,0.0,25.25,0.0,56.5710593134
1984,8,2,32.5,17.5,0.0,25.0,0.0,57.4241365653
1984,8,3,33.5,17.0,0.0,25.25,0.0,54.0567900106
1984,8,4,33.5,18.0,0.0,25.75,0.0,56.1270143144
1984,8,5,31.0,18.0,0.0,24.5,0.0,64.4334134602
1984,8,6,32.5,17.0,0.0,24.75,0.0,56.9961754519
1984,8,7,33.5,18.0,0.0,25.75,0.0,57.3471667995
1984,8,8,32.0,17.0,7.0,24.5,0.7,63.1184458385
1984,8,9,29.5,18.0,4.0,23.75,0.4,71.5402413442
1984,8,10,26.0,17.5,15.0,21.75,1.5,77.6886361153
1984,8,11,27.5,17.5,6.0,22.5,0.6,74.2093304717
1984,8,12,29.0,18.0,1.0,23.5,0.1,72.6300713939
1984,8,13,30.5,17.0,3.0,23.75,0.3,66.0371458562
1984,8,14,29.0,16.5,15.0,22.75,1.5,68.7030155931
1984,8,15,30.5,16.5,2.0,23.5,0.2,65.646410683
1984,8,16,30.0,16.5,1.0,23.25,0.1,66.6481559207
1984,8,17,30.0,15.0,4.0,22.5,0.4,63.8200242056
1984,8,18,28.5,15.5,6.0,22.0,0.6,67.3280338768
1984,8,19,28.5,15.5,0.0,22.0,0.0,67.3280338768
1984,8,20,29.5,15.0,0.0,22.25,0.0,64.8005551234
1984,8,21,31.0,15.0,0.0,23.0,0.0,61.9080318407
1984,8,22,31.5,16.0,5.0,23.75,0.5,61.9098242402
1984,8,23,31.5,17.0,5.0,24.25,0.5,64.0750993842
1984,8,24,30.5,15.5,0.0,23.0,0.0,63.3477535114
1984,8,25,30.5,16.0,0.0,23.25,0.0,63.8120641794
1984,8,26,30.5,16.0,4.0,23.25,0.4,63.8120641794
1984,8,27,31.0,17.5,3.0,24.25,0.3,66.7448951919
1984,8,28,32.0,16.0,0.0,24.0,0.0,60.9824059856
1984,8,29,34.5,17.0,0.0,25.75,0.0,58.5673192846
1984,8,30,35.5,17.5,0.0,26.5,0.0,58.3463595056
1984,8,31,34.0,17.0,0.0,25.5,0.0,59.4475225225
1984,9,1,31.5,16.5,0.0,24.0,0.0,63.6927351405
1984,9,2,31.0,16.0,0.0,23.5,0.0,62.8529463986
1984,9,3,31.5,16.5,0.0,24.0,0.0,63.6927351405
1984,9,4,31.0,17.0,0.0,24.0,0.0,65.047899718
1984,9,5,30.5,13.0,0.0,21.75,0.0,57.4895907253
1984,9,6,31.0,12.0,0.0,21.5,0.0,55.2218630594
1984,9,7,31.5,12.5,0.0,22.0,0.0,55.0865731719
1984,9,8,32.5,13.0,0.0,22.75,0.0,54.085352701
1984,9,9,32.5,15.0,0.0,23.75,0.0,59.1582764962
1984,9,10,32.5,15.5,0.0,24.0,0.0,59.6272414081
1984,9,11,29.0,15.5,21.0,22.25,2.1,66.3075447774
1984,9,12,30.0,15.0,5.0,22.5,0.5,63.8200242056
1984,9,13,32.5,16.0,0.0,24.25,0.0,60.0704056727
1984,9,14,34.0,15.5,0.0,24.75,0.0,56.9961754519
1984,9,15,31.5,16.0,0.0,23.75,0.0,61.9098242402
1984,9,16,30.5,15.5,0.0,23.0,0.0,63.3477535114
1984,9,17,31.0,15.0,0.0,23.0,0.0,61.9080318407
1984,9,18,31.5,13.5,0.0,22.5,0.0,57.8832777679
1984,9,19,31.5,13.0,0.0,22.25,0.0,55.7586171992
1984,9,20,32.0,12.0,0.0,22.0,0.0,53.5563905838
1984,9,21,31.0,13.0,0.0,22.0,0.0,56.6167557601
1984,9,22,29.5,13.0,0.0,21.25,0.0,59.2804594778
1984,9,23,30.0,11.5,0.0,20.75,0.0,56.1767294063
1984,9,24,29.5,12.0,0.0,20.75,0.0,57.8289861536
1984,9,25,27.5,15.5,2.0,21.5,0.2,69.4217707033
1984,9,26,24.5,14.0,18.0,19.25,1.8,72.5295628669
1984,9,27,25.0,12.5,1.0,18.75,0.1,67.3455668563
1984,9,28,28.0,11.0,0.0,19.5,0.0,58.9129351355
1984,9,29,27.5,11.0,0.0,19.25,0.0,59.8368893652
1984,9,30,27.5,11.5,0.0,19.5,0.0,60.6981755942
1984,10,1,27.5,12.0,0.0,19.75,0.0,61.5202313271
1984,10,2,26.0,12.5,3.0,19.25,0.3,65.2766065802
1984,10,3,19.5,10.5,16.0,15.0,1.6,75.9088041456
1984,10,4,20.5,7.0,8.0,13.75,0.8,64.2776787571
1984,10,5,22.0,9.0,0.0,15.5,0.0,66.6244805493
1984,10,6,25.0,8.5,0.0,16.75,0.0,59.4070532984
1984,10,7,25.5,7.5,0.0,16.5,0.0,56.0454843333
1984,10,8,27.0,8.0,0.0,17.5,0.0,54.6327387776
1984,10,9,27.0,8.0,0.0,17.5,0.0,54.6327387776
1984,10,10,26.5,8.5,0.0,17.5,0.0,56.6561735471
1984,10,11,25.5,10.5,0.0,18.0,0.0,62.743822205
1984,10,12,23.0,12.0,0.0,17.5,0.0,70.8202169339
1984,10,13,23.5,8.0,0.0,15.75,0.0,61.047023795
1984,10,14,24.5,8.0,0.0,16.25,0.0,59.1330455385
1984,10,15,22.0,11.0,0.0,16.5,0.0,71.1346531922
1984,10,16,21.0,8.0,0.0,14.5,0.0,66.1394590674
1984,10,17,21.0,8.0,0.0,14.5,0.0,66.1394590674
1984,10,18,20.5,9.0,0.0,14.75,0.0,69.905518104
1984,10,19,21.0,3.5,0.0,12.25,0.0,56.6928684258
1984,10,20,17.0,6.5,3.0,11.75,0.3,70.2967069538
1984,10,21,17.0,6.0,6.0,11.5,0.6,68.4830316376
1984,10,22,17.0,4.0,0.0,10.5,0.0,63.6116295249
1984,10,23,17.5,5.5,0.0,11.5,0.0,68.4830316376
1984,10,24,15.0,5.5,0.0,10.25,0.0,74.3753148633
1984,10,25,15.5,6.0,0.0,10.75,0.0,71.9536091466
1984,10,26,14.5,7.0,0.0,10.75,0.0,78.2104447246
1984,10,27,19.0,4.5,0.0,11.75,0.0,61.5096185846
1984,10,28,22.0,3.0,0.0,12.5,0.0,52.9856259326
1984,10,29,23.5,4.0,0.0,13.75,0.0,51.4221430057
1984,10,30,24.5,4.5,0.0,14.5,0.0,51.4418014969
1984,10,31,24.0,4.5,0.0,14.25,0.0,52.2771301796
1984,11,1,23.5,3.0,0.0,13.25,0.0,50.46037977
1984,11,2,24.5,2.5,0.0,13.5,0.0,47.03540722
1984,11,3,24.5,1.5,0.0,13.0,0.0,45.8883731535
1984,11,4,26.0,1.5,0.0,13.75,0.0,43.7088215549
1984,11,5,26.5,2.5,0.0,14.5,0.0,44.0929727116
1984,11,6,26.0,4.5,0.0,15.25,0.0,49.0232691334
1984,11,7,24.5,4.5,0.0,14.5,0.0,51.4418014969
1984,11,8,22.5,5.0,0.0,13.75,0.0,56.5643573063
1984,11,9,19.5,2.0,0.0,10.75,0.0,56.3115202017
1984,11,10,21.0,-1.0,0.0,10.0,0.0,46.0294922273
1984,11,11,23.0,0.5,0.0,11.75,0.0,46.8644713026
1984,11,12,24.5,2.0,0.0,13.25,0.0,47.8045703084
1984,11,13,24.5,4.5,0.0,14.5,0.0,51.4418014969
1984,11,14,22.0,3.0,0.0,12.5,0.0,52.9856259326
1984,11,15,22.5,1.0,0.0,11.75,0.0,46.8644713026
1984,11,16,19.5,3.5,0.0,11.5,0.0,59.5504622936
1984,11,17,16.5,3.5,0.0,10.0,0.0,65.7564174675
1984,11,18,16.5,-1.0,0.0,7.75,0.0,53.5153398451
1984,11,19,15.5,1.5,0.0,8.5,0.0,61.78298693
1984,11,20,15.5,0.0,0.0,7.75,0.0,57.3378641198
1984,11,21,15.0,1.5,0.0,8.25,0.0,62.8298460914
1984,11,22,16.0,5.5,0.0,10.75,0.0,71.9536091466
1984,11,23,12.0,4.5,18.0,8.25,1.8,77.6133392894
1984,11,24,11.0,1.0,0.0,6.0,0.0,68.8809914218
1984,11,25,10.0,3.0,4.0,6.5,0.4,79.0525437713
1984,11,26,7.5,-3.0,0.0,2.25,0.0,66.9892667433
1984,11,27,9.5,-7.5,0.0,1.0,0.0,54.8741425432
1984,11,28,16.0,-4.5,0.0,5.75,0.0,48.1726574069
1984,11,29,14.5,2.0,0.0,8.25,0.0,66.5257193909
1984,11,30,15.0,-4.0,0.0,5.5,0.0,49.0052324688
1984,12,1,13.5,-2.5,0.0,5.5,0.0,57.9152747358
1984,12,2,15.5,-5.0,0.0,5.25,0.0,49.8537320964
1984,12,3,15.5,-1.0,0.0,7.25,0.0,55.3558699072
1984,12,4,12.0,1.0,10.0,6.5,1.0,66.5705631758
1984,12,5,12.0,-2.5,0.0,4.75,0.0,60.9816328055
1984,12,6,13.0,0.5,0.0,6.75,0.0,65.4475681457
1984,12,7,17.0,0.5,0.0,8.75,0.0,57.1815358958
1984,12,8,17.5,3.0,3.0,10.25,0.3,61.4404774958
1984,12,9,18.0,0.0,0.0,9.0,0.0,52.7176281306
1984,12,10,18.0,0.0,0.0,9.0,0.0,52.7176281306
1984,12,11,16.0,6.0,13.0,11.0,1.3,70.7755818122
1984,12,12,12.5,3.5,9.0,8.0,0.9,75.1721807794
1984,12,13,11.5,0.0,15.0,5.75,1.5,65.689987373
1984,12,14,4.0,-4.0,5.0,0.0,0.5,72.0130932897
1984,12,15,7.0,-2.5,6.0,2.25,0.6,72.5717056386
1984,12,16,13.0,-4.0,0.0,4.5,0.0,52.4981425779
1984,12,17,15.5,-5.0,0.0,5.25,0.0,49.8537320964
1984,12,18,16.5,2.0,0.0,9.25,0.0,62.2126582816
1984,12,19,14.5,2.5,2.0,8.5,0.2,65.4172802788
1984,12,20,13.0,4.5,6.0,8.75,0.6,75.0507658632
1984,12,21,12.0,-2.0,0.0,5.0,0.0,59.9400323773
1984,12,22,12.5,-3.0,0.0,4.75,0.0,56.2907379743
1984,12,23,14.0,-1.5,0.0,6.25,0.0,59.250528796
1984,12,24,18.0,-1.0,0.0,8.5,0.0,50.8801068835
1984,12,25,18.0,3.5,0.0,10.75,0.0,62.5683557797
1984,12,26,20.0,3.5,0.0,11.75,0.0,58.5805891282
1984,12,27,16.0,7.5,18.0,11.75,1.8,76.1547658667
1984,12,28,15.0,3.5,17.0,9.25,1.7,69.1251758684
1984,12,29,13.5,0.0,8.0,6.75,0.8,61.3570951366
1984,12,30,14.5,0.0,0.0,7.25,0.0,59.3098606149
1985,1,1,11.5,-2.0,0.0,4.75,0.0,60.9816328055
1985,1,2,8.0,-5.0,0.0,1.5,0.0,64.7374456847
1985,1,3,9.0,-4.5,0.0,2.25,0.0,61.406827848
1985,1,4,12.5,-2.5,0.0,5.0,0.0,59.9400323773
1985,1,5,14.5,-0.5,0.0,7.0,0.0,60.3238800168
1985,1,6,16.5,-2.0,0.0,7.25,0.0,51.4018791996
1985,1,7,14.0,0.5,0.0,7.25,0.0,63.2638513225
1985,1,8,11.0,2.5,9.0,6.75,0.9,73.6285141639
1985,1,9,10.5,-1.5,5.0,4.5,0.5,66.8158178264
1985,1,10,14.0,-2.0,0.0,6.0,0.0,55.9658055302
1985,1,11,14.5,-2.5,0.0,6.0,0.0,55.9658055302
1985,1,12,12.0,0.0,0.0,6.0,0.0,64.5759294579
1985,1,13,6.0,-4.0,6.0,1.0,0.6,67.0683964417
1985,1,14,6.5,-3.5,0.0,1.5,0.0,70.6226680197
1985,1,15,10.5,0.0,0.0,5.25,0.0,67.9823619496
1985,1,16,10.0,-0.5,2.0,4.75,0.2,70.3634224678
1985,1,17,11.5,-4.5,0.0,3.5,0.0,51.1527542621
1985,1,18,18.0,-3.5,0.0,7.25,0.0,39.5399070766
1985,1,19,18.5,-2.5,0.0,8.0,0.0,41.3446994287
1985,1,20,18.5,-1.5,0.0,8.5,0.0,43.6115201859
1985,1,21,16.5,-1.0,0.0,7.75,0.0,45.8702912958
1985,1,22,14.5,2.5,0.0,8.5,0.0,61.78298693
1985,1,23,10.5,4.0,8.0,7.25,0.8,79.0798141532
1985,1,24,10.0,4.0,7.0,7.0,0.7,80.4318400224
1985,1,25,13.5,3.0,2.0,8.25,0.2,70.2215926904
1985,1,26,12.5,4.5,10.0,8.5,1.0,76.3201603253
1985,1,27,10.0,3.0,5.0,6.5,0.5,79.0525437713
1985,1,28,11.0,-0.5,0.0,5.25,0.0,67.9823619496
1985,1,29,12.0,1.5,0.0,6.75,0.0,69.5380411548
1985,1,30,10.0,2.0,0.0,6.0,0.0,77.4911153495
1985,1,31,6.0,-3.5,0.0,1.25,0.0,71.8816934639
1985,2,1,3.5,-8.5,0.0,-2.5,0.0,62.7107443583
1985,2,2,6.5,-10.5,0.0,-2.0,0.0,52.9161084554
1985,2,3,5.0,-4.0,8.0,0.5,0.8,69.4922631333
1985,2,4,6.0,-2.5,13.0,1.75,1.3,75.1702531759
1985,2,5,5.5,-4.5,7.0,0.5,0.7,69.4922631333
1985,2,6,10.0,-7.5,0.0,1.25,0.0,53.9112700979
1985,2,7,13.0,-6.0,0.0,3.5,0.0,51.1527542621
1985,2,8,17.0,-4.5,0.0,6.25,0.0,46.5539869111
1985,2,9,16.0,0.0,0.0,8.0,0.0,56.3791355845
1985,2,10,15.5,1.0,0.0,8.25,0.0,59.1339727919
1985,2,11,15.0,-3.5,0.0,5.75,0.0,52.5519898984
1985,2,12,19.0,-2.0,0.0,8.5,0.0,47.2458135347
1985,2,13,21.0,-1.0,0.0,10.0,0.0,42.7416713539
1985,2,14,20.5,0.0,0.0,10.25,0.0,45.2719307864
1985,2,15,22.5,-1.0,0.0,10.75,0.0,40.6694312568
1985,2,16,23.0,0.0,0.0,11.5,0.0,41.6853236055
1985,2,17,23.5,1.5,0.0,12.5,0.0,44.6194744696
1985,2,18,22.0,3.0,0.0,12.5,0.0,50.1969087783
1985,2,19,21.5,5.0,0.0,13.25,0.0,55.7719986931
1985,2,20,20.5,3.5,0.0,12.0,0.0,54.7467634143
1985,2,21,16.5,4.0,5.0,10.25,0.5,64.6741868377
1985,2,22,8.5,0.5,4.0,4.5,0.4,76.3609346587
1985,2,23,10.0,1.5,0.0,5.75,0.0,74.4486523561
1985,2,24,14.5,-2.5,0.0,6.0,0.0,51.6607435663
1985,2,25,18.5,-3.5,0.0,7.5,0.0,38.8764324012
1985,2,26,21.0,-1.0,0.0,10.0,0.0,39.4538504805
1985,2,27,19.0,4.0,6.0,11.5,0.6,59.5504622936
1985,2,28,19.0,2.5,5.0,10.75,0.5,56.3115202017
1985,3,1,20.0,1.0,0.0,10.5,0.0,44.5281406674
1985,3,2,21.0,1.0,0.0,11.0,0.0,43.0807889292
1985,3,3,17.5,-1.0,0.0,8.25,0.0,48.0463528934
1985,3,4,12.5,-5.5,0.0,3.5,0.0,51.1527542621
1985,3,5,20.5,-3.5,0.0,8.5,0.0,36.3429334882
1985,3,6,19.0,3.0,0.0,11.0,0.0,52.3123865569
1985,3,7,19.5,6.0,0.0,12.75,0.0,60.3594945968
1985,3,8,23.0,5.0,0.0,14.0,0.0,48.0677508275
1985,3,9,26.0,7.0,0.0,16.5,0.0,45.2675065769
1985,3,10,26.0,10.5,0.0,18.25,0.0,54.0458703737
1985,3,11,23.0,8.0,0.0,15.5,0.0,55.1375011443
1985,3,12,18.5,9.0,3.0,13.75,0.3,74.5621073583
1985,3,13,19.5,-1.0,0.0,9.25,0.0,41.475105521
1985,3,14,19.0,5.0,3.0,12.0,0.3,63.3909892165
1985,3,15,15.5,3.5,6.0,9.5,0.6,67.9815005121
1985,3,16,16.0,-1.0,0.0,7.5,0.0,50.5393621216
1985,3,17,17.5,3.5,0.0,10.5,0.0,57.2504665724
1985,3,18,21.0,2.0,0.0,11.5,0.0,44.6628467202
1985,3,19,19.0,1.5,0.0,10.25,0.0,45.2719307864
1985,3,20,18.0,1.0,0.0,9.5,0.0,47.5870503585
1985,3,21,20.5,2.0,0.0,11.25,0.0,42.3766990241
1985,3,22,20.5,1.0,0.0,10.75,0.0,40.6694312568
1985,3,23,22.5,2.0,0.0,12.25,0.0,39.6850078981
1985,3,24,24.5,2.0,0.0,13.25,0.0,34.5255230005
1985,3,25,23.5,3.0,0.0,13.25,0.0,39.8371419237
1985,3,26,22.0,7.0,0.0,14.5,0.0,53.891411092
1985,3,27,21.5,4.0,0.0,12.75,0.0,46.641427643
1985,3,28,21.5,6.0,0.0,13.75,0.0,51.4221430057
1985,3,29,18.0,0.5,6.0,9.25,0.6,51.8438819013
1985,3,30,12.5,-5.0,0.0,3.75,0.0,50.2711911001
1985,3,31,17.5,-1.5,0.0,8.0,0.0,41.3446994287
1985,4,1,22.0,1.5,0.0,11.75,0.0,38.0773829333
1985,4,2,27.0,2.0,0.0,14.5,0.0,31.8449247362
1985,4,3,27.0,3.5,0.0,15.25,0.0,32.6821794222
1985,4,4,25.0,4.5,0.0,14.75,0.0,38.5685617125
1985,4,5,25.5,5.5,0.0,15.5,0.0,39.0557299772
1985,4,6,26.0,4.5,0.0,15.25,0.0,37.3510621968
1985,4,7,29.0,5.5,0.0,17.25,0.0,32.8897791988
1985,4,8,28.0,8.5,0.0,18.25,0.0,40.5344027803
1985,4,9,27.0,9.5,0.0,18.25,0.0,42.4646124365
1985,4,10,27.5,8.0,0.0,17.75,0.0,37.8445046761
1985,4,11,29.5,8.5,0.0,19.0,0.0,34.9927915864
1985,4,12,29.0,6.5,0.0,17.75,0.0,31.8690565693
1985,4,13,30.0,6.5,0.0,18.25,0.0,28.9531448431
1985,4,14,31.0,7.0,0.0,19.0,0.0,27.6258880945
1985,4,15,30.0,7.5,0.0,18.75,0.0,29.9313630473
1985,4,16,30.0,9.0,0.0,19.5,0.0,32.1343282558
1985,4,17,28.0,10.5,0.0,19.25,0.0,39.8912595768
1985,4,18,24.5,11.0,0.0,17.75,0.0,51.7872169252
1985,4,19,23.5,1.5,0.0,12.5,0.0,30.6758886978
1985,4,20,24.5,4.5,0.0,14.5,0.0,34.2945343313
1985,4,21,22.0,9.0,0.0,15.5,0.0,52.8401052633
1985,4,22,21.0,5.0,0.0,13.0,0.0,43.1890570857
1985,4,23,24.5,3.0,0.0,13.75,0.0,30.8532858034
1985,4,24,28.0,5.0,0.0,16.5,0.0,25.8671466154
1985,4,25,26.0,9.0,0.0,17.5,0.0,34.3983910822
1985,4,26,22.0,3.5,8.0,12.75,0.8,38.4105874707
1985,4,27,11.5,4.0,12.0,7.75,1.2,76.450485493
1985,4,28,13.0,3.0,11.0,8.0,1.1,71.4135717404
1985,4,29,22.0,3.0,0.0,12.5,0.0,33.4646058522
1985,4,30,28.5,6.5,0.0,17.5,0.0,28.3280867736
1985,5,1,29.0,11.0,0.0,20.0,0.0,36.3440999666
1985,5,2,28.5,13.0,0.0,20.75,0.0,42.9586754284
1985,5,3,29.0,11.5,0.0,20.25,0.0,35.7857489102
1985,5,4,28.5,10.5,0.0,19.5,0.0,35.7048091731
1985,5,5,27.5,8.5,0.0,18.0,0.0,29.4111666586
1985,5,6,28.0,8.0,0.0,18.0,0.0,23.5289333269
1985,5,7,29.0,9.5,0.0,19.25,0.0,21.7588688601
1985,5,8,31.5,10.0,0.0,20.75,0.0,18.1748242197
1985,5,9,31.0,11.5,0.0,21.25,0.0,20.8282695462
1985,5,10,27.0,15.5,0.0,21.25,0.0,43.258713673
1985,5,11,24.5,4.5,0.0,14.5,0.0,19.5968767607
1985,5,12,24.0,5.0,0.0,14.5,0.0,22.0464863558
1985,5,13,24.0,6.0,0.0,15.0,0.0,23.7215012955
1985,5,14,27.0,4.5,0.0,15.75,0.0,18.0880070504
1985,5,15,30.0,7.5,0.0,18.75,0.0,16.8363917141
1985,5,16,29.0,13.0,0.0,21.0,0.0,27.6590286016
1985,5,17,29.0,12.0,0.0,20.5,0.0,25.1692179369
1985,5,18,30.0,10.0,0.0,20.0,0.0,19.0373856968
1985,5,19,28.5,8.5,0.0,18.5,0.0,19.0020154529
1985,5,20,28.0,9.5,0.0,18.75,0.0,22.4485222854
1985,5,21,27.5,9.5,0.0,18.5,0.0,22.8024185435
1985,5,22,28.5,8.5,0.0,18.5,0.0,19.0020154529
1985,5,23,31.0,10.0,0.0,20.5,0.0,18.457426487
1985,5,24,33.0,12.0,0.0,22.5,0.0,19.2944259226
1985,5,25,33.0,11.0,0.0,22.0,0.0,18.3621910573
1985,5,26,32.5,11.0,0.0,21.75,0.0,18.6452726677
1985,5,27,32.5,10.0,0.0,21.25,0.0,17.6239203853
1985,5,28,33.5,9.5,0.0,21.5,0.0,17.3554426758
1985,5,29,31.0,11.5,0.0,21.25,0.0,19.2260949658
1985,5,30,28.0,14.5,0.0,21.25,0.0,24.0326187072
1985,5,31,29.0,14.0,0.0,21.5,0.0,23.6665127398
1985,6,1,29.0,9.0,0.0,19.0,0.0,18.4172587297
1985,6,2,30.0,8.5,0.0,19.25,0.0,18.1323907167
1985,6,3,28.0,9.0,0.0,18.5,0.0,19.0020154529
1985,6,4,26.0,8.5,3.0,17.25,0.3,22.6117231991
1985,6,5,29.0,9.0,0.0,19.0,0.0,18.4172587297
1985,6,6,34.5,12.0,0.0,23.25,0.0,18.4345963185
1985,6,7,38.0,14.5,0.0,26.25,0.0,17.765646375
1985,6,8,39.0,16.5,0.0,27.75,0.0,19.5095403731
1985,6,9,39.0,17.0,0.0,28.0,0.0,19.2249471828
1985,6,10,37.0,16.5,0.0,26.75,0.0,20.6957429578
1985,6,11,35.5,16.0,0.0,25.75,0.0,20.7425922466
1985,6,12,36.5,14.5,0.0,25.5,0.0,18.5773507883
1985,6,13,36.5,16.0,0.0,26.25,0.0,20.134399225
1985,6,14,36.5,14.5,0.0,25.5,0.0,18.5773507883
1985,6,15,37.5,14.5,0.0,26.0,0.0,18.0317462584
1985,6,16,38.5,15.0,0.0,26.75,0.0,18.3962159625
1985,6,17,39.0,15.5,0.0,27.25,0.0,17.8603581536
1985,6,18,38.0,15.5,0.0,26.75,0.0,18.3962159625
1985,6,19,36.5,18.5,0.0,27.5,0.0,21.9987006416
1985,6,20,35.0,17.0,0.0,26.0,0.0,21.63809551
1985,6,21,34.0,15.0,4.0,24.5,0.4,21.0394819462
1985,6,22,33.0,19.0,0.0,26.0,0.0,25.2444447617
1985,6,23,36.5,17.5,0.0,27.0,0.0,21.5247244457
1985,6,24,33.5,17.0,0.0,25.25,0.0,22.6284237254
1985,6,25,32.0,14.5,0.0,23.25,0.0,21.2706880598
1985,6,26,32.5,12.0,0.0,22.25,0.0,19.5908655024
1985,6,27,35.0,11.0,0.0,23.0,0.0,17.2766600486
1985,6,28,35.5,14.5,0.0,25.0,0.0,19.1413788551
1985,6,29,37.5,17.0,0.0,27.25,0.0,20.0929029228
1985,6,30,38.0,18.0,0.0,28.0,0.0,21.3610524254
1985,7,1,37.5,15.5,0.0,26.5,0.0,18.6708350418
1985,7,2,38.0,15.5,0.0,26.75,0.0,18.3962159625
1985,7,3,36.5,18.0,0.0,27.25,0.0,22.325447692
1985,7,4,38.0,19.0,0.0,28.5,0.0,21.7811060922
1985,7,5,38.0,19.5,0.0,28.75,0.0,22.4870834688
1985,7,6,38.0,18.5,0.0,28.25,0.0,21.0499639119
1985,7,7,38.0,17.5,7.0,27.75,0.7,20.5934037271
1985,7,8,38.0,18.0,0.0,28.0,0.0,21.3610524254
1985,7,9,36.0,17.5,0.0,26.75,0.0,21.8455064555
1985,7,10,36.0,19.0,0.0,27.5,0.0,23.0986356737
1985,7,11,37.0,19.0,0.0,28.0,0.0,22.4291050466
1985,7,12,37.5,19.5,0.0,28.5,0.0,22.8183016204
1985,7,13,37.5,19.5,0.0,28.5,0.0,22.8183016204
1985,7,14,36.0,19.5,0.0,27.75,0.0,23.8449937893
1985,7,15,35.0,17.0,7.0,26.0,0.7,21.63809551
1985,7,16,34.0,19.0,8.0,26.5,0.8,30.3401069429
1985,7,17,33.5,18.0,5.0,25.75,0.5,34.1642695827
1985,7,18,30.5,18.5,9.0,24.5,0.9,48.6538020005
1985,7,19,29.5,17.0,8.0,23.25,0.8,51.0496513435
1985,7,20,29.5,16.5,5.0,23.0,0.5,51.8299801457
1985,7,21,30.5,17.5,11.0,24.0,1.1,54.2065830983
1985,7,22,31.0,18.5,0.0,24.75,0.0,50.5193373323
1985,7,23,32.5,17.5,0.0,25.0,0.0,40.8349415576
1985,7,24,32.5,17.0,0.0,24.75,0.0,40.1563963411
1985,7,25,33.5,16.0,0.0,24.75,0.0,34.9749258455
1985,7,26,34.0,16.0,0.0,25.0,0.0,30.6262061682
1985,7,27,32.5,19.5,14.0,26.0,1.4,50.4888895234
1985,7,28,27.0,17.0,14.0,22.0,1.4,64.2676687006
1985,7,29,32.0,17.5,0.0,24.75,0.0,41.451763965
1985,7,30,33.0,18.5,0.0,25.75,0.0,41.4851844932
1985,7,31,33.5,17.5,0.0,25.5,0.0,37.1547015765
1985,8,1,27.5,17.5,17.0,22.5,1.7,68.2725840339
1985,8,2,25.5,17.5,7.0,21.5,0.7,78.8883757992
1985,8,3,29.5,16.5,5.0,23.0,0.5,60.46831017
1985,8,4,32.0,17.0,0.0,24.5,0.0,47.3388343789
1985,8,5,34.0,18.0,0.0,26.0,0.0,44.4783074373
1985,8,6,34.5,18.5,0.0,26.5,0.0,44.3432332242
1985,8,7,33.0,19.0,0.0,26.0,0.0,50.4888895234
1985,8,8,32.5,17.5,0.0,25.0,0.0,47.2154011759
1985,8,9,32.5,18.5,0.0,25.5,0.0,50.7780921546
1985,8,10,30.0,18.0,0.0,24.0,0.0,56.9169122532
1985,8,11,26.5,17.0,17.0,21.75,1.7,74.5810906707
1985,8,12,30.0,15.0,0.0,22.5,0.0,50.4623447207
1985,8,13,32.0,14.0,0.0,23.0,0.0,43.1916501214
1985,8,14,33.0,12.5,0.0,22.75,0.0,38.0059235196
1985,8,15,33.5,12.0,0.0,22.75,0.0,36.5441572304
1985,8,16,34.0,13.0,0.0,23.5,0.0,37.7117678392
1985,8,17,33.0,16.0,0.0,24.5,0.0,46.0238667573
1985,8,18,33.5,17.5,0.0,25.5,0.0,49.5396021021
1985,8,19,31.5,18.5,0.0,25.0,0.0,58.700228489
1985,8,20,29.0,18.0,13.0,23.5,1.3,72.6300713939
1985,8,21,31.0,16.5,0.0,23.75,0.0,56.4067287521
1985,8,22,34.0,17.5,0.0,25.75,0.0,51.246404374
1985,8,23,36.0,17.5,0.0,26.75,0.0,47.1403034039
1985,8,24,36.5,18.0,0.0,27.25,0.0,46.8834401533
1985,8,25,35.5,18.5,5.0,27.0,0.5,57.7768919333
1985,8,26,34.5,16.0,0.0,25.25,0.0,47.7711167535
1985,8,27,33.5,18.5,0.0,26.0,0.0,57.7015880267
1985,8,28,34.0,17.5,0.0,25.75,0.0,53.6867093442
1985,8,29,35.5,16.5,0.0,26.0,0.0,46.8825402717
1985,8,30,35.5,17.0,0.0,26.25,0.0,48.559433425
1985,8,31,33.5,16.5,0.0,25.0,0.0,52.3197688706
1985,9,1,32.5,17.5,0.0,25.0,0.0,58.700228489
1985,9,2,32.0,16.5,0.0,24.25,0.0,57.400609865
1985,9,3,30.5,18.0,0.0,24.25,0.0,66.7448951919
1985,9,4,29.5,15.5,0.0,22.5,0.0,60.8516509868
1985,9,5,28.0,12.5,0.0,20.25,0.0,56.2347482875
1985,9,6,28.5,12.0,0.0,20.25,0.0,54.530665006
1985,9,7,29.0,12.0,0.0,20.5,0.0,52.0163837362
1985,9,8,31.0,10.0,0.0,20.5,0.0,43.6266444239
1985,9,9,30.5,11.5,0.0,21.0,0.0,48.8100504733
1985,9,10,30.5,13.5,0.0,22.0,0.0,53.5563905838
1985,9,11,29.0,14.5,2.0,21.75,0.2,60.5971361699
1985,9,12,29.5,10.0,0.0,19.75,0.0,47.4584641666
1985,9,13,32.0,10.5,0.0,21.25,0.0,43.258713673
1985,9,14,31.5,16.0,0.0,23.75,0.0,59.1582764962
1985,9,15,31.5,17.0,0.0,24.25,0.0,62.7402014804
1985,9,16,32.0,16.0,0.0,24.0,0.0,58.2720768307
1985,9,17,31.0,14.5,0.0,22.75,0.0,55.5471189902
1985,9,18,26.0,14.0,18.0,20.0,1.8,69.2268570793
1985,9,19,25.0,13.0,10.0,19.0,1.0,68.1438572999
1985,9,20,23.0,9.0,0.0,16.0,0.0,64.5320737578
1985,9,21,25.0,7.5,0.0,16.25,0.0,56.9429327408
1985,9,22,26.5,8.5,0.0,17.5,0.0,54.6327387776
1985,9,23,28.0,9.0,0.0,18.5,0.0,53.2056432681
1985,9,24,29.5,10.0,0.0,19.75,0.0,52.7316268518
1985,9,25,29.0,10.0,0.0,19.5,0.0,53.5572137596
1985,9,26,29.5,11.0,0.0,20.25,0.0,54.530665006
1985,9,27,29.0,11.0,17.0,20.0,1.7,57.1121570904
1985,9,28,22.5,11.0,34.0,16.75,3.4,70.0154556731
1985,9,29,23.0,7.5,0.0,15.25,0.0,60.6954760699
1985,9,30,22.5,7.5,0.0,15.0,0.0,61.6759033683
1985,10,1,22.0,10.0,0.0,16.0,0.0,68.9825616032
1985,10,2,23.5,9.0,0.0,16.25,0.0,63.5132711339
1985,10,3,26.0,8.5,0.0,17.25,0.0,57.5571135978
1985,10,4,27.0,8.5,0.0,17.75,0.0,55.7708489963
1985,10,5,27.5,11.5,0.0,19.5,0.0,60.6981755942
1985,10,6,29.5,11.5,0.0,20.5,0.0,57.0502273236
1985,10,7,27.5,15.0,12.0,21.25,1.2,68.8935069606
1985,10,8,22.5,12.5,7.0,17.5,0.7,72.8436517035
1985,10,9,23.0,11.5,8.0,17.25,0.8,69.8907807974
1985,10,10,22.5,11.5,0.0,17.0,0.0,71.0041074531
1985,10,11,19.5,5.0,12.0,12.25,1.2,62.3621552684
1985,10,12,22.5,5.0,0.0,13.75,0.0,56.5643573063
1985,10,13,22.5,7.0,0.0,14.75,0.0,60.2633776758
1985,10,14,22.0,6.0,0.0,14.0,0.0,58.1872773175
1985,10,15,23.0,6.5,0.0,14.75,0.0,57.8528425688
1985,10,16,20.0,10.5,31.0,15.25,3.1,74.7021243937
1985,10,17,14.5,8.5,8.0,11.5,0.8,83.370647211
1985,10,18,19.0,6.5,0.0,12.75,0.0,65.8467213784
1985,10,19,21.5,6.5,0.0,14.0,0.0,60.71715894
1985,10,20,23.0,8.5,0.0,15.75,0.0,63.3080246763
1985,10,21,22.5,7.5,0.0,15.0,0.0,61.6759033683
1985,10,22,23.5,7.5,0.0,15.5,0.0,59.7322929063
1985,10,23,23.0,5.5,0.0,14.25,0.0,57.2559044825
1985,10,24,25.5,6.0,0.0,15.75,0.0,52.0030202699
1985,10,25,27.5,7.5,0.0,17.5,0.0,52.6093040081
1985,10,26,27.0,8.5,0.0,17.75,0.0,55.7708489963
1985,10,27,26.5,9.5,0.0,18.0,0.0,58.8223333171
1985,10,28,26.5,10.0,0.0,18.25,0.0,59.8364993423
1985,10,29,26.0,8.0,0.0,17.0,0.0,56.3856147422
1985,10,30,25.0,8.0,0.0,16.5,0.0,58.2010798845
1985,10,31,23.5,6.5,2.0,15.0,0.2,56.9316031092
1985,11,1,19.5,4.5,0.0,12.0,0.0,60.5095806158
1985,11,2,20.0,2.0,0.0,11.0,0.0,55.3895857661
1985,11,3,23.0,3.0,0.0,13.0,0.0,51.2870052892
1985,11,4,25.0,4.0,0.0,14.5,0.0,48.9921919018
1985,11,5,23.5,8.0,0.0,15.75,0.0,61.047023795
1985,11,6,22.0,3.5,0.0,12.75,0.0,54.8722678153
1985,11,7,22.5,1.5,0.0,12.0,0.0,48.9839462128
1985,11,8,23.0,2.5,0.0,12.75,0.0,49.3850410338
1985,11,9,21.0,6.5,0.0,13.75,0.0,61.7065716069
1985,11,10,20.0,6.0,0.0,13.0,0.0,62.0842695606
1985,11,11,19.5,9.0,0.0,14.25,0.0,72.1922273909
1985,11,12,16.5,4.0,12.0,10.25,1.2,64.6741868377
1985,11,13,12.5,2.5,0.0,7.5,0.0,69.9775783222
1985,11,14,11.5,-3.0,0.0,4.25,0.0,58.2695377949
1985,11,15,15.0,-5.0,0.0,5.0,0.0,50.7184889346
1985,11,16,19.5,-3.0,0.0,8.25,0.0,44.3504795939
1985,11,17,17.5,0.0,0.0,8.75,0.0,53.6076899023
1985,11,18,16.0,-1.5,0.0,7.25,0.0,55.3558699072
1985,11,19,13.0,-4.0,0.0,4.5,0.0,52.4981425779
1985,11,20,16.5,-4.0,0.0,6.25,0.0,46.5539869111
1985,11,21,18.5,-2.0,0.0,8.25,0.0,48.0463528934
1985,11,22,20.0,-1.5,0.0,9.25,0.0,48.3876231079
1985,11,23,21.0,-0.5,0.0,10.25,0.0,48.5056401283
1985,11,24,20.5,4.0,0.0,12.25,0.0,56.6928684258
1985,11,25,15.5,5.5,16.0,10.5,1.6,73.1533739536
1985,11,26,14.0,6.5,13.0,10.25,1.3,77.6090242052
1985,11,27,14.0,2.5,0.0,8.25,0.0,66.5257193909
1985,11,28,15.5,0.0,0.0,7.75,0.0,57.3378641198
1985,11,29,16.5,2.5,0.0,9.5,0.0,61.1833504609
1985,11,30,13.5,4.0,5.0,8.75,0.5,71.4769198697
1985,12,1,14.5,-1.0,0.0,6.75,0.0,57.2666221275
1985,12,2,17.0,0.0,0.0,8.5,0.0,54.5144002323
1985,12,3,16.5,2.5,0.0,9.5,0.0,61.1833504609
1985,12,4,18.0,0.5,0.0,9.25,0.0,55.3001406947
1985,12,5,18.5,0.5,0.0,9.5,0.0,54.3852004097
1985,12,6,19.0,3.5,0.0,11.25,0.0,60.538141463
1985,12,7,18.5,-1.0,0.0,8.75,0.0,50.0338439088
1985,12,8,18.0,-1.5,0.0,8.25,0.0,51.7422261929
1985,12,9,16.0,-1.5,0.0,7.25,0.0,55.3558699072
1985,12,10,11.0,-3.5,0.0,3.75,0.0,60.3254293201
1985,12,11,8.5,-5.5,0.0,1.5,0.0,58.8522233498
1985,12,12,6.5,-2.0,7.0,2.25,0.7,72.5717056386
1985,12,13,7.5,-6.5,0.0,0.5,0.0,56.8573061999
1985,12,14,10.5,-5.5,0.0,2.5,0.0,54.8536376657
1985,12,15,13.5,-4.5,0.0,4.5,0.0,52.4981425779
1985,12,16,12.5,-2.5,0.0,5.0,0.0,59.9400323773
1985,12,17,15.0,-2.5,0.0,6.25,0.0,55.0183481677
1985,12,18,15.5,-4.0,0.0,5.75,0.0,48.1726574069
1985,12,19,17.5,-2.5,0.0,7.5,0.0,50.5393621216
1985,12,20,18.5,-2.0,0.0,8.25,0.0,48.0463528934
1985,12,21,19.5,-2.0,0.0,8.75,0.0,46.4599979153
1985,12,22,19.5,-1.5,0.0,9.0,0.0,49.2031195886
1985,12,23,19.0,-1.5,0.0,8.75,0.0,50.0338439088
1985,12,24,18.5,-1.5,0.0,8.5,0.0,50.8801068835
1985,12,25,18.0,-1.5,0.0,8.25,0.0,51.7422261929
1985,12,26,19.0,-1.5,0.0,8.75,0.0,50.0338439088
1985,12,27,18.0,-1.5,0.0,8.25,0.0,51.7422261929
1985,12,28,17.5,-2.0,0.0,7.75,0.0,49.6928155705
1985,12,29,18.0,-2.5,0.0,7.75,0.0,49.6928155705
1985,12,30,19.0,0.0,0.0,9.5,0.0,50.9861253841
1985,12,31,17.0,1.5,0.0,9.25,0.0,58.7563994881
1986,1,1,16.5,1.5,0.0,9.0,0.0,59.7466452147
1986,1,2,17.0,-1.0,0.0,8.0,0.0,52.6205265456
1986,1,3,16.5,0.5,0.0,8.5,0.0,58.1486935812
1986,1,4,17.0,-1.0,0.0,8.0,0.0,52.6205265456
1986,1,5,15.0,1.5,0.0,8.25,0.0,62.8298460914
1986,1,6,16.5,-1.5,0.0,7.5,0.0,54.4270053617
1986,1,7,12.5,-3.5,0.0,4.5,0.0,57.270700994
1986,1,8,10.5,-1.0,0.0,4.75,0.0,65.6725276366
1986,1,9,13.0,-3.5,0.0,4.75,0.0,56.2907379743
1986,1,10,16.5,-3.0,0.0,6.75,0.0,49.0856761093
1986,1,11,17.5,0.5,0.0,9.0,0.0,56.2321366726
1986,1,12,19.5,-1.0,0.0,9.25,0.0,48.3876231079
1986,1,13,18.0,1.0,0.0,9.5,0.0,54.3852004097
1986,1,14,15.0,2.5,0.0,8.75,0.0,64.3292278828
1986,1,15,15.5,3.5,0.0,9.5,0.0,67.9815005121
1986,1,16,17.0,-1.5,0.0,7.75,0.0,53.5153398451
1986,1,17,18.5,-0.5,0.0,9.0,0.0,52.7176281306
1986,1,18,21.0,0.0,0.0,10.5,0.0,47.7087221436
1986,1,19,22.5,2.0,0.0,12.25,0.0,48.1889381619
1986,1,20,22.0,1.5,0.0,11.75,0.0,49.793500759
1986,1,21,20.5,1.0,0.0,10.75,0.0,50.0546846237
1986,1,22,21.5,0.0,0.0,10.75,0.0,46.9262668347
1986,1,23,22.0,1.0,0.0,11.5,0.0,47.6403698349
1986,1,24,21.0,0.0,0.0,10.5,0.0,47.7087221436
1986,1,25,21.0,-1.5,0.0,9.75,0.0,43.4581677991
1986,1,26,19.5,0.5,0.0,10.0,0.0,52.605133974
1986,1,27,21.0,1.0,0.0,11.0,0.0,49.2351873476
1986,1,28,22.0,0.5,0.0,11.25,0.0,45.4036060973
1986,1,29,23.0,0.5,0.0,11.75,0.0,43.9354418462
1986,1,30,21.5,1.5,0.0,11.5,0.0,47.6403698349
1986,1,31,18.5,7.0,5.0,12.75,0.5,68.5903347691
1986,2,1,16.0,5.5,13.0,10.75,1.3,71.9536091466
1986,2,2,16.0,4.0,7.0,10.0,0.7,65.7564174675
1986,2,3,15.5,1.5,0.0,8.5,0.0,61.78298693
1986,2,4,12.0,1.5,7.0,6.75,0.7,69.5380411548
1986,2,5,11.5,-1.5,0.0,5.0,0.0,64.5508040986
1986,2,6,12.5,-0.5,0.0,6.0,0.0,64.5759294579
1986,2,7,9.0,-6.5,7.0,1.25,0.7,53.9112700979
1986,2,8,10.0,-2.0,9.0,4.0,0.9,64.2282823714
1986,2,9,7.0,-0.5,13.0,3.25,1.3,78.0771215955
1986,2,10,8.0,-5.0,3.0,1.5,0.3,64.7374456847
1986,2,11,12.5,-5.0,0.0,3.75,0.0,55.2983102101
1986,2,12,16.5,-2.0,0.0,7.25,0.0,51.4018791996
1986,2,13,18.0,0.0,0.0,9.0,0.0,52.7176281306
1986,2,14,20.0,2.0,0.0,11.0,0.0,55.3895857661
1986,2,15,19.0,5.5,2.0,12.25,0.2,65.1967986897
1986,2,16,15.5,8.5,3.0,12.0,0.3,80.6794408211
1986,2,17,19.5,2.5,0.0,11.0,0.0,55.3895857661
1986,2,18,21.5,4.0,0.0,12.75,0.0,54.8722678153
1986,2,19,24.0,5.5,0.0,14.75,0.0,53.0317723547
1986,2,20,21.0,6.0,0.0,13.5,0.0,60.1007981145
1986,2,21,17.5,0.5,0.0,9.0,0.0,56.2321366726
1986,2,22,19.0,-1.5,0.0,8.75,0.0,50.0338439088
1986,2,23,22.0,0.0,0.0,11.0,0.0,46.1579881384
1986,2,24,26.0,2.5,0.0,14.25,0.0,42.319581574
1986,2,25,27.5,4.0,0.0,15.75,0.0,42.9590167447
1986,2,26,27.5,6.0,0.0,16.75,0.0,46.6769704487
1986,2,27,27.0,5.5,0.0,16.25,0.0,45.9923687522
1986,2,28,25.0,6.0,0.0,15.5,0.0,50.5427093823
1986,3,1,25.0,6.0,0.0,15.5,0.0,50.5427093823
1986,3,2,24.0,6.5,2.0,15.25,0.2,53.692151908
1986,3,3,21.5,4.5,0.0,13.0,0.0,56.6856374249
1986,3,4,21.5,6.0,0.0,13.75,0.0,59.1354644566
1986,3,5,23.5,3.5,0.0,13.5,0.0,49.6484853989
1986,3,6,24.5,5.5,0.0,15.0,0.0,49.8151527205
1986,3,7,24.0,5.5,0.0,14.75,0.0,50.6212372477
1986,3,8,23.0,6.0,0.0,14.5,0.0,51.4418014969
1986,3,9,20.5,9.0,0.0,14.75,0.0,67.4949829969
1986,3,10,17.5,4.0,0.0,10.75,0.0,59.4399379907
1986,3,11,13.5,2.0,12.0,7.75,1.2,68.8054369437
1986,3,12,14.0,3.0,2.0,8.5,0.2,69.0515736276
1986,3,13,14.5,2.0,3.0,8.25,0.3,66.5257193909
1986,3,14,12.0,2.0,12.0,7.0,1.2,72.3886560202
1986,3,15,16.0,-0.5,0.0,7.75,0.0,53.5153398451
1986,3,16,17.5,1.0,0.0,9.25,0.0,55.3001406947
1986,3,17,13.5,1.5,16.0,7.5,1.6,66.089935082
1986,3,18,10.5,0.0,5.0,5.25,0.5,67.9823619496
1986,3,19,15.0,-0.5,0.0,7.25,0.0,55.3558699072
1986,3,20,19.0,-1.0,0.0,9.0,0.0,42.1741025045
1986,3,21,22.5,3.0,0.0,12.75,0.0,43.8978142523
1986,3,22,24.5,3.5,0.0,14.0,0.0,40.47810596
1986,3,23,26.0,3.5,0.0,14.75,0.0,36.1580266055
1986,3,24,26.5,5.0,0.0,15.75,0.0,38.4370149821
1986,3,25,25.5,4.0,0.0,14.75,0.0,38.5685617125
1986,3,26,27.0,6.5,0.0,16.75,0.0,40.3119290239
1986,3,27,27.5,9.0,0.0,18.25,0.0,44.3948220927
1986,3,28,27.0,9.0,0.0,18.0,0.0,45.0971222098
1986,3,29,26.0,9.0,0.0,17.5,0.0,46.5389996994
1986,3,30,27.0,8.0,0.0,17.5,0.0,42.4921301603
1986,3,31,25.5,9.5,0.0,17.5,0.0,50.5858692385
1986,4,1,23.5,11.5,0.0,17.5,0.0,62.7264778558
1986,4,2,20.5,9.5,0.0,15.0,0.0,66.4202036274
1986,4,3,18.0,1.5,0.0,9.75,0.0,46.8011037836
1986,4,4,21.5,0.5,0.0,11.0,0.0,36.9263905107
1986,4,5,25.0,3.5,0.0,14.25,0.0,37.3408072712
1986,4,6,24.5,8.0,0.0,16.25,0.0,48.1824815499
1986,4,7,25.5,10.5,0.0,18.0,0.0,50.9793555415
1986,4,8,26.0,10.0,0.0,18.0,0.0,49.0186110976
1986,4,9,26.0,4.5,0.0,15.25,0.0,35.0166208095
1986,4,10,24.5,4.0,0.0,14.25,0.0,37.3408072712
1986,4,11,25.0,5.5,0.0,15.25,0.0,39.6855035841
1986,4,12,26.5,9.5,0.0,18.0,0.0,45.0971222098
1986,4,13,25.0,11.0,0.0,18.0,0.0,54.9008444293
1986,4,14,25.5,3.5,0.0,14.5,0.0,34.2945343313
1986,4,15,27.5,7.5,0.0,17.5,0.0,38.4452606213
1986,4,16,25.5,14.0,0.0,19.75,0.0,65.0356731172
1986,4,17,23.0,7.5,0.0,15.25,0.0,49.0232691334
1986,4,18,20.5,1.5,0.0,11.0,0.0,40.00358972
1986,4,19,22.5,2.0,0.0,12.25,0.0,36.8503644768
1986,4,20,28.0,4.0,0.0,16.0,0.0,31.1534149176
1986,4,21,30.5,6.5,0.0,18.5,0.0,30.4032247246
1986,4,22,28.5,8.0,0.0,18.25,0.0,36.6739834679
1986,4,23,26.0,12.0,0.0,19.0,0.0,53.4100503161
1986,4,24,26.0,11.0,0.0,18.5,0.0,49.4052401775
1986,4,25,25.0,12.0,0.0,18.5,0.0,57.0060463587
1986,4,26,25.5,11.5,0.0,18.5,0.0,53.2056432681
1986,4,27,25.5,4.5,0.0,15.0,0.0,35.5822519432
1986,4,28,28.0,7.0,0.0,17.5,0.0,34.3983910822
1986,4,29,27.0,12.0,0.0,19.5,0.0,49.9867328423
1986,4,30,28.0,11.0,0.0,19.5,0.0,42.8457710077
1986,5,1,30.0,10.0,0.0,20.0,0.0,36.3440999666
1986,5,2,30.5,13.0,0.0,21.75,0.0,41.9518635023
1986,5,3,31.0,14.5,0.0,22.75,0.0,40.929456098
1986,5,4,28.5,11.0,0.0,19.75,0.0,35.1544179012
1986,5,5,27.0,8.0,0.0,17.5,0.0,32.3749563126
1986,5,6,26.0,7.5,0.0,16.75,0.0,31.8252071241
1986,5,7,23.5,8.0,0.0,15.75,0.0,38.4370149821
1986,5,8,21.0,2.0,0.0,11.5,0.0,29.7752311468
1986,5,9,23.0,3.0,0.0,13.0,0.0,26.9931606785
1986,5,10,27.0,4.5,0.0,15.75,0.0,18.0880070504
1986,5,11,29.0,6.5,0.0,17.75,0.0,17.9263443202
1986,5,12,29.5,8.5,0.0,19.0,0.0,18.4172587297
1986,5,13,29.5,7.5,0.0,18.5,0.0,17.1018139076
1986,5,14,28.5,8.5,0.0,18.5,0.0,19.0020154529
1986,5,15,29.5,8.5,0.0,19.0,0.0,18.4172587297
1986,5,16,28.0,10.5,0.0,19.25,0.0,21.7588688601
1986,5,17,26.5,10.0,0.0,18.25,0.0,21.2323062182
1986,5,18,28.5,9.0,0.0,18.75,0.0,18.7071019045
1986,5,19,32.5,12.0,0.0,22.25,0.0,19.5908655024
1986,5,20,34.0,12.0,0.0,23.0,0.0,18.7163817193
1986,5,21,32.5,13.0,0.0,22.75,0.0,20.464728049
1986,5,22,30.5,14.0,0.0,22.25,0.0,22.6048448105
1986,5,23,31.0,12.5,0.0,21.75,0.0,20.19904539
1986,5,24,31.5,13.5,0.0,22.5,0.0,20.7786125321
1986,5,25,33.0,13.5,0.0,23.25,0.0,19.8526421892
1986,5,26,33.5,13.5,0.0,23.5,0.0,19.5542499907
1986,5,27,33.5,14.5,0.0,24.0,0.0,20.3274686619
1986,5,28,33.0,15.5,0.0,24.25,0.0,21.3583664614
1986,5,29,32.0,16.0,0.0,24.0,0.0,23.0377978168
1986,5,30,29.5,14.0,8.0,21.75,0.8,27.9679090015
1986,5,31,28.5,11.0,6.0,19.75,0.6,28.123534321
1986,6,1,30.0,12.5,0.0,21.25,0.0,20.8282695462
1986,6,2,29.5,12.5,2.0,21.0,0.2,22.7780235542
1986,6,3,31.0,13.5,3.0,22.25,0.3,31.6467827347
1986,6,4,32.0,16.5,0.0,24.25,0.0,28.0328559806
1986,6,5,33.0,15.5,0.0,24.25,0.0,22.6932643652
1986,6,6,32.5,14.5,0.0,23.5,0.0,22.3477142751
1986,6,7,33.5,14.5,0.0,24.0,0.0,20.3274686619
1986,6,8,32.0,15.0,0.0,23.5,0.0,23.7444464172
1986,6,9,30.5,13.0,0.0,21.75,0.0,23.3065908346
1986,6,10,31.0,14.0,0.0,22.5,0.0,22.2627991415
1986,6,11,34.0,13.0,0.0,23.5,0.0,19.5542499907
1986,6,12,36.5,15.5,0.0,26.0,0.0,19.2338626756
1986,6,13,36.0,16.5,0.0,26.25,0.0,21.31877565
1986,6,14,36.5,16.5,0.0,26.5,0.0,21.004689422
1986,6,15,36.5,18.0,0.0,27.25,0.0,22.325447692
1986,6,16,35.0,18.5,0.0,26.75,0.0,22.9952699531
1986,6,17,34.5,18.5,0.0,26.5,0.0,23.3385438022
1986,6,18,34.5,18.5,0.0,26.5,0.0,23.3385438022
1986,6,19,35.5,15.5,0.0,25.5,0.0,19.8158408408
1986,6,20,35.5,14.5,0.0,25.0,0.0,19.1413788551
1986,6,21,36.0,14.0,0.0,25.0,0.0,19.1413788551
1986,6,22,36.5,16.0,0.0,26.25,0.0,20.134399225
1986,6,23,36.0,19.5,0.0,27.75,0.0,23.8449937893
1986,6,24,30.0,16.5,5.0,23.25,0.5,25.5248256718
1986,6,25,31.5,17.0,0.0,24.25,0.0,24.0281622691
1986,6,26,33.5,17.5,0.0,25.5,0.0,23.5313109985
1986,6,27,35.0,19.0,0.0,27.0,0.0,23.7904849137
1986,6,28,35.5,20.0,0.0,27.75,0.0,23.8449937893
1986,6,29,34.0,20.0,0.0,27.0,0.0,24.9233651477
1986,6,30,33.5,20.0,0.0,26.75,0.0,25.2947969484
1986,7,1,32.0,19.5,0.0,25.75,0.0,26.8433546721
1986,7,2,30.5,18.0,0.0,24.25,0.0,26.6979580768
1986,7,3,32.5,18.0,0.0,25.25,0.0,25.1426930282
1986,7,4,26.0,18.0,0.0,22.0,0.0,30.6036517622
1986,7,5,31.0,16.0,0.0,23.5,0.0,23.7444464172
1986,7,6,32.5,16.0,0.0,24.25,0.0,22.6932643652
1986,7,7,32.5,19.5,0.0,26.0,0.0,26.4465611789
1986,7,8,31.0,20.0,0.0,25.5,0.0,27.2467811561
1986,7,9,33.0,17.5,0.0,25.25,0.0,23.8855583768
1986,7,10,33.0,17.5,0.0,25.25,0.0,23.8855583768
1986,7,11,33.0,17.5,0.0,25.25,0.0,23.8855583768
1986,7,12,34.0,18.5,0.0,26.25,0.0,23.6875285
1986,7,13,33.0,19.0,0.0,26.0,0.0,25.2444447617
1986,7,14,32.0,18.5,19.0,25.25,1.9,25.1426930282
1986,7,15,26.0,17.0,24.0,21.5,2.4,41.0219554156
1986,7,16,25.0,16.5,9.0,20.75,0.9,61.1334996481
1986,7,17,26.5,15.5,0.0,21.0,0.0,42.3020437436
1986,7,18,26.5,16.5,0.0,21.5,0.0,45.7552579635
1986,7,19,31.5,17.0,0.0,24.25,0.0,29.3677538844
1986,7,20,32.5,18.5,0.0,25.5,0.0,29.7237612612
1986,7,21,29.0,16.0,3.0,22.5,0.3,44.525598283
1986,7,22,29.0,14.5,0.0,21.75,0.0,29.5216817238
1986,7,23,30.5,14.0,0.0,22.25,0.0,25.6188241185
1986,7,24,33.5,16.5,0.0,25.0,0.0,24.2457465498
1986,7,25,34.5,17.0,0.0,25.75,0.0,24.4030497019
1986,7,26,35.5,17.5,0.0,26.5,0.0,23.3385438022
1986,7,27,35.0,16.5,0.0,25.75,0.0,21.9627447317
1986,7,28,34.5,17.0,0.0,25.75,0.0,24.4030497019
1986,7,29,37.0,17.5,0.0,27.25,0.0,21.2091753074
1986,7,30,38.0,19.0,0.0,28.5,0.0,22.8183016204
1986,7,31,39.0,19.0,0.0,29.0,0.0,21.1538818726
1986,8,1,37.5,21.5,0.0,29.5,0.0,28.3740201211
1986,8,2,36.0,18.5,11.0,27.25,1.1,35.7207163073
1986,8,3,35.5,18.5,6.0,27.0,0.6,40.7836884235
1986,8,4,35.0,18.5,0.0,26.75,0.0,34.4929049297
1986,8,5,35.0,18.5,0.0,26.75,0.0,34.4929049297
1986,8,6,34.0,19.5,0.0,26.75,0.0,40.241722418
1986,8,7,35.5,20.5,0.0,28.0,0.0,39.5179469869
1986,8,8,32.5,18.0,13.0,25.25,1.3,50.2853860563
1986,8,9,32.5,18.5,9.0,25.5,0.9,55.7320523648
1986,8,10,30.5,18.0,5.0,24.25,0.5,62.7402014804
1986,8,11,30.0,18.5,10.0,24.25,1.0,68.0797930957
1986,8,12,32.0,19.0,0.0,25.5,0.0,56.9705424174
1986,8,13,33.0,19.5,0.0,26.25,0.0,55.665691975
1986,8,14,32.5,18.5,0.0,25.5,0.0,53.2550722597
1986,8,15,33.5,19.0,0.0,26.25,0.0,52.1125627
1986,8,16,34.5,21.0,0.0,27.75,0.0,56.3608944111
1986,8,17,33.0,18.5,26.0,25.75,2.6,61.0076242547
1986,8,18,32.5,17.5,34.0,25.0,3.4,62.52850426
1986,8,19,34.0,19.0,0.0,26.5,0.0,61.8471410759
1986,8,20,35.0,18.5,0.0,26.75,0.0,57.4881748828
1986,8,21,36.0,19.5,0.0,27.75,0.0,57.4447577651
1986,8,22,35.0,19.5,0.0,27.25,0.0,60.2787087685
1986,8,23,31.5,19.5,3.0,25.5,0.3,70.5939329954
1986,8,24,29.0,16.5,0.0,22.75,0.0,68.7030155931
1986,8,25,30.0,16.5,0.0,23.25,0.0,66.6481559207
1986,8,26,28.5,17.0,0.0,22.75,0.0,70.1647818824
1986,8,27,27.5,17.5,0.0,22.5,0.0,74.2093304717
1986,8,28,29.0,18.5,6.0,23.75,0.6,72.9160152162
1986,8,29,28.5,17.5,29.0,23.0,2.9,71.9860835357
1986,8,30,27.5,16.0,5.0,21.75,0.5,69.9197725038
1986,8,31,28.5,17.0,0.0,22.75,0.0,70.1647818824
1986,9,1,30.0,15.5,0.0,22.75,0.0,64.3177167255
1986,9,2,31.0,15.5,0.0,23.25,0.0,62.3940183088
1986,9,3,31.0,15.0,0.0,23.0,0.0,60.46831017
1986,9,4,31.0,15.5,0.0,23.25,0.0,62.3940183088
1986,9,5,32.5,15.5,0.0,24.0,0.0,58.2720768307
1986,9,6,34.5,15.0,0.0,24.75,0.0,53.1100725801
1986,9,7,33.0,16.5,0.0,24.75,0.0,60.8822783236
1986,9,8,31.5,15.5,0.0,23.5,0.0,61.4562142564
1986,9,9,29.5,17.0,0.0,23.25,0.0,68.0662017914
1986,9,10,29.5,15.5,0.0,22.5,0.0,65.3042108151
1986,9,11,30.0,11.5,0.0,20.75,0.0,54.5244726591
1986,9,12,31.5,11.0,0.0,21.25,0.0,51.2695865754
1986,9,13,32.0,13.0,0.0,22.5,0.0,54.914904549
1986,9,14,31.5,11.0,0.0,21.25,0.0,51.2695865754
1986,9,15,31.5,13.5,0.0,22.5,0.0,57.8832777679
1986,9,16,31.0,13.0,0.0,22.0,0.0,56.6167557601
1986,9,17,31.0,11.0,0.0,21.0,0.0,53.6910555207
1986,9,18,32.5,11.0,0.0,21.75,0.0,49.7207271138
1986,9,19,32.0,12.0,0.0,22.0,0.0,53.5563905838
1986,9,20,32.0,13.0,0.0,22.5,0.0,54.914904549
1986,9,21,31.0,13.0,0.0,22.0,0.0,56.6167557601
1986,9,22,30.0,14.5,0.0,22.25,0.0,61.7865758153
1986,9,23,27.0,14.5,0.0,20.75,0.0,67.7425266371
1986,9,24,21.0,7.5,15.0,14.25,1.5,64.7240659367
1986,9,25,22.5,7.0,0.0,14.75,0.0,60.2633776758
1986,9,26,24.5,8.5,0.0,16.5,0.0,60.3566754358
1986,9,27,27.0,11.0,0.0,19.0,0.0,60.776953808
1986,9,28,26.5,10.0,0.0,18.25,0.0,59.8364993423
1986,9,29,24.5,8.0,0.0,16.25,0.0,59.1330455385
1986,9,30,26.0,6.5,0.0,16.25,0.0,52.5627071453
1986,10,1,29.0,7.5,0.0,18.25,0.0,50.1854510613
1986,10,2,27.0,10.5,0.0,18.75,0.0,59.8627260945
1986,10,3,23.0,11.0,0.0,17.0,0.0,68.9157513516
1986,10,4,25.5,8.0,0.0,16.75,0.0,57.2853728235
1986,10,5,25.0,10.5,4.0,17.75,0.4,63.7381131386
1986,10,6,25.0,10.0,0.0,17.5,0.0,62.7264778558
1986,10,7,26.0,11.0,0.0,18.5,0.0,62.7066509945
1986,10,8,26.0,10.5,2.0,18.25,0.2,61.7667089985
1986,10,9,26.5,10.0,8.0,18.25,0.8,59.8364993423
1986,10,10,22.0,10.0,8.0,16.0,0.8,68.9825616032
1986,10,11,19.0,8.5,7.0,13.75,0.7,71.991000208
1986,10,12,17.0,5.5,27.0,11.25,2.7,69.6188626825
1986,10,13,18.5,3.5,0.0,11.0,0.0,61.5439841845
1986,10,14,21.5,4.5,0.0,13.0,0.0,56.6856374249
1986,10,15,23.0,6.5,0.0,14.75,0.0,57.8528425688
1986,10,16,23.5,12.5,0.0,18.0,0.0,70.5867999806
1986,10,17,26.0,9.5,0.0,17.75,0.0,59.7544810675
1986,10,18,26.5,7.5,0.0,17.0,0.0,54.2972586406
1986,10,19,24.0,6.5,0.0,15.25,0.0,56.0265932953
1986,10,20,22.5,4.5,0.0,13.5,0.0,54.8746417567
1986,10,21,22.5,2.5,0.0,12.5,0.0,50.1969087783
1986,10,22,23.0,4.5,0.0,13.75,0.0,53.993250156
1986,10,23,23.5,5.0,0.0,14.25,0.0,54.766517331
1986,10,24,23.5,6.5,0.0,15.0,0.0,56.9316031092
1986,10,25,23.0,4.0,0.0,13.5,0.0,52.2615635778
1986,10,26,24.0,4.0,0.0,14.0,0.0,50.59763245
1986,10,27,24.5,5.5,0.0,15.0,0.0,54.5594529796
1986,10,28,25.5,5.0,0.0,15.25,0.0,51.3577105207
1986,10,29,24.0,7.5,0.0,15.75,0.0,58.7860229137
1986,10,30,26.0,6.0,0.0,16.0,0.0,51.1806102217
1986,10,31,25.0,7.0,0.0,16.0,0.0,55.6310980671
1986,11,1,23.0,9.5,0.0,16.25,0.0,65.7033839317
1986,11,2,16.5,8.0,15.0,12.25,1.5,76.5353723748
1986,11,3,13.0,5.5,10.0,9.25,1.0,79.4939522487
1986,11,4,14.0,5.0,0.0,9.5,0.0,74.7796505633
1986,11,5,17.5,2.5,0.0,10.0,0.0,59.1807757208
1986,11,6,19.5,2.5,0.0,11.0,0.0,55.3895857661
1986,11,7,17.5,3.0,4.0,10.25,0.4,61.4404774958
1986,11,8,15.0,-0.5,0.0,7.25,0.0,59.3098606149
1986,11,9,19.0,0.0,0.0,9.5,0.0,50.9861253841
1986,11,10,19.0,3.5,0.0,11.25,0.0,60.538141463
1986,11,11,20.0,4.0,0.0,12.0,0.0,57.628172015
1986,11,12,20.0,4.0,0.0,12.0,0.0,57.628172015
1986,11,13,15.5,6.5,0.0,11.0,0.0,73.8527810215
1986,11,14,16.0,1.5,0.0,8.75,0.0,60.7553818893
1986,11,15,16.0,7.5,0.0,11.75,0.0,76.1547658667
1986,11,16,18.5,7.0,0.0,12.75,0.0,68.5903347691
1986,11,17,18.5,7.5,0.0,13.0,0.0,70.1822177642
1986,11,18,18.0,11.5,3.0,14.75,0.3,81.9581936391
1986,11,19,19.0,5.5,0.0,12.25,0.0,65.1967986897
1986,11,20,21.0,3.0,0.0,12.0,0.0,54.7467634143
1986,11,21,21.5,5.0,0.0,13.25,0.0,58.4278081547
1986,11,22,18.5,4.5,0.0,11.5,0.0,62.5279854083
1986,11,23,14.5,-1.5,0.0,6.5,0.0,58.2492427789
1986,11,24,13.5,-2.0,0.0,5.75,0.0,56.9313223899
1986,11,25,16.5,-2.5,0.0,7.0,0.0,52.2806960146
1986,11,26,14.5,-3.0,0.0,5.75,0.0,52.5519898984
1986,11,27,17.5,-1.0,0.0,8.25,0.0,51.7422261929
1986,11,28,19.0,-0.5,0.0,9.25,0.0,51.8438819013
1986,11,29,20.0,0.0,0.0,10.0,0.0,49.3173131006
1986,11,30,17.0,-0.5,0.0,8.25,0.0,55.4380994924
1986,12,1,16.5,-4.0,0.0,6.25,0.0,46.5539869111
1986,12,2,18.0,-3.0,0.0,7.5,0.0,46.6517188814
1986,12,3,20.5,-1.0,0.0,9.75,0.0,46.8011037836
1986,12,4,18.5,-0.5,0.0,9.0,0.0,52.7176281306
1986,12,5,17.5,6.0,0.0,11.75,0.0,67.3676774974
1986,12,6,13.0,7.0,12.0,10.0,1.2,82.1955218344
1986,12,7,13.5,6.5,14.0,10.0,1.4,78.907700961
1986,12,8,10.0,2.5,6.0,6.25,0.6,76.1792513091
1986,12,9,12.0,-2.0,0.0,5.0,0.0,59.9400323773
1986,12,10,8.0,-2.5,2.0,2.75,0.2,70.0719261213
1986,12,11,7.0,-5.5,0.0,0.75,0.0,62.0622424433
1986,12,12,10.5,-4.0,0.0,3.25,0.0,57.2565558367
1986,12,13,14.0,-2.5,0.0,5.75,0.0,56.9313223899
1986,12,14,16.0,-2.0,0.0,7.0,0.0,52.2806960146
1986,12,15,17.5,-0.5,0.0,8.5,0.0,54.5144002323
1986,12,16,14.5,4.5,12.0,9.5,1.2,71.3805755377
1986,12,17,11.5,5.0,17.0,8.25,1.7,81.3092125889
1986,12,18,13.0,2.5,4.0,7.75,0.4,68.8054369437
1986,12,19,12.5,1.0,0.0,6.75,0.0,65.4475681457
1986,12,20,12.0,0.5,3.0,6.25,0.3,67.7148900525
1986,12,21,9.5,2.0,3.0,5.75,0.3,78.8279848476
1986,12,22,12.0,1.0,0.0,6.5,0.0,66.5705631758
1986,12,23,13.0,-1.0,0.0,6.0,0.0,60.270867494
1986,12,24,12.5,-0.5,0.0,6.0,0.0,64.5759294579
1986,12,25,11.0,-2.0,0.0,4.5,0.0,62.0432594102
1986,12,26,11.5,-2.5,0.0,4.5,0.0,62.0432594102
1986,12,27,12.5,-1.0,0.0,5.75,0.0,61.3106548815
1986,12,28,12.0,-1.0,0.0,5.5,0.0,62.3702958694
1986,12,29,13.0,-0.5,0.0,6.25,0.0,63.4827094243
1986,12,30,14.5,-2.0,0.0,6.25,0.0,55.0183481677
1986,12,31,14.5,-3.0,0.0,5.75,0.0,52.5519898984
1987,1,1,16.5,-0.5,0.0,8.0,0.0,56.3791355845
1987,1,2,15.5,0.0,0.0,7.75,0.0,57.3378641198
1987,1,3,16.0,-1.5,0.0,7.25,0.0,55.3558699072
1987,1,4,19.5,-0.5,0.0,9.5,0.0,50.9861253841
1987,1,5,16.5,2.0,7.0,9.25,0.7,62.2126582816
1987,1,6,12.0,0.0,0.0,6.0,0.0,64.5759294579
1987,1,7,13.0,-2.5,0.0,5.25,0.0,58.918047023
1987,1,8,11.5,-0.5,0.0,5.5,0.0,66.8253170029
1987,1,9,9.0,-6.0,0.0,1.5,0.0,58.8522233498
1987,1,10,12.5,-5.5,0.0,3.5,0.0,51.1527542621
1987,1,11,14.5,-3.5,0.0,5.5,0.0,53.4602536023
1987,1,12,16.0,-2.5,0.0,6.75,0.0,53.1761491184
1987,1,13,19.0,-3.0,0.0,8.0,0.0,45.1033084676
1987,1,14,16.5,-1.0,0.0,7.75,0.0,53.5153398451
1987,1,15,15.0,2.0,0.0,8.5,0.0,65.4172802788
1987,1,16,11.5,-2.0,7.0,4.75,0.7,60.9816328055
1987,1,17,0.5,-10.0,3.0,-4.75,0.3,64.7152526132
1987,1,18,4.5,-11.0,0.0,-3.25,0.0,57.9565780874
1987,1,19,7.5,-8.5,0.0,-0.5,0.0,54.2800911035
1987,1,20,6.0,-4.0,4.0,1.0,0.4,67.0683964417
1987,1,21,9.5,-7.5,0.0,1.0,0.0,54.8741425432
1987,1,22,12.5,-5.5,0.0,3.5,0.0,51.1527542621
1987,1,23,15.0,-2.5,0.0,6.25,0.0,55.0183481677
1987,1,24,15.0,-3.0,0.0,6.0,0.0,51.6607435663
1987,1,25,18.5,-3.0,0.0,7.75,0.0,45.8702912958
1987,1,26,20.5,-2.0,0.0,9.25,0.0,44.9313643145
1987,1,27,22.5,0.0,0.0,11.25,0.0,42.3766990241
1987,1,28,20.0,4.0,0.0,12.0,0.0,57.628172015
1987,1,29,21.5,1.0,0.0,11.25,0.0,48.4305131704
1987,1,30,22.0,1.5,0.0,11.75,0.0,46.8644713026
1987,1,31,20.0,2.5,4.0,11.25,0.4,54.4843273167
1987,2,1,16.5,-0.5,0.0,8.0,0.0,52.6205265456
1987,2,2,22.0,-0.5,0.0,10.75,0.0,40.6694312568
1987,2,3,20.5,1.5,0.0,11.0,0.0,49.2351873476
1987,2,4,17.0,3.5,0.0,10.25,0.0,64.6741868377
1987,2,5,16.0,0.0,0.0,8.0,0.0,56.3791355845
1987,2,6,16.0,3.5,0.0,9.75,0.0,66.8587196909
1987,2,7,16.5,3.5,0.0,10.0,0.0,65.7564174675
1987,2,8,17.5,3.5,0.0,10.5,0.0,60.4310480486
1987,2,9,21.0,2.5,0.0,11.75,0.0,46.8644713026
1987,2,10,21.5,3.0,0.0,12.25,0.0,48.1889381619
1987,2,11,19.5,3.0,0.0,11.25,0.0,51.4574202436
1987,2,12,19.5,3.5,0.0,11.5,0.0,53.5954160642
1987,2,13,20.0,2.5,0.0,11.25,0.0,48.4305131704
1987,2,14,18.0,5.5,0.0,11.75,0.0,64.438648041
1987,2,15,18.0,-1.5,0.0,8.25,0.0,44.3504795939
1987,2,16,15.5,0.0,0.0,7.75,0.0,53.5153398451
1987,2,17,14.5,-2.5,0.0,6.0,0.0,51.6607435663
1987,2,18,14.0,-3.0,0.0,5.5,0.0,49.0052324688
1987,2,19,11.5,-3.0,0.0,4.25,0.0,58.2695377949
1987,2,20,9.0,-3.0,0.0,3.0,0.0,63.5610401347
1987,2,21,9.0,-1.5,6.0,3.75,0.6,70.3796675401
1987,2,22,11.0,-4.0,0.0,3.5,0.0,56.2680296883
1987,2,23,11.0,-3.0,0.0,4.0,0.0,59.2876452659
1987,2,24,10.5,0.0,0.0,5.25,0.0,67.9823619496
1987,2,25,8.5,-0.5,26.0,4.0,2.6,74.1095565824
1987,2,26,6.5,-2.0,11.0,2.25,1.1,72.5717056386
1987,2,27,8.0,-3.0,0.0,2.5,0.0,65.8243651988
1987,2,28,10.5,-4.0,0.0,3.25,0.0,57.2565558367
1987,3,1,15.5,-3.0,0.0,6.25,0.0,50.7861675394
1987,3,2,17.0,-1.5,0.0,7.75,0.0,49.6928155705
1987,3,3,19.0,-1.0,0.0,9.0,0.0,45.6886110465
1987,3,4,21.0,1.5,0.0,11.25,0.0,48.4305131704
1987,3,5,22.5,4.0,0.0,13.25,0.0,50.46037977
1987,3,6,23.5,4.0,0.0,13.75,0.0,46.2799287051
1987,3,7,22.5,3.0,0.0,12.75,0.0,46.641427643
1987,3,8,19.5,2.5,0.0,11.0,0.0,52.3123865569
1987,3,9,19.5,3.0,0.0,11.25,0.0,54.4843273167
1987,3,10,17.0,4.5,4.0,10.75,0.4,65.6967735686
1987,3,11,20.0,2.0,0.0,11.0,0.0,49.2351873476
1987,3,12,22.5,1.5,0.0,12.0,0.0,43.2211290113
1987,3,13,23.5,3.5,0.0,13.5,0.0,44.4223290411
1987,3,14,22.5,2.0,0.0,12.25,0.0,42.5196513194
1987,3,15,20.0,4.0,0.0,12.0,0.0,54.7467634143
1987,3,16,11.5,-0.5,3.0,5.5,0.3,66.8253170029
1987,3,17,13.5,3.0,0.0,8.25,0.0,70.2215926904
1987,3,18,17.5,0.0,0.0,8.75,0.0,46.4599979153
1987,3,19,19.0,3.0,0.0,11.0,0.0,46.1579881384
1987,3,20,17.5,3.0,0.0,10.25,0.0,48.5056401283
1987,3,21,18.0,0.5,0.0,9.25,0.0,38.0188467276
1987,3,22,14.0,0.5,4.0,7.25,0.4,59.3098606149
1987,3,23,13.0,-2.0,0.0,5.5,0.0,49.0052324688
1987,3,24,14.5,-2.0,0.0,6.25,0.0,42.3218062828
1987,3,25,12.0,0.5,2.0,6.25,0.2,59.250528796
1987,3,26,15.5,-2.0,0.0,6.75,0.0,36.814257082
1987,3,27,17.5,0.0,0.0,8.75,0.0,35.7384599349
1987,3,28,16.0,-2.5,0.0,6.75,0.0,32.7237840728
1987,3,29,13.0,-2.5,0.0,5.25,0.0,40.7894171697
1987,3,30,15.5,-3.0,0.0,6.25,0.0,33.8574450263
1987,3,31,23.0,-0.5,0.0,11.25,0.0,24.2152565852
1987,4,1,24.5,3.5,0.0,14.0,0.0,27.8286978475
1987,4,2,24.5,3.0,0.0,13.75,0.0,28.2821786531
1987,4,3,24.0,5.5,0.0,14.75,0.0,31.3369563914
1987,4,4,21.0,2.5,10.0,11.75,1.0,41.0064123897
1987,4,5,16.5,0.0,5.0,8.25,0.5,48.0463528934
1987,4,6,19.5,2.5,0.0,11.0,0.0,40.00358972
1987,4,7,20.0,6.0,0.0,13.0,0.0,45.8883731535
1987,4,8,21.0,4.0,0.0,12.5,0.0,39.0420401609
1987,4,9,24.0,4.0,0.0,14.0,0.0,30.35857947
1987,4,10,26.0,6.5,0.0,16.25,0.0,30.6615791681
1987,4,11,26.5,7.0,0.0,16.75,0.0,31.8252071241
1987,4,12,24.5,10.0,0.0,17.25,0.0,43.1678351984
1987,4,13,23.5,3.0,0.0,13.25,0.0,29.2139040773
1987,4,14,26.5,3.0,0.0,14.75,0.0,24.1053510703
1987,4,15,30.0,5.5,0.0,17.75,0.0,23.901792427
1987,4,16,31.0,7.0,0.0,19.0,0.0,23.9424363486
1987,4,17,31.5,8.5,0.0,20.0,0.0,22.4987285508
1987,4,18,29.0,8.5,0.0,18.75,0.0,26.1899426664
1987,4,19,25.0,10.5,13.0,17.75,1.3,49.7954008896
1987,4,20,24.0,6.0,0.0,15.0,0.0,35.5822519432
1987,4,21,21.5,9.5,0.0,15.5,0.0,52.8401052633
1987,4,22,20.5,8.0,0.0,14.25,0.0,49.7877430282
1987,4,23,25.0,6.5,0.0,15.75,0.0,31.6540123382
1987,4,24,25.5,9.0,0.0,17.25,0.0,37.0010015986
1987,4,25,26.0,11.5,0.0,18.75,0.0,43.0263343804
1987,4,26,28.0,11.5,0.0,19.75,0.0,36.9121387963
1987,4,27,26.0,13.0,8.0,19.5,0.8,57.1276946769
1987,4,28,25.5,11.0,0.0,18.25,0.0,44.3948220927
1987,4,29,25.5,12.0,0.0,18.75,0.0,48.6384649518
1987,4,30,25.5,12.0,0.0,18.75,0.0,46.7677547613
1987,5,1,24.5,9.0,0.0,16.75,0.0,40.3119290239
1987,5,2,23.0,8.5,0.0,15.75,0.0,42.9590167447
1987,5,3,25.0,8.0,0.0,16.5,0.0,34.4895288205
1987,5,4,27.5,6.5,0.0,17.0,0.0,27.1486293203
1987,5,5,28.5,10.5,0.0,19.5,0.0,32.1343282558
1987,5,6,27.5,12.5,0.0,20.0,0.0,39.8054428206
1987,5,7,25.5,12.0,0.0,18.75,0.0,44.8970445709
1987,5,8,26.0,13.0,0.0,19.5,0.0,46.416251925
1987,5,9,27.5,9.5,0.0,18.5,0.0,32.3034262699
1987,5,10,26.5,11.0,0.0,18.75,0.0,37.4142038091
1987,5,11,28.5,10.5,0.0,19.5,0.0,32.1343282558
1987,5,12,29.5,11.5,0.0,20.5,0.0,31.8810093867
1987,5,13,29.5,11.0,0.0,20.25,0.0,30.6734990659
1987,5,14,30.0,13.0,0.0,21.5,0.0,33.1331178357
1987,5,15,28.5,11.0,2.0,19.75,0.2,31.6389761111
1987,5,16,29.0,8.5,0.0,18.75,0.0,26.1899426664
1987,5,17,30.0,10.5,0.0,20.25,0.0,27.265332503
1987,5,18,28.5,11.5,0.0,20.0,0.0,32.8827571127
1987,5,19,26.5,14.5,0.0,20.5,0.0,48.6604880113
1987,5,20,23.0,10.5,4.0,16.75,0.4,55.1636923485
1987,5,21,24.0,7.0,13.0,15.5,1.3,43.6505217392
1987,5,22,27.0,9.0,0.0,18.0,0.0,35.2933999903
1987,5,23,28.0,9.0,0.0,18.5,0.0,32.3034262699
1987,5,24,27.0,7.5,0.0,17.25,0.0,30.8341679988
1987,5,25,26.0,8.0,0.0,17.0,0.0,33.413697625
1987,5,26,23.5,7.0,0.0,15.25,0.0,37.3510621968
1987,5,27,23.5,5.0,0.0,14.25,0.0,24.8938715141
1987,5,28,25.0,7.0,0.0,16.0,0.0,22.2524392268
1987,5,29,27.0,7.0,0.0,17.0,0.0,18.7952049141
1987,5,30,28.5,9.0,0.0,18.75,0.0,18.7071019045
1987,5,31,31.0,10.5,0.0,20.75,0.0,19.8270809669
1987,6,1,31.5,12.0,0.0,21.75,0.0,20.19904539
1987,6,2,33.5,14.5,0.0,24.0,0.0,20.3274686619
1987,6,3,35.0,13.0,0.0,24.0,0.0,18.9723040844
1987,6,4,32.0,16.5,0.0,24.25,0.0,25.3630601729
1987,6,5,29.0,15.0,0.0,22.0,0.0,30.6036517622
1987,6,6,28.0,15.5,6.0,21.75,0.6,46.6131816692
1987,6,7,31.5,13.5,0.0,22.5,0.0,23.7469857509
1987,6,8,32.5,16.0,1.0,24.25,0.1,26.6979580768
1987,6,9,33.0,14.5,0.0,23.75,0.0,20.6366080801
1987,6,10,34.0,15.0,0.0,24.5,0.0,21.0394819462
1987,6,11,33.5,16.5,0.0,25.0,0.0,24.2457465498
1987,6,12,34.0,15.5,0.0,24.75,0.0,20.7258819825
1987,6,13,36.5,16.5,0.0,26.5,0.0,21.004689422
1987,6,14,36.0,18.0,0.0,27.0,0.0,22.6576046797
1987,6,15,37.0,19.0,0.0,28.0,0.0,22.4291050466
1987,6,16,36.0,13.5,0.0,24.75,0.0,18.1351467347
1987,6,17,36.0,12.5,0.0,24.25,0.0,17.3536727499
1987,6,18,34.5,14.0,0.0,24.25,0.0,20.0234685576
1987,6,19,34.5,12.0,0.0,23.25,0.0,18.4345963185
1987,6,20,34.5,13.0,0.0,23.75,0.0,19.260834208
1987,6,21,34.0,12.5,0.0,23.25,0.0,18.4345963185
1987,6,22,34.0,13.5,0.0,23.75,0.0,19.260834208
1987,6,23,35.5,15.0,0.0,25.25,0.0,20.1141544225
1987,6,24,36.5,17.5,0.0,27.0,0.0,21.5247244457
1987,6,25,34.5,20.0,0.0,27.25,0.0,26.7905372305
1987,6,26,36.0,19.5,0.0,27.75,0.0,23.8449937893
1987,6,27,36.5,17.5,0.0,27.0,0.0,21.5247244457
1987,6,28,36.0,17.5,0.0,26.75,0.0,21.8455064555
1987,6,29,34.5,17.5,0.0,26.0,0.0,22.8402119272
1987,6,30,36.5,14.5,0.0,25.5,0.0,18.5773507883
1987,7,1,36.0,14.5,0.0,25.25,0.0,18.8570197711
1987,7,2,37.5,14.0,0.0,25.75,0.0,18.3022872764
1987,7,3,37.0,14.0,0.0,25.5,0.0,18.5773507883
1987,7,4,36.0,16.5,0.0,26.25,0.0,21.31877565
1987,7,5,35.5,15.5,0.0,25.5,0.0,19.8158408408
1987,7,6,35.5,13.5,0.0,24.5,0.0,18.4095467029
1987,7,7,36.5,14.0,0.0,25.25,0.0,18.8570197711
1987,7,8,36.0,15.5,0.0,25.75,0.0,19.5224397615
1987,7,9,35.5,16.0,0.0,25.75,0.0,20.7425922466
1987,7,10,35.0,16.5,0.0,25.75,0.0,21.9627447317
1987,7,11,34.5,15.5,0.0,25.0,0.0,20.4174707788
1987,7,12,36.0,17.0,0.0,26.5,0.0,21.004689422
1987,7,13,38.0,16.5,0.0,27.25,0.0,20.0929029228
1987,7,14,36.5,21.0,0.0,28.75,0.0,24.5313637841
1987,7,15,33.5,17.5,4.0,25.5,0.4,24.769801051
1987,7,16,28.0,17.0,5.0,22.5,0.5,46.0097848924
1987,7,17,30.5,14.5,0.0,22.5,0.0,22.2627991415
1987,7,18,31.5,17.0,0.0,24.25,0.0,24.0281622691
1987,7,19,34.5,14.5,0.0,24.5,0.0,19.7245143245
1987,7,20,35.0,20.5,0.0,27.75,0.0,24.9288571433
1987,7,21,36.0,20.0,0.0,28.0,0.0,23.4971576679
1987,7,22,36.5,19.0,0.0,27.75,0.0,22.7611304352
1987,7,23,37.5,17.0,0.0,27.25,0.0,20.0929029228
1987,7,24,37.5,19.5,0.0,28.5,0.0,22.8183016204
1987,7,25,35.0,18.5,0.0,26.75,0.0,22.9952699531
1987,7,26,34.5,19.5,0.0,27.0,0.0,24.9233651477
1987,7,27,33.5,17.5,2.0,25.5,0.2,23.5313109985
1987,7,28,29.5,16.5,4.0,23.0,0.4,25.9149900728
1987,7,29,28.0,17.0,14.0,22.5,1.4,35.6204786264
1987,7,30,28.0,18.0,4.0,23.0,0.4,51.8299801457
1987,7,31,30.5,18.5,0.0,24.5,0.0,32.8741905409
1987,8,1,31.0,19.0,0.0,25.0,0.0,33.1783900155
1987,8,2,33.5,19.5,0.0,26.5,0.0,25.6723981825
1987,8,3,32.5,17.5,19.0,25.0,1.9,33.1783900155
1987,8,4,32.5,18.5,0.0,25.5,0.0,35.916211524
1987,8,5,31.0,17.0,12.0,24.0,1.2,46.0755956336
1987,8,6,31.5,19.0,0.0,25.25,0.0,45.2568474507
1987,8,7,30.5,19.5,0.0,25.0,0.0,51.0436769469
1987,8,8,33.5,20.0,0.0,26.75,0.0,41.3914859156
1987,8,9,32.0,19.5,0.0,25.75,0.0,45.1456419485
1987,8,10,30.5,18.5,6.0,24.5,0.6,56.5436077304
1987,8,11,27.0,17.0,19.0,22.0,1.9,67.3280338768
1987,8,12,29.5,17.5,5.0,23.5,0.5,62.8529463986
1987,8,13,31.5,17.5,0.0,24.5,0.0,48.6538020005
1987,8,14,31.0,17.5,0.0,24.25,0.0,49.391222442
1987,8,15,31.0,15.5,0.0,23.25,0.0,43.9594219903
1987,8,16,32.5,13.5,0.0,23.0,0.0,35.9930417678
1987,8,17,34.0,15.5,0.0,24.75,0.0,37.5656610933
1987,8,18,35.0,17.5,0.0,26.25,0.0,40.26879845
1987,8,19,34.5,19.0,0.0,26.75,0.0,43.6910129109
1987,8,20,33.0,18.5,0.0,25.75,0.0,42.7053369783
1987,8,21,32.0,19.0,0.0,25.5,0.0,48.3011120495
1987,8,22,32.0,15.5,17.0,23.75,1.7,46.7763116481
1987,8,23,31.0,17.0,0.0,24.0,0.0,48.7859247885
1987,8,24,29.5,17.0,5.0,23.25,0.5,62.3940183088
1987,8,25,28.5,15.0,4.0,21.75,0.4,60.5971361699
1987,8,26,28.0,14.0,7.0,21.0,0.7,60.1990622505
1987,8,27,28.5,11.5,8.0,20.0,0.8,51.9201428095
1987,8,28,30.0,15.0,0.0,22.5,0.0,51.9465313302
1987,8,29,30.5,16.5,0.0,23.5,0.0,55.8692856876
1987,8,30,32.0,14.5,0.0,23.25,0.0,46.7955137316
1987,8,31,32.0,16.0,0.0,24.0,0.0,51.4962539434
1987,9,1,30.5,16.0,0.0,23.25,0.0,55.3037889555
1987,9,2,31.0,15.0,0.0,23.0,0.0,50.390258475
1987,9,3,31.0,16.5,0.0,23.75,0.0,55.0309548801
1987,9,4,25.5,15.5,8.0,20.5,0.8,73.8297059481
1987,9,5,26.0,15.5,3.0,20.75,0.3,72.6992968788
1987,9,6,30.0,14.0,0.0,22.0,0.0,52.0262079957
1987,9,7,31.0,13.5,0.0,22.25,0.0,48.223668929
1987,9,8,32.5,13.5,0.0,23.0,0.0,46.0710934628
1987,9,9,33.0,11.5,0.0,22.25,0.0,40.6887206589
1987,9,10,33.5,12.5,0.0,23.0,0.0,41.7519284507
1987,9,11,33.5,16.0,0.0,24.75,0.0,50.5193373323
1987,9,12,32.0,15.0,0.0,23.5,0.0,51.6790892611
1987,9,13,30.0,15.5,0.0,22.75,0.0,58.4706515686
1987,9,14,27.5,11.5,0.0,19.5,0.0,55.3424542182
1987,9,15,29.0,10.0,0.0,19.5,0.0,46.416251925
1987,9,16,31.0,11.5,0.0,21.25,0.0,46.4630628339
1987,9,17,28.5,14.0,0.0,21.25,0.0,59.2804594778
1987,9,18,29.0,11.0,0.0,20.0,0.0,50.1894713825
1987,9,19,29.5,12.5,0.0,21.0,0.0,52.0640538382
1987,9,20,31.0,11.5,0.0,21.25,0.0,46.4630628339
1987,9,21,30.0,14.0,10.0,22.0,1.0,61.2073035244
1987,9,22,27.5,13.5,10.0,20.5,1.0,65.4399666358
1987,9,23,27.5,13.0,8.0,20.25,0.8,63.0510814132
1987,9,24,25.5,12.5,8.0,19.0,0.8,66.3021314269
1987,9,25,26.5,12.0,5.0,19.25,0.5,63.4633675085
1987,9,26,27.5,11.5,0.0,19.5,0.0,60.6981755942
1987,9,27,28.5,13.5,0.0,21.0,0.0,63.4530656154
1987,9,28,30.5,13.0,0.0,21.75,0.0,57.4895907253
1987,9,29,29.5,13.5,5.0,21.5,0.5,61.5329331234
1987,9,30,26.5,13.0,0.0,19.75,0.0,65.0356731172
1987,10,1,28.0,13.5,0.0,20.75,0.0,64.4380131426
1987,10,2,28.0,12.5,0.0,20.25,0.0,61.3469981318
1987,10,3,27.5,14.0,0.0,20.75,0.0,66.0902698898
1987,10,4,29.0,11.0,0.0,20.0,0.0,57.1121570904
1987,10,5,31.5,10.5,0.0,21.0,0.0,52.0640538382
1987,10,6,32.5,10.5,0.0,21.5,0.0,50.4885605115
1987,10,7,33.0,11.0,0.0,22.0,0.0,50.4960254076
1987,10,8,31.0,12.0,0.0,21.5,0.0,55.2218630594
1987,10,9,30.0,12.0,0.0,21.0,0.0,56.9450588856
1987,10,10,31.0,12.0,0.0,21.5,0.0,55.2218630594
1987,10,11,31.5,11.5,0.0,21.5,0.0,53.6440955434
1987,10,12,31.0,11.5,0.0,21.25,0.0,54.4739357363
1987,10,13,27.5,13.0,0.0,20.25,0.0,63.0510814132
1987,10,14,24.0,12.0,6.0,18.0,0.6,68.6260555367
1987,10,15,24.5,7.5,0.0,16.0,0.0,57.8563419898
1987,10,16,25.5,8.0,0.0,16.75,0.0,57.2853728235
1987,10,17,26.5,8.5,0.0,17.5,0.0,56.6561735471
1987,10,18,26.5,9.5,0.0,18.0,0.0,58.8223333171
1987,10,19,27.0,7.5,0.0,17.25,0.0,53.445891198
1987,10,20,26.5,7.5,0.0,17.0,0.0,54.2972586406
1987,10,21,25.5,9.5,0.0,17.5,0.0,60.7030430862
1987,10,22,24.0,11.5,0.0,17.75,0.0,67.7217452098
1987,10,23,22.0,11.5,4.0,16.75,0.4,72.1371361481
1987,10,24,24.0,12.0,0.0,18.0,0.0,68.6260555367
1987,10,25,26.5,10.5,0.0,18.5,0.0,60.8064494492
1987,10,26,27.5,9.5,0.0,18.5,0.0,57.0060463587
1987,10,27,29.0,11.5,0.0,20.25,0.0,57.9388315689
1987,10,28,29.5,12.5,0.0,21.0,0.0,58.572060568
1987,10,29,25.0,15.5,0.0,20.25,0.0,74.9796643833
1987,10,30,24.5,10.5,0.0,17.5,0.0,64.7499126253
1987,10,31,21.5,12.0,3.0,16.75,0.3,74.258816623
1987,11,1,19.0,10.5,12.0,14.75,1.2,77.1371234251
1987,11,2,21.0,6.0,0.0,13.5,0.0,60.1007981145
1987,11,3,22.0,6.5,0.0,14.25,0.0,59.7452916339
1987,11,4,23.0,7.0,0.0,15.0,0.0,59.3037532387
1987,11,5,24.0,10.0,0.0,17.0,0.0,64.7390391484
1987,11,6,20.0,5.5,0.0,12.75,0.0,63.1031079876
1987,11,7,18.0,2.0,0.0,10.0,0.0,59.1807757208
1987,11,8,18.0,3.0,0.0,10.5,0.0,60.4310480486
1987,11,9,18.0,5.0,0.0,11.5,0.0,65.505508523
1987,11,10,18.5,5.5,0.0,12.0,0.0,66.2723978173
1987,11,11,19.5,2.5,0.0,11.0,0.0,55.3895857661
1987,11,12,21.0,2.0,0.0,11.5,0.0,53.5954160642
1987,11,13,22.0,2.0,0.0,12.0,0.0,51.8653548135
1987,11,14,17.5,5.5,0.0,11.5,0.0,68.4830316376
1987,11,15,13.0,3.5,0.0,8.25,0.0,73.9174659899
1987,11,16,13.0,-4.0,0.0,4.5,0.0,52.4981425779
1987,11,17,17.5,-2.5,0.0,7.5,0.0,50.5393621216
1987,11,18,18.0,3.0,0.0,10.5,0.0,60.4310480486
1987,11,19,18.0,1.0,0.0,9.5,0.0,54.3852004097
1987,11,20,19.5,1.5,0.0,10.5,0.0,54.0698850961
1987,11,21,21.0,1.5,0.0,11.25,0.0,51.4574202436
1987,11,22,20.0,0.0,0.0,10.0,0.0,49.3173131006
1987,11,23,18.5,1.5,0.0,10.0,0.0,55.8929548474
1987,11,24,18.0,0.0,0.0,9.0,0.0,52.7176281306
1987,11,25,18.5,-0.5,0.0,9.0,0.0,49.2031195886
1987,11,26,16.0,-4.5,0.0,5.75,0.0,43.7933249153
1987,11,27,13.5,-5.0,0.0,4.25,0.0,48.5579481624
1987,11,28,16.5,-2.0,0.0,7.25,0.0,51.4018791996
1987,11,29,14.0,-3.0,0.0,5.5,0.0,53.4602536023
1987,11,30,14.5,-4.0,0.0,5.25,0.0,49.8537320964
1987,12,1,16.0,-3.5,0.0,6.25,0.0,46.5539869111
1987,12,2,19.5,-1.5,0.0,9.0,0.0,45.6886110465
1987,12,3,22.5,0.5,0.0,11.5,0.0,41.6853236055
1987,12,4,22.5,3.0,0.0,12.75,0.0,46.641427643
1987,12,5,18.5,4.5,3.0,11.5,0.3,62.5279854083
1987,12,6,18.0,-0.5,0.0,8.75,0.0,50.0338439088
1987,12,7,20.5,0.0,0.0,10.25,0.0,45.2719307864
1987,12,8,17.5,-1.0,0.0,8.25,0.0,48.0463528934
1987,12,9,17.5,-3.0,0.0,7.25,0.0,43.4938977843
1987,12,10,22.0,-0.5,0.0,10.75,0.0,40.6694312568
1987,12,11,23.0,1.0,0.0,12.0,0.0,40.3397204105
1987,12,12,19.5,1.0,0.0,10.25,0.0,48.5056401283
1987,12,13,14.0,-1.5,8.0,6.25,0.8,59.250528796
1987,12,14,3.0,-8.5,0.0,-2.75,0.0,63.8623481093
1987,12,15,5.5,-8.0,0.0,-1.25,0.0,57.2855955943
1987,12,16,7.5,-3.5,0.0,2.0,0.0,68.1769581691
1987,12,17,8.0,1.0,21.0,4.5,2.1,76.3609346587
1987,12,18,10.5,4.0,17.0,7.25,1.7,79.0798141532
1987,12,19,9.0,2.5,3.0,5.75,0.3,78.8279848476
1987,12,20,11.0,2.0,4.0,6.5,0.4,74.8918835728
1987,12,21,14.0,-2.0,0.0,6.0,0.0,55.9658055302
1987,12,22,17.5,-0.5,0.0,8.5,0.0,54.5144002323
1987,12,23,14.0,-1.0,0.0,6.5,0.0,58.2492427789
1987,12,24,7.5,-1.0,0.0,3.25,0.0,72.8719801558
1987,12,25,2.0,-5.0,12.0,-1.5,1.2,80.2007607487
1987,12,26,2.0,-11.5,0.0,-4.75,0.0,55.4702165256
1987,12,27,5.0,-11.5,0.0,-3.25,0.0,49.677066932
1987,12,28,11.0,-7.0,0.0,2.0,0.0,51.1327186268
1987,12,29,13.0,-1.5,0.0,5.75,0.0,61.3106548815
1987,12,30,11.0,-3.0,0.0,4.0,0.0,59.2876452659
1987,12,31,10.0,-4.0,0.0,3.0,0.0,58.2642867902
1988,1,1,11.5,-2.0,0.0,4.75,0.0,60.9816328055
1988,1,2,11.0,-1.0,0.0,5.0,0.0,64.5508040986
1988,1,3,15.0,-2.5,0.0,6.25,0.0,55.0183481677
1988,1,4,19.5,2.5,0.0,11.0,0.0,55.3895857661
1988,1,5,14.5,3.5,2.0,9.0,0.2,70.2901708408
1988,1,6,13.0,5.5,3.0,9.25,0.3,79.4939522487
1988,1,7,13.5,-2.5,0.0,5.5,0.0,57.9152747358
1988,1,8,14.5,-3.5,0.0,5.5,0.0,53.4602536023
1988,1,9,14.5,-2.5,0.0,6.0,0.0,55.9658055302
1988,1,10,17.0,-2.0,0.0,7.5,0.0,50.5393621216
1988,1,11,16.5,1.0,0.0,8.75,0.0,57.1815358958
1988,1,12,17.5,-0.5,0.0,8.5,0.0,54.5144002323
1988,1,13,17.5,-0.5,0.0,8.5,0.0,54.5144002323
1988,1,14,16.5,-2.5,0.0,7.0,0.0,52.2806960146
1988,1,15,17.0,-1.5,0.0,7.75,0.0,49.6928155705
1988,1,16,14.5,3.0,0.0,8.75,0.0,67.9030738762
1988,1,17,13.5,0.5,0.0,7.0,0.0,64.3454720179
1988,1,18,10.0,0.0,17.0,5.0,1.7,69.1615758199
1988,1,19,3.0,-3.0,9.0,0.0,0.9,78.5597381342
1988,1,20,4.0,-8.0,0.0,-2.0,0.0,60.4755525205
1988,1,21,8.0,-7.5,0.0,0.25,0.0,51.447489065
1988,1,22,8.0,-6.0,0.0,1.0,0.0,54.8741425432
1988,1,23,13.0,-5.5,0.0,3.75,0.0,45.24407199
1988,1,24,13.0,-4.0,0.0,4.5,0.0,47.7255841617
1988,1,25,12.0,-3.0,0.0,4.5,0.0,52.4981425779
1988,1,26,18.0,-3.0,0.0,7.5,0.0,34.9887891611
1988,1,27,16.5,3.0,0.0,9.75,0.0,53.4869757527
1988,1,28,20.5,2.5,0.0,11.5,0.0,41.6853236055
1988,1,29,20.0,2.5,0.0,11.25,0.0,42.3766990241
1988,1,30,18.0,4.0,0.0,11.0,0.0,52.3123865569
1988,1,31,18.0,0.0,0.0,9.0,0.0,42.1741025045
1988,2,1,15.0,1.0,0.0,8.0,0.0,52.6205265456
1988,2,2,17.0,3.0,1.0,10.0,0.1,52.605133974
1988,2,3,17.0,6.5,0.0,11.75,0.0,64.438648041
1988,2,4,13.5,5.5,8.0,9.5,0.8,78.1787255889
1988,2,5,9.0,2.0,8.0,5.5,0.8,80.1903804035
1988,2,6,9.0,0.0,0.0,4.5,0.0,71.5883762425
1988,2,7,13.0,-2.5,0.0,5.25,0.0,54.3858895597
1988,2,8,18.5,-1.0,0.0,8.75,0.0,42.8861519218
1988,2,9,19.5,0.5,0.0,10.0,0.0,42.7416713539
1988,2,10,20.0,-1.0,0.0,9.5,0.0,37.3898252816
1988,2,11,18.5,0.0,0.0,9.25,0.0,44.9313643145
1988,2,12,22.0,-0.5,0.0,10.75,0.0,34.4125956788
1988,2,13,21.0,1.0,0.0,11.0,0.0,40.00358972
1988,2,14,18.5,-0.5,0.0,9.0,0.0,42.1741025045
1988,2,15,20.5,-2.0,0.0,9.25,0.0,34.5625879342
1988,2,16,20.0,0.0,0.0,10.0,0.0,36.1660296071
1988,2,17,16.0,0.0,0.0,8.0,0.0,48.8619175066
1988,2,18,13.5,-4.0,0.0,4.75,0.0,42.2180534807
1988,2,19,11.0,-1.0,0.0,5.0,0.0,59.9400323773
1988,2,20,16.0,-2.5,0.0,6.75,0.0,40.9047300911
1988,2,21,19.5,-1.0,0.0,9.25,0.0,34.5625879342
1988,2,22,19.0,-0.5,0.0,9.25,0.0,38.0188467276
1988,2,23,20.5,-0.5,0.0,10.0,0.0,32.8782087338
1988,2,24,22.5,3.5,0.0,13.0,0.0,37.79042495
1988,2,25,21.0,4.0,0.0,12.5,0.0,39.0420401609
1988,2,26,21.5,8.0,1.0,14.75,0.1,40.9790968196
1988,2,27,21.5,5.5,0.0,13.5,0.0,33.9700163256
1988,2,28,23.5,4.5,0.0,14.0,0.0,25.298816225
1988,2,29,23.5,5.5,0.0,14.5,0.0,26.945705546
1988,3,1,20.5,3.5,0.0,12.0,0.0,31.6954946083
1988,3,2,13.0,2.5,2.0,7.75,0.2,53.5153398451
1988,3,3,13.0,2.0,0.0,7.5,0.0,50.5393621216
1988,3,4,17.0,0.5,0.0,8.75,0.0,32.1646139414
1988,3,5,20.0,2.0,0.0,11.0,0.0,27.694792883
1988,3,6,21.0,3.0,0.0,12.0,0.0,28.8140860075
1988,3,7,19.5,4.0,0.0,11.75,0.0,35.1483534769
1988,3,8,17.5,4.0,0.0,10.75,0.0,40.6694312568
1988,3,9,21.5,-2.0,0.0,9.75,0.0,20.0576159073
1988,3,10,18.0,3.0,0.0,10.5,0.0,34.9863962387
1988,3,11,13.5,-1.5,0.0,6.0,0.0,34.4404957109
1988,3,12,14.0,-5.0,0.0,4.5,0.0,28.635350497
1988,3,13,15.0,-4.0,0.0,5.5,0.0,26.7301268012
1988,3,14,20.0,-2.0,0.0,9.0,0.0,21.0870512522
1988,3,15,19.0,-1.5,0.0,8.75,0.0,21.4430759609
1988,3,16,16.5,2.0,0.0,9.25,0.0,34.5625879342
1988,3,17,15.5,-2.5,0.0,6.5,0.0,24.9639611909
1988,3,18,16.5,-2.0,0.0,7.25,0.0,23.723944246
1988,3,19,20.0,1.0,0.0,10.5,0.0,22.2640703337
1988,3,20,25.5,1.5,0.0,13.5,0.0,15.6784690733
1988,3,21,26.0,1.5,0.0,13.75,0.0,15.4266429017
1988,3,22,24.0,3.0,0.0,13.5,0.0,18.2915472522
1988,3,23,26.5,3.5,0.0,15.0,0.0,16.6050509068
1988,3,24,27.0,4.5,0.0,15.75,0.0,18.0880070504
1988,3,25,28.0,4.5,0.0,16.25,0.0,17.5209023818
1988,3,26,30.5,6.0,0.0,18.25,0.0,15.4416772496
1988,3,27,28.5,9.5,0.0,19.0,0.0,20.2589846027
1988,3,28,26.0,10.0,0.0,18.0,0.0,25.4896777708
1988,3,29,24.5,1.0,0.0,12.75,0.0,16.4616803446
1988,3,30,22.5,1.0,0.0,11.75,0.0,17.5741767385
1988,3,31,19.0,3.5,0.0,11.25,0.0,27.2421636584
1988,4,1,18.0,-2.5,0.0,7.75,0.0,19.1126213733
1988,4,2,22.5,0.5,0.0,11.5,0.0,17.8651386881
1988,4,3,25.0,2.0,0.0,13.5,0.0,15.6784690733
1988,4,4,26.0,3.5,0.0,14.75,0.0,16.8737457492
1988,4,5,25.5,7.0,0.0,16.25,0.0,19.7110151795
1988,4,6,25.5,9.0,0.0,17.25,0.0,20.5561119992
1988,4,7,27.5,9.5,0.0,18.5,0.0,20.9022169982
1988,4,8,27.5,10.0,0.0,18.75,0.0,20.577812095
1988,4,9,27.0,8.0,0.0,17.5,0.0,20.2343476954
1988,4,10,24.5,6.0,0.0,15.25,0.0,18.6755310984
1988,4,11,28.0,5.5,0.0,16.75,0.0,16.9734437995
1988,4,12,29.0,6.0,0.0,17.5,0.0,16.1874781563
1988,4,13,27.0,11.0,0.0,19.0,0.0,22.1007104756
1988,4,14,21.0,8.5,7.0,14.75,0.7,40.9790968196
1988,4,15,21.5,8.0,0.0,14.75,0.0,31.3369563914
1988,4,16,17.0,4.0,11.0,10.5,1.1,44.5281406674
1988,4,17,15.0,2.0,1.0,8.5,0.1,43.6115201859
1988,4,18,19.5,6.5,0.0,13.0,0.0,29.6924767464
1988,4,19,23.5,5.0,0.0,14.25,0.0,19.9150972113
1988,4,20,24.0,6.5,0.0,15.25,0.0,21.0099724857
1988,4,21,21.0,7.5,0.0,14.25,0.0,22.4044843627
1988,4,22,16.5,6.0,0.0,11.25,0.0,30.2690707315
1988,4,23,21.0,2.0,0.0,11.5,0.0,17.8651386881
1988,4,24,19.5,4.5,0.0,12.0,0.0,23.051268806
1988,4,25,25.5,2.0,0.0,13.75,0.0,15.4266429017
1988,4,26,28.0,4.5,0.0,16.25,0.0,17.5209023818
1988,4,27,27.5,7.5,0.0,17.5,0.0,18.2109129259
1988,4,28,23.5,10.5,7.0,17.0,0.7,27.1486293203
1988,4,29,23.5,6.5,0.0,15.0,0.0,21.3493511659
1988,4,30,27.5,9.0,0.0,18.25,0.0,19.302096562
1988,5,1,22.5,8.0,0.0,15.25,0.0,23.344413873
1988,5,2,19.5,1.0,0.0,10.25,0.0,19.4022560513
1988,5,3,27.5,4.0,0.0,15.75,0.0,15.8270061691
1988,5,4,29.0,8.0,0.0,18.5,0.0,19.0020154529
1988,5,5,27.5,10.0,0.0,18.75,0.0,20.577812095
1988,5,6,23.0,6.5,0.0,14.75,0.0,21.6948159633
1988,5,7,20.5,3.5,0.0,12.0,0.0,20.1698602053
1988,5,8,22.0,4.0,0.0,13.0,0.0,18.895212475
1988,5,9,28.0,5.5,0.0,16.75,0.0,16.9734437995
1988,5,10,31.0,8.5,0.0,19.75,0.0,17.5772089506
1988,5,11,33.0,12.5,0.0,22.75,0.0,19.0029617598
1988,5,12,32.0,16.5,0.0,24.25,0.0,24.0281622691
1988,5,13,34.0,15.5,0.0,24.75,0.0,20.7258819825
1988,5,14,33.0,15.0,0.0,24.0,0.0,21.6826332393
1988,5,15,33.0,15.0,0.0,24.0,0.0,21.6826332393
1988,5,16,33.5,16.5,0.0,25.0,0.0,22.9696546261
1988,5,17,30.5,17.0,0.0,23.75,0.0,24.7639296961
1988,5,18,26.5,14.5,0.0,20.5,0.0,25.1692179369
1988,5,19,26.0,14.0,0.0,20.0,0.0,25.9600714047
1988,5,20,27.0,13.0,0.0,20.0,0.0,24.2293999777
1988,5,21,30.0,10.0,0.0,20.0,0.0,19.0373856968
1988,5,22,32.0,11.5,0.0,21.75,0.0,18.6452726677
1988,5,23,33.0,13.0,0.0,23.0,0.0,20.15610339
1988,5,24,32.0,17.0,0.0,24.5,0.0,23.6694171894
1988,5,25,33.0,15.5,0.0,24.25,0.0,21.3583664614
1988,5,26,34.5,16.0,0.0,25.25,0.0,21.3712890739
1988,5,27,34.0,16.0,0.0,25.0,0.0,21.6935627025
1988,5,28,31.5,13.0,0.0,22.25,0.0,21.0978551564
1988,5,29,29.0,12.5,0.0,20.75,0.0,21.4793377142
1988,5,30,23.5,10.0,0.0,16.75,0.0,23.3384852244
1988,5,31,24.0,6.0,0.0,15.0,0.0,18.9772010364
1988,6,1,30.5,8.0,0.0,19.25,0.0,18.1323907167
1988,6,2,34.5,12.5,0.0,23.5,0.0,18.1575178485
1988,6,3,35.5,16.0,0.0,25.75,0.0,20.7425922466
1988,6,4,34.5,17.5,0.0,26.0,0.0,22.8402119272
1988,6,5,34.0,17.0,0.0,25.5,0.0,22.2928209459
1988,6,6,33.0,15.0,0.0,24.0,0.0,21.6826332393
1988,6,7,31.5,13.0,0.0,22.25,0.0,21.0978551564
1988,6,8,32.0,12.5,0.0,22.25,0.0,19.5908655024
1988,6,9,35.5,13.0,0.0,24.25,0.0,18.6885706537
1988,6,10,36.5,16.5,0.0,26.5,0.0,21.004689422
1988,6,11,35.0,18.0,0.0,26.5,0.0,23.3385438022
1988,6,12,33.0,12.5,0.0,22.75,0.0,19.0029617598
1988,6,13,32.5,13.0,0.0,22.75,0.0,20.464728049
1988,6,14,35.0,14.0,0.0,24.5,0.0,19.7245143245
1988,6,15,35.0,19.0,0.0,27.0,0.0,23.7904849137
1988,6,16,35.0,20.5,0.0,27.75,0.0,24.9288571433
1988,6,17,35.0,19.5,0.0,27.25,0.0,24.5579924612
1988,6,18,32.0,18.5,3.0,25.25,0.3,25.1426930282
1988,6,19,34.0,17.0,2.0,25.5,0.2,22.2928209459
1988,6,20,35.0,20.5,0.0,27.75,0.0,24.9288571433
1988,6,21,37.0,18.5,0.0,27.75,0.0,21.6772670812
1988,6,22,38.5,19.5,0.0,29.0,0.0,22.1612095808
1988,6,23,38.5,21.5,0.0,30.0,0.0,23.7605626095
1988,6,24,35.5,23.0,0.0,29.25,0.0,26.8043549735
1988,6,25,30.0,20.5,0.0,25.25,0.0,28.9140969824
1988,6,26,34.0,18.0,0.0,26.0,0.0,24.0423283445
1988,6,27,33.5,21.0,0.0,27.25,0.0,26.7905372305
1988,6,28,32.0,17.0,0.0,24.5,0.0,23.6694171894
1988,6,29,32.0,17.5,0.0,24.75,0.0,24.6119848542
1988,6,30,35.0,18.5,0.0,26.75,0.0,22.9952699531
1988,7,1,36.0,19.0,0.0,27.5,0.0,23.0986356737
1988,7,2,35.0,19.5,0.0,27.25,0.0,24.5579924612
1988,7,3,35.5,19.5,0.0,27.5,0.0,24.1985707057
1988,7,4,34.0,21.5,0.0,27.75,0.0,27.0965838515
1988,7,5,35.5,22.5,0.0,29.0,0.0,26.1905204137
1988,7,6,36.0,21.0,0.0,28.5,0.0,24.8926926768
1988,7,7,35.5,19.0,6.0,27.25,0.6,23.4417200766
1988,7,8,35.5,20.0,7.0,27.75,0.7,23.8449937893
1988,7,9,33.5,20.0,0.0,26.75,0.0,25.2947969484
1988,7,10,32.5,17.5,13.0,25.0,1.3,24.2457465498
1988,7,11,31.5,17.0,0.0,24.25,0.0,24.0281622691
1988,7,12,34.0,19.5,0.0,26.75,0.0,25.2947969484
1988,7,13,35.0,20.5,0.0,27.75,0.0,24.9288571433
1988,7,14,36.5,19.5,0.0,28.0,0.0,23.4971576679
1988,7,15,37.5,20.0,0.0,28.75,0.0,22.4870834688
1988,7,16,35.5,21.5,0.0,28.5,0.0,25.929888205
1988,7,17,35.5,22.0,0.0,28.75,0.0,25.5535039418
1988,7,18,33.5,19.5,5.0,26.5,0.5,25.6723981825
1988,7,19,32.0,18.0,12.0,25.0,1.2,25.5218384735
1988,7,20,31.0,20.0,5.0,25.5,0.5,40.8701717342
1988,7,21,31.5,20.5,0.0,26.0,0.0,32.457143265
1988,7,22,34.5,19.5,0.0,27.0,0.0,24.9233651477
1988,7,23,36.5,19.0,0.0,27.75,0.0,22.7611304352
1988,7,24,37.0,21.0,6.0,29.0,0.6,28.2051758301
1988,7,25,36.0,19.5,6.0,27.75,0.6,31.4320372677
1988,7,26,35.0,20.0,0.0,27.5,0.0,27.498375802
1988,7,27,33.0,21.0,5.0,27.0,0.5,47.5809698274
1988,7,28,32.5,18.5,11.0,25.5,1.1,39.6316816816
1988,7,29,32.0,19.5,4.0,25.75,0.4,50.0262518889
1988,7,30,30.5,17.0,15.0,23.75,1.5,48.1520855201
1988,7,31,29.0,18.0,0.0,23.5,0.0,53.0758214033
1988,8,1,28.5,18.5,11.0,23.5,1.1,67.0431428252
1988,8,2,26.0,18.0,0.0,22.0,0.0,71.9185816411
1988,8,3,31.0,17.5,0.0,24.25,0.0,46.7214266343
1988,8,4,29.5,18.5,11.0,24.0,1.1,65.047899718
1988,8,5,27.5,18.0,10.0,22.75,1.0,74.55008075
1988,8,6,29.5,20.0,0.0,24.75,0.0,68.654484067
1988,8,7,31.0,19.5,0.0,25.25,0.0,59.0853286162
1988,8,8,32.0,19.0,0.0,25.5,0.0,54.4935623123
1988,8,9,33.0,18.5,0.0,25.75,0.0,48.8060994038
1988,8,10,31.5,20.0,0.0,25.75,0.0,59.7874717697
1988,8,11,32.0,19.5,0.0,25.75,0.0,56.1270143144
1988,8,12,32.5,18.0,0.0,25.25,0.0,49.0282514049
1988,8,13,35.0,19.0,0.0,27.0,0.0,45.3152093595
1988,8,14,34.5,19.0,0.0,26.75,0.0,47.1403034039
1988,8,15,31.0,18.0,0.0,24.5,0.0,53.9136724871
1988,8,16,30.5,17.0,7.0,23.75,0.7,60.5340503682
1988,8,17,31.0,19.5,0.0,25.25,0.0,61.599597919
1988,8,18,31.0,18.5,0.0,24.75,0.0,58.2915430758
1988,8,19,32.0,19.5,15.0,25.75,1.5,65.8882341951
1988,8,20,30.5,18.5,6.0,24.5,0.6,69.6932839467
1988,8,21,28.5,18.0,11.0,23.25,1.1,73.738385274
1988,8,22,31.0,18.5,1.0,24.75,0.1,63.4730135714
1988,8,23,31.5,18.0,0.0,24.75,0.0,60.8822783236
1988,8,24,32.5,18.5,7.0,25.5,0.7,65.6399727852
1988,8,25,33.0,19.5,0.0,26.25,0.0,61.5875741
1988,8,26,33.0,18.5,0.0,25.75,0.0,59.7874717697
1988,8,27,28.5,17.5,0.0,23.0,0.0,70.5463618649
1988,8,28,28.5,17.5,4.0,23.0,0.4,71.9860835357
1988,8,29,27.5,18.0,0.0,22.75,0.0,76.0118470392
1988,8,30,29.0,17.0,0.0,23.0,0.0,67.6669185235
1988,8,31,31.0,19.0,5.0,25.0,0.5,70.185055802
1988,9,1,30.5,17.5,0.0,24.0,0.0,65.047899718
1988,9,2,30.0,17.0,0.0,23.5,0.0,65.646410683
1988,9,3,28.5,18.0,0.0,23.25,0.0,73.738385274
1988,9,4,27.5,18.5,0.0,23.0,0.0,76.3052485478
1988,9,5,26.5,16.0,0.0,21.25,0.0,72.0978561216
1988,9,6,29.0,13.0,0.0,21.0,0.0,56.9450588856
1988,9,7,31.5,13.5,0.0,22.5,0.0,53.4307179396
1988,9,8,33.0,15.0,0.0,24.0,0.0,52.8514185209
1988,9,9,35.0,16.5,0.0,25.75,0.0,52.4665568591
1988,9,10,34.0,16.5,0.0,25.25,0.0,55.313924662
1988,9,11,30.0,15.5,9.0,22.75,0.9,64.3177167255
1988,9,12,29.0,16.0,4.0,22.5,0.4,66.7883974245
1988,9,13,29.5,14.5,0.0,22.0,0.0,62.7374861125
1988,9,14,29.5,12.0,0.0,20.75,0.0,56.1767294063
1988,9,15,31.0,11.0,0.0,21.0,0.0,50.4370521558
1988,9,16,33.0,12.5,0.0,22.75,0.0,51.1618201226
1988,9,17,33.0,15.5,0.0,24.25,0.0,57.400609865
1988,9,18,31.5,13.0,0.0,22.25,0.0,54.2516275451
1988,9,19,31.0,12.0,0.0,21.5,0.0,53.6440955434
1988,9,20,28.0,15.5,6.0,21.75,0.6,68.3659997815
1988,9,21,26.5,15.5,0.0,21.0,0.0,71.5880740276
1988,9,22,25.5,13.0,0.0,19.25,0.0,67.0898456518
1988,9,23,27.5,8.5,0.0,18.0,0.0,54.9008444293
1988,9,24,29.5,11.0,0.0,20.25,0.0,56.2347482875
1988,9,25,30.5,13.0,0.0,21.75,0.0,57.4895907253
1988,9,26,31.5,14.0,0.0,22.75,0.0,58.4706515686
1988,9,27,31.0,14.0,0.0,22.5,0.0,59.3674643773
1988,9,28,30.0,11.5,0.0,20.75,0.0,56.1767294063
1988,9,29,29.5,11.0,0.0,20.25,0.0,56.2347482875
1988,9,30,29.0,9.5,0.0,19.25,0.0,54.3971721501
1988,10,1,31.5,11.5,0.0,21.5,0.0,53.6440955434
1988,10,2,30.5,12.5,0.0,21.5,0.0,56.7996305754
1988,10,3,29.5,14.0,0.0,21.75,0.0,62.1509088923
1988,10,4,30.5,14.0,0.0,22.25,0.0,60.2795861613
1988,10,5,30.0,14.5,0.0,22.25,0.0,61.7865758153
1988,10,6,29.0,13.5,0.0,21.25,0.0,62.4848086387
1988,10,7,30.0,13.0,0.0,21.5,0.0,58.3773980914
1988,10,8,30.0,13.0,0.0,21.5,0.0,58.3773980914
1988,10,9,28.5,12.5,0.0,20.5,0.0,60.4061230485
1988,10,10,24.0,13.0,0.0,18.5,0.0,70.3074571757
1988,10,11,22.0,10.5,6.0,16.25,0.6,70.0836095271
1988,10,12,26.0,10.5,0.0,18.25,0.0,61.7667089985
1988,10,13,28.0,12.5,0.0,20.25,0.0,61.3469981318
1988,10,14,25.5,10.5,11.0,18.0,1.1,62.743822205
1988,10,15,22.0,10.5,27.0,16.25,2.7,70.0836095271
1988,10,16,26.5,11.5,0.0,19.0,0.0,62.618679681
1988,10,17,29.0,13.5,10.0,21.25,1.0,62.4848086387
1988,10,18,29.0,15.0,0.0,22.0,0.0,65.7978512887
1988,10,19,24.5,16.0,6.0,20.25,0.6,76.6837476647
1988,10,20,21.5,12.5,25.0,17.0,2.5,75.1808196562
1988,10,21,24.0,12.5,8.0,18.25,0.8,69.4875476233
1988,10,22,25.5,12.5,0.0,19.0,0.0,66.3021314269
1988,10,23,24.0,13.0,0.0,18.5,0.0,70.3074571757
1988,10,24,26.5,10.5,0.0,18.5,0.0,60.8064494492
1988,10,25,26.5,11.0,0.0,18.75,0.0,61.733436285
1988,10,26,26.5,10.5,0.0,18.5,0.0,60.8064494492
1988,10,27,26.0,10.5,0.0,18.25,0.0,61.7667089985
1988,10,28,24.0,11.0,0.0,17.5,0.0,66.7733473948
1988,10,29,26.0,10.5,0.0,18.25,0.0,61.7667089985
1988,10,30,24.5,12.5,0.0,18.5,0.0,68.4072556304
1988,10,31,25.5,9.0,0.0,17.25,0.0,59.6127247978
1988,11,1,26.5,11.0,0.0,18.75,0.0,61.733436285
1988,11,2,23.0,9.5,0.0,16.25,0.0,65.7033839317
1988,11,3,24.0,7.5,0.0,15.75,0.0,58.7860229137
1988,11,4,26.0,7.5,0.0,16.75,0.0,55.1636923485
1988,11,5,27.0,8.0,0.0,17.5,0.0,54.6327387776
1988,11,6,26.5,8.5,0.0,17.5,0.0,56.6561735471
1988,11,7,26.0,10.0,0.0,18.0,0.0,60.783077761
1988,11,8,24.5,10.0,0.0,17.25,0.0,63.7239471976
1988,11,9,23.0,6.5,0.0,14.75,0.0,57.8528425688
1988,11,10,22.0,6.5,0.0,14.25,0.0,59.7452916339
1988,11,11,20.0,6.0,0.0,13.0,0.0,62.0842695606
1988,11,12,22.0,4.5,0.0,13.25,0.0,55.7719986931
1988,11,13,23.5,5.5,0.0,14.5,0.0,56.3410206871
1988,11,14,24.0,5.0,0.0,14.5,0.0,53.891411092
1988,11,15,17.5,2.0,6.0,9.75,0.6,60.1728477218
1988,11,16,15.0,-2.0,0.0,6.5,0.0,54.0885825804
1988,11,17,18.5,-0.5,0.0,9.0,0.0,52.7176281306
1988,11,18,13.5,1.5,0.0,7.5,0.0,66.089935082
1988,11,19,11.5,-2.5,0.0,4.5,0.0,62.0432594102
1988,11,20,14.5,-3.0,0.0,5.75,0.0,52.5519898984
1988,11,21,16.0,-2.0,0.0,7.0,0.0,52.2806960146
1988,11,22,17.5,-2.5,0.0,7.5,0.0,50.5393621216
1988,11,23,20.5,-0.5,0.0,10.0,0.0,49.3173131006
1988,11,24,18.0,-0.5,0.0,8.75,0.0,53.6076899023
1988,11,25,14.5,1.0,11.0,7.75,1.1,61.1603883944
1988,11,26,10.5,0.0,13.0,5.25,1.3,67.9823619496
1988,11,27,11.0,-2.0,0.0,4.5,0.0,62.0432594102
1988,11,28,15.0,-1.5,0.0,6.75,0.0,57.2666221275
1988,11,29,15.5,-1.0,0.0,7.25,0.0,55.3558699072
1988,11,30,15.5,-1.0,0.0,7.25,0.0,55.3558699072
1988,12,1,15.5,1.0,0.0,8.25,0.0,59.1339727919
1988,12,2,17.5,3.0,0.0,10.25,0.0,61.4404774958
1988,12,3,18.0,1.0,0.0,9.5,0.0,54.3852004097
1988,12,4,17.0,3.0,0.0,10.0,0.0,62.4685965941
1988,12,5,15.5,5.5,0.0,10.5,0.0,73.1533739536
1988,12,6,17.5,2.0,0.0,9.75,0.0,60.1728477218
1988,12,7,14.0,2.0,0.0,8.0,0.0,67.6549627014
1988,12,8,10.0,1.0,0.0,5.5,0.0,71.2803381364
1988,12,9,6.5,0.0,1.0,3.25,0.1,78.0771215955
1988,12,10,8.5,-1.0,0.0,3.75,0.0,70.3796675401
1988,12,11,14.5,-2.0,0.0,6.25,0.0,55.0183481677
1988,12,12,15.5,-1.0,0.0,7.25,0.0,55.3558699072
1988,12,13,16.5,1.5,0.0,9.0,0.0,59.7466452147
1988,12,14,17.5,0.5,0.0,9.0,0.0,56.2321366726
1988,12,15,19.0,3.5,0.0,11.25,0.0,60.538141463
1988,12,16,15.0,1.5,0.0,8.25,0.0,62.8298460914
1988,12,17,18.0,5.5,0.0,11.75,0.0,67.3676774974
1988,12,18,18.5,3.5,0.0,11.0,0.0,61.5439841845
1988,12,19,13.0,2.0,0.0,7.5,0.0,69.9775783222
1988,12,20,13.0,-3.5,0.0,4.75,0.0,56.2907379743
1988,12,21,12.5,-2.0,0.0,5.25,0.0,58.918047023
1988,12,22,12.5,-2.5,0.0,5.0,0.0,59.9400323773
1988,12,23,10.5,-1.0,0.0,4.75,0.0,65.6725276366
1988,12,24,13.5,-2.5,0.0,5.5,0.0,57.9152747358
1988,12,25,16.5,-1.0,0.0,7.75,0.0,53.5153398451
1988,12,26,10.0,-3.0,3.0,3.5,0.3,61.3833051145
1988,12,27,4.5,-7.5,0.0,-1.5,0.0,65.618804249
1988,12,28,8.5,-8.0,0.0,0.25,0.0,51.447489065
1988,12,29,7.0,-8.5,0.0,-0.75,0.0,55.2621607069
1988,12,30,7.5,-9.5,0.0,-1.0,0.0,49.2308713989
1989,1,1,15.0,-2.5,0.0,6.25,0.0,50.7861675394
1989,1,2,14.0,2.5,0.0,8.25,0.0,66.5257193909
1989,1,3,15.5,2.5,0.0,9.0,0.0,59.7466452147
1989,1,4,14.0,5.5,23.0,9.75,2.3,50.1440397682
1989,1,5,12.5,3.0,9.0,7.75,0.9,68.8054369437
1989,1,6,10.5,-1.0,0.0,4.75,0.0,60.9816328055
1989,1,7,6.5,-3.5,3.0,1.5,0.3,70.6226680197
1989,1,8,6.0,-6.0,0.0,0.0,0.0,58.9198036007
1989,1,9,10.0,-6.5,0.0,1.75,0.0,46.258617339
1989,1,10,15.0,-3.5,0.0,5.75,0.0,39.4139924238
1989,1,11,13.5,-2.0,0.0,5.75,0.0,48.1726574069
1989,1,12,8.0,-4.0,0.0,2.0,0.0,56.8141318076
1989,1,13,7.0,-2.0,0.0,2.5,0.0,71.3097289654
1989,1,14,13.0,-5.5,0.0,3.75,0.0,40.21695288
1989,1,15,14.0,-4.0,0.0,5.0,0.0,41.496945492
1989,1,16,15.5,-3.5,0.0,6.0,0.0,38.7455576747
1989,1,17,16.0,-2.0,0.0,7.0,0.0,40.2159200112
1989,1,18,17.5,0.0,0.0,8.75,0.0,39.3123059284
1989,1,19,17.5,-1.0,0.0,8.25,0.0,36.9587329949
1989,1,20,15.0,2.0,0.0,8.5,0.0,50.8801068835
1989,1,21,13.0,4.0,0.0,8.5,0.0,65.4172802788
1989,1,22,19.5,2.5,0.0,11.0,0.0,36.9263905107
1989,1,23,18.0,1.5,0.0,9.75,0.0,36.77229583
1989,1,24,14.0,3.5,0.0,8.75,0.0,57.1815358958
1989,1,25,12.0,1.0,0.0,6.5,0.0,54.0885825804
1989,1,26,15.5,-0.5,0.0,7.5,0.0,38.8764324012
1989,1,27,10.0,0.5,8.0,5.25,0.8,67.9823619496
1989,1,28,9.0,0.0,0.0,4.5,0.0,71.5883762425
1989,1,29,11.5,-2.5,0.0,4.5,0.0,47.7255841617
1989,1,30,15.5,0.0,0.0,7.75,0.0,42.0477670212
1989,1,31,16.5,1.0,0.0,8.75,0.0,42.8861519218
1989,2,1,15.5,5.0,0.0,10.25,0.0,58.2067681539
1989,2,2,15.0,3.5,0.0,9.25,0.0,55.3001406947
1989,2,3,17.0,2.5,0.0,9.75,0.0,43.4581677991
1989,2,4,16.5,1.5,0.0,9.0,0.0,42.1741025045
1989,2,5,15.0,2.5,0.0,8.75,0.0,50.0338439088
1989,2,6,8.5,-3.0,3.0,2.75,0.3,64.6817779581
1989,2,7,7.0,-2.5,0.0,2.25,0.0,66.9892667433
1989,2,8,13.0,-1.0,0.0,6.0,0.0,47.3556816025
1989,2,9,15.5,4.0,0.0,9.75,0.0,53.4869757527
1989,2,10,20.5,6.0,0.0,13.25,0.0,42.4929513852
1989,2,11,20.0,4.0,0.0,12.0,0.0,37.4583118098
1989,2,12,17.0,1.0,0.0,9.0,0.0,38.6595939624
1989,2,13,13.5,-1.0,0.0,6.25,0.0,42.3218062828
1989,2,14,13.0,-0.5,0.0,6.25,0.0,46.5539869111
1989,2,15,15.5,1.0,0.0,8.25,0.0,40.6546062944
1989,2,16,17.5,2.5,0.0,10.0,0.0,39.4538504805
1989,2,17,18.5,4.5,0.0,11.5,0.0,41.6853236055
1989,2,18,20.0,4.0,0.0,12.0,0.0,34.576903209
1989,2,19,19.0,3.0,0.0,11.0,0.0,36.9263905107
1989,2,20,17.0,3.5,0.0,10.25,0.0,42.0382214445
1989,2,21,18.5,-1.5,0.0,8.5,0.0,29.0743467906
1989,2,22,22.5,-0.5,0.0,11.0,0.0,21.5403944646
1989,2,23,26.0,3.0,0.0,14.5,0.0,22.0464863558
1989,2,24,26.5,4.0,0.0,15.25,0.0,23.344413873
1989,2,25,26.5,4.5,0.0,15.5,0.0,22.9739588101
1989,2,26,25.0,4.0,0.0,14.5,0.0,24.4960959509
1989,2,27,23.0,7.0,0.0,15.0,0.0,33.2101018137
1989,2,28,21.5,7.0,0.0,14.25,0.0,37.3408072712
1989,3,1,21.0,6.0,0.0,13.5,0.0,36.5830945045
1989,3,2,18.0,6.0,0.0,12.0,0.0,46.102537612
1989,3,3,13.5,3.5,0.0,8.5,0.0,54.5144002323
1989,3,4,11.0,-3.0,0.0,4.0,0.0,39.5250968439
1989,3,5,14.5,-3.0,0.0,5.75,0.0,30.6553274407
1989,3,6,20.5,2.0,0.0,11.25,0.0,27.2421636584
1989,3,7,26.0,3.5,0.0,14.75,0.0,19.2842808563
1989,3,8,28.5,5.0,0.0,16.75,0.0,19.0951242745
1989,3,9,31.5,6.5,0.0,19.0,0.0,16.5755328567
1989,3,10,32.0,7.0,0.0,19.5,0.0,16.0671641279
1989,3,11,31.0,8.0,0.0,19.5,0.0,19.6376450452
1989,3,12,29.0,6.5,0.0,17.75,0.0,19.9181603558
1989,3,13,26.0,7.5,0.0,16.75,0.0,25.4601656993
1989,3,14,24.5,5.0,0.0,14.75,0.0,24.1053510703
1989,3,15,24.5,5.0,0.0,14.75,0.0,24.1053510703
1989,3,16,25.0,5.5,0.0,15.25,0.0,23.344413873
1989,3,17,26.0,5.5,0.0,15.75,0.0,22.610008813
1989,3,18,27.0,5.5,0.0,16.25,0.0,19.7110151795
1989,3,19,25.5,6.5,0.0,16.0,0.0,24.4776831495
1989,3,20,23.0,7.5,0.0,15.25,0.0,32.6821794222
1989,3,21,21.0,2.0,0.0,11.5,0.0,23.8201849174
1989,3,22,25.0,3.0,0.0,14.0,0.0,20.23905298
1989,3,23,24.0,4.0,0.0,14.0,0.0,22.7689346025
1989,3,24,23.5,5.0,0.0,14.25,0.0,24.8938715141
1989,3,25,23.0,5.5,0.0,14.25,0.0,27.3832586655
1989,3,26,19.0,4.0,8.0,11.5,0.8,41.6853236055
1989,3,27,12.5,2.0,8.0,7.25,0.8,63.2638513225
1989,3,28,20.0,3.0,0.0,11.5,0.0,35.7302773762
1989,3,29,23.5,5.0,0.0,14.25,0.0,29.8726458169
1989,3,30,25.0,6.0,0.0,15.5,0.0,27.5687505721
1989,3,31,27.5,5.5,0.0,16.5,0.0,19.4003599615
1989,4,1,26.0,7.5,0.0,16.75,0.0,25.4601656993
1989,4,2,25.5,7.0,0.0,16.25,0.0,26.2813535727
1989,4,3,25.5,8.5,0.0,17.0,0.0,29.2369854219
1989,4,4,28.5,8.0,0.0,18.25,0.0,21.2323062182
1989,4,5,29.5,9.5,0.0,19.5,0.0,19.6376450452
1989,4,6,31.5,7.5,0.0,19.5,0.0,16.0671641279
1989,4,7,32.0,8.5,0.0,20.25,0.0,17.0408328144
1989,4,8,31.5,10.0,0.0,20.75,0.0,18.1748242197
1989,4,9,30.0,10.0,0.0,20.0,0.0,19.0373856968
1989,4,10,28.5,9.5,0.0,19.0,0.0,20.2589846027
1989,4,11,29.0,9.0,0.0,19.0,0.0,18.4172587297
1989,4,12,27.0,9.0,0.0,18.0,0.0,19.607444439
1989,4,13,25.0,9.5,0.0,17.25,0.0,22.6117231991
1989,4,14,27.5,7.0,0.0,17.25,0.0,18.5005007993
1989,4,15,28.0,8.5,0.0,18.25,0.0,19.302096562
1989,4,16,29.0,8.5,0.0,18.75,0.0,18.7071019045
1989,4,17,30.5,9.0,0.0,19.75,0.0,17.5772089506
1989,4,18,32.0,9.5,0.0,20.75,0.0,18.1748242197
1989,4,19,33.5,10.0,0.0,21.75,0.0,17.0914999454
1989,4,20,34.5,11.5,0.0,23.0,0.0,17.2766600486
1989,4,21,34.0,14.5,0.0,24.25,0.0,20.0234685576
1989,4,22,30.5,13.5,0.0,22.0,0.0,21.4225562335
1989,4,23,27.0,9.5,0.0,18.25,0.0,21.2323062182
1989,4,24,26.5,8.5,0.0,17.5,0.0,20.2343476954
1989,4,25,25.0,6.0,0.0,15.5,0.0,18.3791670481
1989,4,26,21.5,6.0,0.0,13.75,0.0,20.5688572023
1989,4,27,22.5,-0.5,0.0,11.0,0.0,15.3859960461
1989,4,28,24.0,2.0,0.0,13.0,0.0,16.1958964071
1989,4,29,25.0,4.5,0.0,14.75,0.0,19.2842808563
1989,4,30,26.5,7.0,0.0,16.75,0.0,19.0951242745
1989,5,1,29.5,8.0,0.0,18.75,0.0,18.7071019045
1989,5,2,30.5,8.5,0.0,19.5,0.0,17.8524045865
1989,5,3,31.0,10.5,0.0,20.75,0.0,19.8270809669
1989,5,4,32.0,10.5,0.0,21.25,0.0,19.2260949658
1989,5,5,33.0,11.0,0.0,22.0,0.0,18.3621910573
1989,5,6,35.0,13.0,0.0,24.0,0.0,18.9723040844
1989,5,7,35.5,12.5,0.0,24.0,0.0,17.617139507
1989,5,8,36.0,13.5,0.0,24.75,0.0,18.1351467347
1989,5,9,33.5,16.0,0.0,24.75,0.0,22.0212496064
1989,5,10,29.5,12.5,0.0,21.0,0.0,21.1510218718
1989,5,11,25.5,9.0,0.0,17.25,0.0,20.5561119992
1989,5,12,22.5,3.5,0.0,13.0,0.0,18.895212475
1989,5,13,25.0,4.5,0.0,14.75,0.0,19.2842808563
1989,5,14,24.5,7.0,0.0,15.75,0.0,20.3490079317
1989,5,15,23.5,6.5,0.0,15.0,0.0,21.3493511659
1989,5,16,18.0,8.0,6.0,13.0,0.6,26.9931606785
1989,5,17,22.0,7.0,0.0,14.5,0.0,22.0464863558
1989,5,18,28.5,9.5,0.0,19.0,0.0,20.2589846027
1989,5,19,31.0,10.0,0.0,20.5,0.0,18.457426487
1989,5,20,33.5,10.0,0.0,21.75,0.0,17.0914999454
1989,5,21,34.0,11.5,0.0,22.75,0.0,17.5411954706
1989,5,22,35.5,12.5,0.0,24.0,0.0,17.617139507
1989,5,23,35.5,11.5,0.0,23.5,0.0,16.7607857063
1989,5,24,33.0,13.0,0.0,23.0,0.0,20.15610339
1989,5,25,30.5,11.5,0.0,21.0,0.0,19.5240201893
1989,5,26,33.5,9.5,0.0,21.5,0.0,17.3554426758
1989,5,27,34.5,12.0,0.0,23.25,0.0,18.4345963185
1989,5,28,33.0,14.5,0.0,23.75,0.0,20.6366080801
1989,5,29,31.0,16.0,0.0,23.5,0.0,23.7444464172
1989,5,30,29.5,14.0,0.0,21.75,0.0,23.3065908346
1989,5,31,31.0,9.0,0.0,20.0,0.0,17.3067142698
1989,6,1,32.0,10.0,0.0,21.0,0.0,17.8970185069
1989,6,2,32.0,10.0,0.0,21.0,0.0,17.8970185069
1989,6,3,29.5,10.0,0.0,19.75,0.0,19.3349298457
1989,6,4,31.0,11.0,0.0,21.0,0.0,19.5240201893
1989,6,5,32.0,13.0,0.0,22.5,0.0,20.7786125321
1989,6,6,31.5,11.0,0.0,21.25,0.0,19.2260949658
1989,6,7,33.5,11.0,0.0,22.25,0.0,18.0838758484
1989,6,8,31.0,14.0,0.0,22.5,0.0,22.2627991415
1989,6,9,31.5,10.5,0.0,21.0,0.0,19.5240201893
1989,6,10,32.0,13.5,0.0,22.75,0.0,20.464728049
1989,6,11,33.0,14.0,0.0,23.5,0.0,20.9509821329
1989,6,12,32.0,14.0,0.0,23.0,0.0,21.5958250607
1989,6,13,34.5,14.5,0.0,24.5,0.0,19.7245143245
1989,6,14,35.5,15.5,0.0,25.5,0.0,19.8158408408
1989,6,15,36.5,17.5,0.0,27.0,0.0,21.5247244457
1989,6,16,37.0,17.5,0.0,27.25,0.0,21.2091753074
1989,6,17,37.5,17.0,0.0,27.25,0.0,20.0929029228
1989,6,18,40.0,17.0,0.0,28.5,0.0,18.6695195076
1989,6,19,40.5,19.0,0.0,29.75,0.0,20.2504128949
1989,6,20,38.0,20.0,0.0,29.0,0.0,22.1612095808
1989,6,21,37.5,19.0,0.0,28.25,0.0,22.1024621075
1989,6,22,34.5,16.5,0.0,25.5,0.0,22.2928209459
1989,6,23,34.0,14.5,0.0,24.25,0.0,20.0234685576
1989,6,24,33.5,14.5,0.0,24.0,0.0,20.3274686619
1989,6,25,34.0,14.5,0.0,24.25,0.0,20.0234685576
1989,6,26,35.5,15.0,0.0,25.25,0.0,20.1141544225
1989,6,27,34.5,16.5,0.0,25.5,0.0,22.2928209459
1989,6,28,36.0,19.0,0.0,27.5,0.0,23.0986356737
1989,6,29,37.5,17.0,0.0,27.25,0.0,20.0929029228
1989,6,30,39.5,18.5,0.0,29.0,0.0,20.1465541644
1989,7,1,38.0,18.0,0.0,28.0,0.0,21.3610524254
1989,7,2,38.0,18.0,0.0,28.0,0.0,21.3610524254
1989,7,3,40.0,18.0,0.0,29.0,0.0,20.1465541644
1989,7,4,41.0,18.5,0.0,29.75,0.0,19.286107519
1989,7,5,39.0,20.5,0.0,29.75,0.0,22.1790236468
1989,7,6,38.0,23.5,0.0,30.75,0.0,25.4825751249
1989,7,7,37.5,19.5,0.0,28.5,0.0,22.8183016204
1989,7,8,36.0,20.0,0.0,28.0,0.0,23.4971576679
1989,7,9,33.5,17.0,9.0,25.25,0.9,22.6284237254
1989,7,10,29.5,17.0,8.0,23.25,0.8,25.5248256718
1989,7,11,31.5,15.5,0.0,23.5,0.0,22.3477142751
1989,7,12,35.5,16.5,0.0,26.0,0.0,21.63809551
1989,7,13,38.0,19.0,0.0,28.5,0.0,21.7811060922
1989,7,14,37.5,21.0,0.0,29.25,0.0,23.8260933098
1989,7,15,35.5,21.5,0.0,28.5,0.0,25.929888205
1989,7,16,34.0,20.5,0.0,27.25,0.0,25.6742648458
1989,7,17,34.5,19.0,0.0,26.75,0.0,24.1450334508
1989,7,18,38.5,20.5,0.0,29.5,0.0,22.5035331995
1989,7,19,37.0,21.0,6.0,29.0,0.6,24.1758649973
1989,7,20,36.5,20.0,5.0,28.25,0.5,23.1549603031
1989,7,21,34.5,19.5,9.0,27.0,0.9,24.9233651477
1989,7,22,33.5,18.5,9.0,26.0,0.9,24.0423283445
1989,7,23,31.5,19.5,0.0,25.5,0.0,27.2467811561
1989,7,24,34.0,19.5,0.0,26.75,0.0,25.2947969484
1989,7,25,32.5,17.5,6.0,25.0,0.6,28.0740223208
1989,7,26,31.5,17.0,10.0,24.25,1.0,33.3724475959
1989,7,27,30.5,18.0,8.0,24.25,0.8,46.7214266343
1989,7,28,30.0,17.0,11.0,23.5,1.1,48.8856249767
1989,7,29,31.5,18.0,0.0,24.75,0.0,41.451763965
1989,7,30,31.0,17.0,0.0,24.0,0.0,39.2997727463
1989,7,31,32.0,18.5,0.0,25.25,0.0,40.2283088451
1989,8,1,33.5,18.0,6.0,25.75,0.6,43.9254894634
1989,8,2,33.5,17.5,0.0,25.5,0.0,34.6777214714
1989,8,3,30.5,19.5,11.0,25.0,1.1,61.2524123363
1989,8,4,28.0,17.5,5.0,22.75,0.5,67.2412493039
1989,8,5,31.5,18.5,0.0,25.0,0.0,49.7675850233
1989,8,6,32.5,17.5,9.0,25.0,0.9,52.3197688706
1989,8,7,32.5,18.5,0.0,25.5,0.0,48.3011120495
1989,8,8,30.0,18.5,13.0,24.25,1.3,65.4099972881
1989,8,9,33.0,17.5,0.0,25.25,0.0,47.7711167535
1989,8,10,31.0,17.5,0.0,24.25,0.0,53.3959161535
1989,8,11,32.0,17.5,0.0,24.75,0.0,50.5193373323
1989,8,12,32.0,19.0,0.0,25.5,0.0,55.7320523648
1989,8,13,35.0,20.5,0.0,27.75,0.0,50.9415776408
1989,8,14,34.0,18.5,0.0,26.25,0.0,47.375057
1989,8,15,34.0,18.0,0.0,26.0,0.0,45.6804238545
1989,8,16,34.0,17.5,0.0,25.75,0.0,43.9254894634
1989,8,17,32.5,18.5,5.0,25.5,0.5,59.4475225225
1989,8,18,30.0,17.5,3.0,23.75,0.3,64.6613719842
1989,8,19,32.0,17.0,0.0,24.5,0.0,49.9687696222
1989,8,20,31.5,17.0,0.0,24.25,0.0,50.7261203458
1989,8,21,31.5,16.5,0.0,24.0,0.0,50.1410893659
1989,8,22,32.5,16.5,0.0,24.5,0.0,47.3388343789
1989,8,23,33.0,15.5,0.0,24.25,0.0,44.0516308266
1989,8,24,33.0,16.5,0.0,24.75,0.0,46.6332344606
1989,8,25,32.0,13.5,0.0,22.75,0.0,42.3912223873
1989,8,26,31.5,14.0,0.0,22.75,0.0,43.8529886765
1989,8,27,32.5,14.5,0.0,23.5,0.0,43.2986964079
1989,8,28,33.0,18.0,0.0,25.5,0.0,52.0165822072
1989,8,29,32.5,16.5,0.0,24.5,0.0,48.6538020005
1989,8,30,31.5,18.5,4.0,25.0,0.4,66.356780031
1989,8,31,33.5,16.5,0.0,25.0,0.0,47.2154011759
1989,9,1,34.0,17.0,0.0,25.5,0.0,48.3011120495
1989,9,2,31.0,20.0,0.0,25.5,0.0,68.1169528903
1989,9,3,32.5,18.0,4.0,25.25,0.4,62.8567325704
1989,9,4,33.0,15.5,2.0,24.25,0.2,48.0563245382
1989,9,5,34.0,17.5,0.0,25.75,0.0,51.246404374
1989,9,6,32.0,19.5,0.0,25.75,0.0,64.66808171
1989,9,7,33.0,16.5,0.0,24.75,0.0,51.8147049562
1989,9,8,32.5,16.0,0.0,24.25,0.0,52.0610182497
1989,9,9,32.0,13.0,0.0,22.5,0.0,46.0097848924
1989,9,10,31.5,13.5,0.0,22.5,0.0,48.9781581113
1989,9,11,32.5,14.0,0.0,23.25,0.0,48.2135596022
1989,9,12,30.0,14.5,0.0,22.25,0.0,55.7586171992
1989,9,13,30.0,16.0,8.0,23.0,0.8,64.7874751821
1989,9,14,31.0,12.0,0.0,21.5,0.0,47.3330254795
1989,9,15,32.0,14.5,0.0,23.25,0.0,52.4676972142
1989,9,16,33.0,14.5,0.0,23.75,0.0,49.5278593921
1989,9,17,32.5,15.5,0.0,24.0,0.0,54.2065830983
1989,9,18,31.5,16.0,0.0,23.75,0.0,57.7825026241
1989,9,19,31.5,14.0,0.0,22.75,0.0,52.6235864118
1989,9,20,31.0,10.0,0.0,20.5,0.0,45.3045922864
1989,9,21,34.5,9.0,0.0,21.75,0.0,37.2905453354
1989,9,22,34.0,13.5,0.0,23.75,0.0,46.7763116481
1989,9,23,30.5,17.0,0.0,23.75,0.0,66.0371458562
1989,9,24,31.5,14.5,0.0,23.0,0.0,54.7094234871
1989,9,25,33.5,15.5,0.0,24.5,0.0,52.5987048654
1989,9,26,30.5,14.5,0.0,22.5,0.0,57.8832777679
1989,9,27,29.5,14.0,0.0,21.75,0.0,60.5971361699
1989,9,28,30.0,12.0,0.0,21.0,0.0,53.6910555207
1989,9,29,31.5,11.0,0.0,21.25,0.0,48.0652374144
1989,9,30,33.0,11.0,0.0,22.0,0.0,44.3752950552
1989,10,1,31.0,10.5,0.0,20.75,0.0,47.9154456701
1989,10,2,27.5,12.5,0.0,20.0,0.0,62.3041713714
1989,10,3,28.0,13.0,0.0,20.5,0.0,62.0840709109
1989,10,4,21.0,13.5,20.0,17.25,2.0,80.168836797
1989,10,5,20.0,12.0,44.0,16.0,4.4,77.8835372939
1989,10,6,25.5,9.0,0.0,17.25,0.0,59.6127247978
1989,10,7,27.0,11.0,0.0,19.0,0.0,60.776953808
1989,10,8,26.0,11.5,0.0,18.75,0.0,63.6041464754
1989,10,9,26.5,12.0,0.0,19.25,0.0,63.4633675085
1989,10,10,29.0,10.5,0.0,19.75,0.0,56.2470686419
1989,10,11,30.5,11.5,0.0,21.0,0.0,55.3180572031
1989,10,12,30.5,11.5,0.0,21.0,0.0,55.3180572031
1989,10,13,31.5,11.5,0.0,21.5,0.0,53.6440955434
1989,10,14,30.0,11.0,0.0,20.5,0.0,55.3722794611
1989,10,15,26.0,9.5,0.0,17.75,0.0,59.7544810675
1989,10,16,26.0,7.5,0.0,16.75,0.0,55.1636923485
1989,10,17,26.5,7.5,0.0,17.0,0.0,54.2972586406
1989,10,18,22.5,9.5,0.0,16.0,0.0,66.7573176805
1989,10,19,20.5,7.0,0.0,13.75,0.0,64.2776787571
1989,10,20,18.0,8.5,2.0,13.25,0.2,74.3626649241
1989,10,21,23.0,7.5,3.0,15.25,0.3,60.6954760699
1989,10,22,23.5,8.0,2.0,15.75,0.2,61.047023795
1989,10,23,26.0,8.5,0.0,17.25,0.0,57.5571135978
1989,10,24,28.5,8.0,0.0,18.25,0.0,52.1156607175
1989,10,25,25.0,9.0,0.0,17.0,0.0,60.5623269453
1989,10,26,20.0,4.5,0.0,12.25,0.0,59.5275118471
1989,10,27,23.5,2.0,0.0,12.75,0.0,46.641427643
1989,10,28,21.5,2.0,0.0,11.75,0.0,52.7225302154
1989,10,29,19.0,1.0,0.0,10.0,0.0,52.605133974
1989,10,30,18.5,-1.5,0.0,8.5,0.0,50.8801068835
1989,10,31,22.0,5.0,0.0,13.5,0.0,57.4877199356
1989,11,1,20.0,4.5,0.0,12.25,0.0,59.5275118471
1989,11,2,19.0,1.0,0.0,10.0,0.0,52.605133974
1989,11,3,21.0,3.0,0.0,12.0,0.0,54.7467634143
1989,11,4,22.5,3.0,0.0,12.75,0.0,52.1286544245
1989,11,5,22.0,3.0,0.0,12.5,0.0,50.1969087783
1989,11,6,22.0,3.5,0.0,12.75,0.0,52.1286544245
1989,11,7,21.5,3.0,0.0,12.25,0.0,51.0235815832
1989,11,8,21.0,2.5,0.0,11.75,0.0,49.793500759
1989,11,9,23.5,0.5,0.0,12.0,0.0,40.3397204105
1989,11,10,24.5,3.0,0.0,13.75,0.0,43.7088215549
1989,11,11,26.0,3.5,0.0,14.75,0.0,43.3896319266
1989,11,12,25.0,3.5,0.0,14.25,0.0,44.8089687254
1989,11,13,23.0,4.0,0.0,13.5,0.0,49.6484853989
1989,11,14,21.5,4.5,0.0,13.0,0.0,56.6856374249
1989,11,15,21.5,2.0,0.0,11.75,0.0,49.793500759
1989,11,16,21.0,0.5,0.0,10.75,0.0,46.9262668347
1989,11,17,19.5,0.0,0.0,9.75,0.0,46.8011037836
1989,11,18,20.5,3.0,0.0,11.75,0.0,52.7225302154
1989,11,19,20.5,4.5,0.0,12.5,0.0,58.5630602413
1989,11,20,22.5,10.0,0.0,16.25,0.0,67.8934967294
1989,11,21,17.0,5.0,2.0,11.0,0.2,67.698382603
1989,11,22,21.0,3.0,0.0,12.0,0.0,51.8653548135
1989,11,23,21.0,5.0,0.0,13.0,0.0,59.3849534928
1989,11,24,21.0,5.0,0.0,13.0,0.0,59.3849534928
1989,11,25,19.5,4.0,0.0,11.75,0.0,58.5805891282
1989,11,26,18.0,4.5,0.0,11.25,0.0,63.5650485362
1989,11,27,15.0,2.0,0.0,8.5,0.0,65.4172802788
1989,11,28,11.5,-3.5,0.0,4.0,0.0,59.2876452659
1989,11,29,8.5,0.5,0.0,4.5,0.0,76.3609346587
1989,11,30,10.5,-2.5,0.0,4.0,0.0,64.2282823714
1989,12,1,14.5,-5.0,0.0,4.75,0.0,46.9089483119
1989,12,2,11.5,0.0,0.0,5.75,0.0,65.689987373
1989,12,3,13.5,2.0,0.0,7.75,0.0,68.8054369437
1989,12,4,18.0,0.5,0.0,9.25,0.0,51.8438819013
1989,12,5,21.0,-2.0,0.0,9.5,0.0,40.7889003072
1989,12,6,18.5,0.0,0.0,9.25,0.0,51.8438819013
1989,12,7,16.0,-2.0,0.0,7.0,0.0,52.2806960146
1989,12,8,15.5,-0.5,0.0,7.5,0.0,58.3146486018
1989,12,9,21.5,-1.5,0.0,10.0,0.0,39.4538504805
1989,12,10,19.0,-0.5,0.0,9.25,0.0,48.3876231079
1989,12,11,12.0,-0.5,0.0,5.75,0.0,65.689987373
1989,12,12,11.0,-7.5,0.0,1.75,0.0,52.0409445064
1989,12,13,15.5,-7.0,0.0,4.25,0.0,38.8463585299
1989,12,14,17.0,-4.5,0.0,6.25,0.0,42.3218062828
1989,12,15,16.0,-4.5,0.0,5.75,0.0,43.7933249153
1989,12,16,13.0,1.5,0.0,7.25,0.0,67.2178420302
1989,12,17,14.0,-3.0,0.0,5.5,0.0,53.4602536023
1989,12,18,14.0,-3.5,0.0,5.25,0.0,49.8537320964
1989,12,19,14.0,0.0,0.0,7.0,0.0,60.3238800168
1989,12,20,15.5,-1.5,0.0,7.0,0.0,52.2806960146
1989,12,21,14.0,-2.5,0.0,5.75,0.0,52.5519898984
1989,12,22,15.5,-4.5,0.0,5.5,0.0,44.5502113353
1989,12,23,14.5,-2.0,0.0,6.25,0.0,55.0183481677
1989,12,24,19.0,-1.5,0.0,8.75,0.0,42.8861519218
1989,12,25,17.5,1.5,0.0,9.5,0.0,54.3852004097
1989,12,26,15.5,1.0,0.0,8.25,0.0,59.1339727919
1989,12,27,19.5,0.5,0.0,10.0,0.0,46.0294922273
1989,12,28,15.0,4.5,0.0,9.75,0.0,70.2016556754
1989,12,29,11.0,2.0,5.0,6.5,0.5,74.8918835728
1989,12,30,12.0,-1.5,5.0,5.25,0.5,63.4502044863
1989,12,31,10.5,-4.0,0.0,3.25,0.0,57.2565558367
1990,1,1,13.0,-3.5,0.0,4.75,0.0,56.2907379743
1990,1,2,14.0,-2.0,0.0,6.0,0.0,55.9658055302
1990,1,3,8.5,-2.5,9.0,3.0,0.9,68.8577934793
1990,1,4,9.0,-6.5,0.0,1.25,0.0,53.9112700979
1990,1,5,8.5,-3.5,0.0,2.5,0.0,65.8243651988
1990,1,6,9.0,-4.0,0.0,2.5,0.0,60.3390014323
1990,1,7,13.5,-5.5,0.0,4.0,0.0,49.4063710549
1990,1,8,18.5,-3.5,0.0,7.5,0.0,42.7640756413
1990,1,9,21.5,0.0,0.0,10.75,0.0,46.9262668347
1990,1,10,22.5,2.0,0.0,12.25,0.0,48.1889381619
1990,1,11,22.5,2.0,0.0,12.25,0.0,48.1889381619
1990,1,12,20.0,2.0,0.0,11.0,0.0,52.3123865569
1990,1,13,19.0,3.0,0.0,11.0,0.0,58.4667849753
1990,1,14,18.0,0.5,0.0,9.25,0.0,55.3001406947
1990,1,15,15.0,0.0,0.0,7.5,0.0,58.3146486018
1990,1,16,11.0,-1.5,0.0,4.75,0.0,65.6725276366
1990,1,17,12.0,-4.0,0.0,4.0,0.0,54.3470081604
1990,1,18,8.5,-3.0,1.0,2.75,0.1,64.6817779581
1990,1,19,5.5,-4.0,2.0,0.75,0.2,68.2684666877
1990,1,20,10.0,-7.0,0.0,1.5,0.0,52.9670010148
1990,1,21,12.5,-3.5,0.0,4.5,0.0,57.270700994
1990,1,22,14.5,3.5,3.0,9.0,0.3,70.2901708408
1990,1,23,17.5,4.5,6.0,11.0,0.6,64.6211833938
1990,1,24,16.5,0.5,0.0,8.5,0.0,58.1486935812
1990,1,25,15.5,-3.5,0.0,6.0,0.0,51.6607435663
1990,1,26,20.5,-3.0,0.0,8.75,0.0,42.8861519218
1990,1,27,19.0,-1.5,0.0,8.75,0.0,46.4599979153
1990,1,28,16.5,-4.5,0.0,6.0,0.0,47.3556816025
1990,1,29,18.0,-4.5,0.0,6.75,0.0,44.9952031002
1990,1,30,20.0,-4.0,0.0,8.0,0.0,41.3446994287
1990,1,31,14.5,4.0,0.0,9.25,0.0,69.1251758684
1990,2,1,7.5,1.0,6.0,4.25,0.6,77.6927170599
1990,2,2,4.5,-2.5,13.0,1.0,1.3,79.2626503402
1990,2,3,9.0,-6.0,0.0,1.5,0.0,58.8522233498
1990,2,4,14.0,-1.0,0.0,6.5,0.0,58.2492427789
1990,2,5,11.5,-2.0,0.0,4.75,0.0,60.9816328055
1990,2,6,16.0,-4.0,0.0,6.0,0.0,47.3556816025
1990,2,7,18.0,-1.0,0.0,8.5,0.0,50.8801068835
1990,2,8,13.5,4.0,0.0,8.75,0.0,71.4769198697
1990,2,9,11.5,0.0,7.0,5.75,0.7,65.689987373
1990,2,10,16.0,-3.0,0.0,6.5,0.0,49.9279223819
1990,2,11,22.5,0.0,0.0,11.25,0.0,42.3766990241
1990,2,12,22.5,2.5,0.0,12.5,0.0,47.4081916239
1990,2,13,17.0,5.0,0.0,11.0,0.0,67.698382603
1990,2,14,12.5,-2.0,5.0,5.25,0.5,58.918047023
1990,2,15,3.0,-9.0,2.0,-3.0,0.2,65.03729123
1990,2,16,10.5,-9.5,0.0,0.5,0.0,44.2223492666
1990,2,17,15.0,-5.0,0.0,5.0,0.0,46.1077172133
1990,2,18,14.5,-3.5,0.0,5.5,0.0,49.0052324688
1990,2,19,10.5,-2.0,4.0,4.25,0.4,63.1253326111
1990,2,20,10.0,-5.5,0.0,2.25,0.0,55.8243889528
1990,2,21,14.0,-3.5,0.0,5.25,0.0,54.3858895597
1990,2,22,18.5,-3.0,0.0,7.75,0.0,45.8702912958
1990,2,23,22.5,-0.5,0.0,11.0,0.0,43.0807889292
1990,2,24,23.5,2.0,0.0,12.75,0.0,43.8978142523
1990,2,25,24.5,5.0,0.0,14.75,0.0,48.2107021407
1990,2,26,21.5,7.0,0.0,14.25,0.0,59.7452916339
1990,2,27,21.0,4.5,0.0,12.75,0.0,54.8722678153
1990,2,28,19.5,3.0,0.0,11.25,0.0,54.4843273167
1990,3,1,18.0,4.5,0.0,11.25,0.0,63.5650485362
1990,3,2,19.5,3.0,0.0,11.25,0.0,54.4843273167
1990,3,3,19.5,6.0,0.0,12.75,0.0,63.1031079876
1990,3,4,22.5,9.5,0.0,16.0,0.0,64.5320737578
1990,3,5,19.5,3.5,0.0,11.5,0.0,53.5954160642
1990,3,6,14.5,0.0,0.0,7.25,0.0,59.3098606149
1990,3,7,18.5,-1.5,0.0,8.5,0.0,43.6115201859
1990,3,8,23.5,0.5,0.0,12.0,0.0,37.4583118098
1990,3,9,21.0,7.0,0.0,14.0,0.0,60.71715894
1990,3,10,16.5,6.5,11.0,11.5,1.1,71.4605547523
1990,3,11,14.0,0.0,3.0,7.0,0.3,60.3238800168
1990,3,12,14.0,2.0,0.0,8.0,0.0,67.6549627014
1990,3,13,10.5,-0.5,0.0,5.0,0.0,69.1615758199
1990,3,14,9.0,-6.0,0.0,1.5,0.0,58.8522233498
1990,3,15,13.5,-3.5,0.0,5.0,0.0,50.7184889346
1990,3,16,17.0,-2.5,0.0,7.25,0.0,43.4938977843
1990,3,17,23.0,1.0,0.0,12.0,0.0,34.576903209
1990,3,18,23.5,2.5,0.0,13.0,0.0,37.79042495
1990,3,19,23.5,4.5,0.0,14.0,0.0,40.47810596
1990,3,20,26.5,8.0,0.0,17.25,0.0,41.1122239985
1990,3,21,26.0,7.0,0.0,16.5,0.0,40.9563154743
1990,3,22,27.5,6.0,0.0,16.75,0.0,29.7035266492
1990,3,23,27.5,7.0,0.0,17.25,0.0,30.8341679988
1990,3,24,28.0,7.5,0.0,17.75,0.0,29.8772405337
1990,3,25,26.5,7.5,0.0,17.0,0.0,31.3253415234
1990,3,26,24.5,9.5,0.0,17.0,0.0,41.7671220312
1990,3,27,23.0,10.0,0.0,16.5,0.0,47.4231021282
1990,3,28,20.0,6.5,0.0,13.25,0.0,47.8045703084
1990,3,29,15.0,2.5,8.0,8.75,0.8,57.1815358958
1990,3,30,15.5,0.5,5.0,8.0,0.5,48.8619175066
1990,3,31,17.5,4.5,0.0,11.0,0.0,49.2351873476
1990,4,1,17.5,3.0,3.0,10.25,0.3,51.7393494702
1990,4,2,20.5,3.0,0.0,11.75,0.0,38.0773829333
1990,4,3,23.5,5.0,0.0,14.25,0.0,34.8514201198
1990,4,4,24.5,5.5,0.0,15.0,0.0,30.8379516841
1990,4,5,21.0,8.0,0.0,14.5,0.0,46.5425823067
1990,4,6,23.0,5.5,0.0,14.25,0.0,32.3620329683
1990,4,7,24.0,8.0,0.0,16.0,0.0,35.6039027629
1990,4,8,23.0,8.0,0.0,15.5,0.0,39.0557299772
1990,4,9,22.5,6.5,0.0,14.5,0.0,36.7441439263
1990,4,10,27.5,6.0,0.0,16.75,0.0,25.4601656993
1990,4,11,28.5,8.0,0.0,18.25,0.0,25.0927255307
1990,4,12,27.5,8.0,0.0,17.75,0.0,27.8854244982
1990,4,13,29.0,8.0,0.0,18.5,0.0,24.7026200887
1990,4,14,30.0,9.0,0.0,19.5,0.0,24.9933664211
1990,4,15,29.5,9.0,0.0,19.25,0.0,25.3853470034
1990,4,16,26.0,9.5,0.0,17.75,0.0,33.8608726049
1990,4,17,24.0,11.5,0.0,17.75,0.0,45.8117688184
1990,4,18,21.5,5.0,0.0,13.25,0.0,34.5255230005
1990,4,19,24.0,5.5,0.0,14.75,0.0,28.9264212844
1990,4,20,27.5,8.0,0.0,17.75,0.0,25.8936084626
1990,4,21,29.0,8.5,0.0,18.75,0.0,22.4485222854
1990,4,22,26.0,9.0,0.0,17.5,0.0,30.3515215431
1990,4,23,23.5,9.0,0.0,16.25,0.0,35.0418047635
1990,4,24,18.5,6.0,4.0,12.25,0.4,48.1889381619
1990,4,25,17.5,5.5,2.0,11.5,0.2,44.6628467202
1990,4,26,23.5,5.5,0.0,14.5,0.0,26.945705546
1990,4,27,27.5,8.5,0.0,18.0,0.0,23.5289333269
1990,4,28,29.0,10.0,0.0,19.5,0.0,23.2081259625
1990,4,29,27.5,13.5,0.0,20.5,0.0,35.2369051116
1990,4,30,25.5,11.0,0.0,18.25,0.0,34.7437738117
1990,5,1,21.5,7.5,0.0,14.5,0.0,36.7441439263
1990,5,2,17.5,5.5,0.0,11.5,0.0,44.6628467202
1990,5,3,24.0,3.5,0.0,13.75,0.0,17.997750052
1990,5,4,25.0,10.5,0.0,17.75,0.0,23.901792427
1990,5,5,25.0,11.5,0.0,18.25,0.0,25.0927255307
1990,5,6,25.5,11.5,0.0,18.5,0.0,22.8024185435
1990,5,7,29.0,9.5,0.0,19.25,0.0,19.9456297884
1990,5,8,28.5,13.5,0.0,21.0,0.0,22.7780235542
1990,5,9,28.5,9.5,0.0,19.0,0.0,20.2589846027
1990,5,10,27.0,12.0,0.0,19.5,0.0,23.2081259625
1990,5,11,24.5,9.5,0.0,17.0,0.0,22.9719171172
1990,5,12,28.0,6.0,0.0,17.0,0.0,16.7068488125
1990,5,13,29.5,7.5,0.0,18.5,0.0,17.1018139076
1990,5,14,28.5,11.0,0.0,19.75,0.0,21.0926507407
1990,5,15,27.0,12.5,0.0,19.75,0.0,22.8503716358
1990,5,16,29.0,8.0,0.0,18.5,0.0,19.0020154529
1990,5,17,30.5,11.5,0.0,21.0,0.0,19.5240201893
1990,5,18,28.5,11.0,0.0,19.75,0.0,21.0926507407
1990,5,19,27.0,8.0,0.0,17.5,0.0,20.2343476954
1990,5,20,27.0,7.5,0.0,17.25,0.0,18.5005007993
1990,5,21,32.5,8.5,0.0,20.5,0.0,16.7794786246
1990,5,22,33.0,12.5,0.0,22.75,0.0,19.0029617598
1990,5,23,34.5,13.5,0.0,24.0,0.0,18.9723040844
1990,5,24,32.0,19.5,0.0,25.75,0.0,26.8433546721
1990,5,25,30.5,12.5,0.0,21.5,0.0,20.5109777078
1990,5,26,29.5,11.5,0.0,20.5,0.0,20.1353743495
1990,5,27,31.0,10.0,0.0,20.5,0.0,18.457426487
1990,5,28,29.0,11.0,0.0,20.0,0.0,20.7680571238
1990,5,29,25.5,9.5,0.0,17.5,0.0,22.2577824649
1990,5,30,28.5,8.0,0.0,18.25,0.0,19.302096562
1990,5,31,29.5,10.0,0.0,19.75,0.0,19.3349298457
1990,6,1,28.5,11.5,0.0,20.0,0.0,20.7680571238
1990,6,2,33.5,10.5,0.0,22.0,0.0,18.3621910573
1990,6,3,37.5,13.5,0.0,25.5,0.0,17.3388607357
1990,6,4,39.5,15.5,0.0,27.5,0.0,17.5989605133
1990,6,5,36.5,17.0,0.0,26.75,0.0,20.6957429578
1990,6,6,35.5,17.0,0.0,26.25,0.0,21.31877565
1990,6,7,35.0,18.0,0.0,26.5,0.0,23.3385438022
1990,6,8,35.0,19.0,0.0,27.0,0.0,23.7904849137
1990,6,9,32.5,18.0,5.0,25.25,0.5,25.1426930282
1990,6,10,31.5,16.5,6.0,24.0,0.6,24.3929623942
1990,6,11,34.0,14.5,0.0,24.25,0.0,20.0234685576
1990,6,12,32.5,15.5,0.0,24.0,0.0,21.6826332393
1990,6,13,32.5,14.0,0.0,23.25,0.0,21.2706880598
1990,6,14,32.5,16.5,0.0,24.5,0.0,23.6694171894
1990,6,15,31.0,16.5,0.0,23.75,0.0,24.7639296961
1990,6,16,32.0,10.5,0.0,21.25,0.0,19.2260949658
1990,6,17,36.0,11.5,0.0,23.75,0.0,16.509286464
1990,6,18,38.0,16.5,0.0,27.25,0.0,20.0929029228
1990,6,19,37.5,19.0,0.0,28.25,0.0,22.1024621075
1990,6,20,38.0,16.0,0.0,27.0,0.0,19.2589639778
1990,6,21,39.0,16.0,0.0,27.5,0.0,18.6988955454
1990,6,22,40.0,18.0,0.0,29.0,0.0,20.1465541644
1990,6,23,39.0,18.5,0.0,28.75,0.0,20.4428031535
1990,6,24,40.0,20.5,0.0,30.25,0.0,21.5455236733
1990,6,25,42.0,22.0,0.0,32.0,0.0,21.1760709381
1990,6,26,42.0,21.5,0.0,31.75,0.0,21.4813168996
1990,6,27,41.0,25.5,0.0,33.25,0.0,25.2423611045
1990,6,28,41.0,22.0,0.0,31.5,0.0,21.7914749824
1990,6,29,38.0,22.0,0.0,30.0,0.0,23.7605626095
1990,6,30,39.5,21.0,3.0,30.25,0.3,22.4822855721
1990,7,1,37.5,23.0,0.0,30.25,0.0,25.2925712687
1990,7,2,33.5,19.5,0.0,26.5,0.0,25.6723981825
1990,7,3,32.5,17.5,0.0,25.0,0.0,24.2457465498
1990,7,4,32.0,19.0,1.0,25.5,0.1,26.0082911036
1990,7,5,29.0,20.5,0.0,24.75,0.0,29.7934553498
1990,7,6,30.5,19.0,6.0,24.75,0.6,27.202720102
1990,7,7,28.0,17.0,8.0,22.5,0.8,26.7153589698
1990,7,8,29.0,17.0,4.0,23.0,0.4,25.9149900728
1990,7,9,29.0,17.5,10.0,23.25,1.0,28.3609174131
1990,7,10,32.5,18.5,0.0,25.5,0.0,24.769801051
1990,7,11,34.0,18.5,0.0,26.25,0.0,23.6875285
1990,7,12,33.0,19.5,0.0,26.25,0.0,26.05628135
1990,7,13,33.5,20.0,0.0,26.75,0.0,25.2947969484
1990,7,14,31.0,19.0,0.0,25.0,0.0,26.7979303971
1990,7,15,26.0,16.5,13.0,21.25,1.3,46.4630628339
1990,7,16,28.0,18.0,22.0,23.0,2.2,51.8299801457
1990,7,17,31.0,16.5,0.0,23.75,0.0,34.3943468001
1990,7,18,34.0,18.5,0.0,26.25,0.0,31.978163475
1990,7,19,34.5,19.5,0.0,27.0,0.0,32.8535267856
1990,7,20,31.5,18.0,16.0,24.75,1.6,47.9286020845
1990,7,21,31.0,20.0,0.0,25.5,0.0,53.2550722597
1990,7,22,32.5,17.5,0.0,25.0,0.0,38.2827577102
1990,7,23,31.5,16.5,18.0,24.0,1.8,47.430760211
1990,7,24,28.5,17.5,37.0,23.0,3.7,64.7874751821
1990,7,25,30.5,16.0,0.0,23.25,0.0,52.4676972142
1990,7,26,31.0,17.5,0.0,24.25,0.0,54.7308140574
1990,7,27,32.5,16.5,0.0,24.5,0.0,47.3388343789
1990,7,28,33.5,17.0,0.0,25.25,0.0,46.5139821021
1990,7,29,34.5,17.5,0.0,26.0,0.0,45.6804238545
1990,7,30,32.5,18.0,0.0,25.25,0.0,51.5425207078
1990,7,31,32.0,18.0,6.0,25.0,0.6,61.2524123363
1990,8,1,30.0,16.5,13.0,23.25,1.3,63.8120641794
1990,8,2,29.0,16.0,5.0,22.5,0.5,66.7883974245
1990,8,3,30.5,16.0,0.0,23.25,0.0,56.7218348261
1990,8,4,32.0,17.0,20.0,24.5,2.0,61.8034782169
1990,8,5,30.5,18.5,0.0,24.5,0.0,68.3783163251
1990,8,6,26.5,17.5,0.0,22.0,0.0,76.5091294055
1990,8,7,26.5,16.0,0.0,21.25,0.0,72.0978561216
1990,8,8,29.5,17.5,0.0,23.5,0.0,68.4398749674
1990,8,9,32.5,18.0,0.0,25.25,0.0,60.3424632676
1990,8,10,33.5,17.0,0.0,25.25,0.0,54.0567900106
1990,8,11,32.0,17.5,0.0,24.75,0.0,59.5869106997
1990,8,12,28.0,16.5,0.0,22.25,0.0,69.3215240855
1990,8,13,23.0,15.5,32.0,19.25,3.2,79.7825191535
1990,8,14,25.0,14.5,15.0,19.75,1.5,72.0665566975
1990,8,15,23.5,15.5,15.0,19.5,1.5,78.5505801807
1990,8,16,28.5,15.0,0.0,21.75,0.0,66.8122270592
1990,8,17,29.5,15.0,3.0,22.25,0.3,64.8005551234
1990,8,18,30.5,15.5,0.0,23.0,0.0,63.3477535114
1990,8,19,31.0,15.0,0.0,23.0,0.0,61.9080318407
1990,8,20,31.0,17.0,0.0,24.0,0.0,65.047899718
1990,8,21,32.0,15.0,0.0,23.5,0.0,60.0594821142
1990,8,22,32.0,16.0,0.0,24.0,0.0,60.9824059856
1990,8,23,32.0,16.5,0.0,24.25,0.0,62.7402014804
1990,8,24,31.5,14.5,0.0,23.0,0.0,59.0285884992
1990,8,25,32.0,13.0,0.0,22.5,0.0,54.914904549
1990,8,26,32.5,16.5,0.0,24.5,0.0,61.8034782169
1990,8,27,33.0,18.5,0.0,25.75,0.0,64.66808171
1990,8,28,34.0,16.5,0.0,25.25,0.0,59.0853286162
1990,8,29,34.5,18.5,0.0,26.5,0.0,61.8471410759
1990,8,30,33.5,16.5,0.0,25.0,0.0,59.9763204127
1990,8,31,31.0,18.5,0.0,24.75,0.0,68.654484067
1990,9,1,29.5,17.5,6.0,23.5,0.6,69.8366071096
1990,9,2,31.0,17.5,2.0,24.25,0.2,66.7448951919
1990,9,3,29.0,17.5,0.0,23.25,0.0,70.9022935327
1990,9,4,30.0,16.0,0.0,23.0,0.0,64.7874751821
1990,9,5,28.5,17.5,0.0,23.0,0.0,71.9860835357
1990,9,6,30.5,16.0,0.0,23.25,0.0,63.8120641794
1990,9,7,33.5,16.5,0.0,25.0,0.0,59.9763204127
1990,9,8,34.0,19.5,0.0,26.75,0.0,65.5365193664
1990,9,9,35.5,18.0,0.0,26.75,0.0,59.7877018781
1990,9,10,36.0,19.0,0.0,27.5,0.0,60.4964267644
1990,9,11,36.5,19.5,0.0,28.0,0.0,60.8789994123
1990,9,12,34.0,17.5,0.0,25.75,0.0,61.0076242547
1990,9,13,34.0,18.0,0.0,26.0,0.0,62.5100536956
1990,9,14,31.0,17.5,0.0,24.25,0.0,66.7448951919
1990,9,15,28.5,15.5,0.0,22.0,0.0,67.3280338768
1990,9,16,28.0,16.0,0.0,22.0,0.0,68.8582164649
1990,9,17,29.0,14.0,0.0,21.5,0.0,63.1107006393
1990,9,18,29.0,15.5,0.0,22.25,0.0,66.3075447774
1990,9,19,28.5,15.5,0.0,22.0,0.0,67.3280338768
1990,9,20,27.0,16.0,0.0,21.5,0.0,70.9995382193
1990,9,21,29.0,13.0,0.0,21.0,0.0,60.1990622505
1990,9,22,24.5,16.0,5.0,20.25,0.5,76.6837476647
1990,9,23,22.5,15.5,0.0,19.0,0.0,81.0359384107
1990,9,24,28.0,13.5,0.0,20.75,0.0,64.4380131426
1990,9,25,30.5,14.5,0.0,22.5,0.0,60.8516509868
1990,9,26,31.5,14.0,0.0,22.75,0.0,58.4706515686
1990,9,27,31.0,13.5,0.0,22.25,0.0,58.7725965072
1990,9,28,29.5,10.5,0.0,20.0,0.0,55.3814856634
1990,9,29,27.0,12.5,0.0,19.75,0.0,63.2779522222
1990,9,30,22.0,12.0,15.0,17.0,1.5,73.0924635547
1990,10,1,19.5,12.0,8.0,15.75,0.8,79.1350308454
1990,10,2,20.5,10.5,8.0,15.5,0.8,73.5166681924
1990,10,3,25.5,9.0,0.0,17.25,0.0,59.6127247978
1990,10,4,28.0,11.0,0.0,19.5,0.0,58.9129351355
1990,10,5,29.0,12.5,0.0,20.75,0.0,59.4812429008
1990,10,6,28.0,12.5,0.0,20.25,0.0,61.3469981318
1990,10,7,27.0,13.5,0.0,20.25,0.0,66.4592479761
1990,10,8,25.0,10.5,0.0,17.75,0.0,63.7381131386
1990,10,9,24.0,7.0,0.0,15.5,0.0,57.4348970253
1990,10,10,26.0,6.0,0.0,16.0,0.0,51.1806102217
1990,10,11,27.0,5.5,0.0,16.25,0.0,50.3725943476
1990,10,12,28.0,5.5,0.0,16.75,0.0,48.7986509237
1990,10,13,27.5,5.5,0.0,16.5,0.0,49.5786976794
1990,10,14,27.5,6.5,0.0,17.0,0.0,50.1205464375
1990,10,15,27.0,7.5,0.0,17.25,0.0,53.445891198
1990,10,16,26.5,8.0,0.0,17.25,0.0,55.5015023979
1990,10,17,27.0,9.5,0.0,18.25,0.0,57.9062896861
1990,10,18,28.0,10.0,0.0,19.0,0.0,57.0935020621
1990,10,19,26.5,11.0,0.0,18.75,0.0,61.733436285
1990,10,20,21.5,9.5,0.0,15.5,0.0,68.9218764303
1990,10,21,21.0,2.0,0.0,11.5,0.0,53.5954160642
1990,10,22,24.5,4.5,0.0,14.5,0.0,51.4418014969
1990,10,23,28.0,4.5,0.0,16.25,0.0,45.9923687522
1990,10,24,28.0,6.0,0.0,17.0,0.0,48.0321903359
1990,10,25,28.5,8.0,0.0,18.25,0.0,52.1156607175
1990,10,26,29.0,6.5,0.0,17.75,0.0,47.803584854
1990,10,27,29.5,7.0,0.0,18.25,0.0,48.2552414051
1990,10,28,26.0,10.5,0.0,18.25,0.0,61.7667089985
1990,10,29,27.5,8.5,0.0,18.0,0.0,54.9008444293
1990,10,30,27.5,7.5,0.0,17.5,0.0,52.6093040081
1990,10,31,26.0,9.5,0.0,17.75,0.0,59.7544810675
1990,11,1,22.5,12.5,0.0,17.5,0.0,72.8436517035
1990,11,2,17.5,7.5,5.0,12.5,0.5,72.5066460131
1990,11,3,14.0,2.0,0.0,8.0,0.0,67.6549627014
1990,11,4,16.0,-0.5,0.0,7.75,0.0,57.3378641198
1990,11,5,21.5,0.0,0.0,10.75,0.0,46.9262668347
1990,11,6,20.0,2.5,0.0,11.25,0.0,54.4843273167
1990,11,7,15.5,4.5,5.0,10.0,0.5,69.0442383409
1990,11,8,14.5,0.5,3.0,7.5,0.3,62.2022918419
1990,11,9,17.5,1.5,0.0,9.5,0.0,57.7842754353
1990,11,10,19.0,5.5,0.0,12.25,0.0,65.1967986897
1990,11,11,22.5,6.5,0.0,14.5,0.0,58.7906302822
1990,11,12,22.5,7.0,0.0,14.75,0.0,57.8528425688
1990,11,13,23.5,7.5,0.0,15.5,0.0,52.8401052633
1990,11,14,25.5,6.5,0.0,16.0,0.0,37.8291466856
1990,11,15,25.0,5.0,0.0,15.0,0.0,37.9544020728
1990,11,16,26.0,5.0,0.0,15.5,0.0,34.4609382152
1990,11,17,24.5,7.0,0.0,15.75,0.0,40.6980158634
1990,11,18,25.5,5.0,0.0,15.25,0.0,35.0166208095
1990,11,19,24.0,7.5,0.0,15.75,0.0,45.220017626
1990,11,20,18.0,8.5,0.0,13.25,0.0,71.7068554626
1990,11,21,16.5,2.0,0.0,9.25,0.0,51.8438819013
1990,11,22,18.5,0.5,0.0,9.5,0.0,40.7889003072
1990,11,23,18.5,2.5,0.0,10.5,0.0,47.7087221436
1990,11,24,22.5,6.5,0.0,14.5,0.0,46.5425823067
1990,11,25,20.5,7.5,0.0,14.0,0.0,55.657395695
1990,11,26,16.0,4.0,6.0,10.0,0.6,65.7564174675
1990,11,27,11.0,-2.5,3.0,4.25,0.3,63.1253326111
1990,11,28,14.0,-4.5,0.0,4.75,0.0,46.9089483119
1990,11,29,13.5,1.0,0.0,7.25,0.0,63.2638513225
1990,11,30,19.0,1.0,0.0,10.0,0.0,46.0294922273
1990,12,1,19.5,1.0,0.0,10.25,0.0,42.0382214445
1990,12,2,17.5,-1.0,0.0,8.25,0.0,40.6546062944
1990,12,3,13.5,-2.5,0.0,5.5,0.0,49.0052324688
1990,12,4,13.0,1.5,0.0,7.25,0.0,63.2638513225
1990,12,5,18.0,-1.0,0.0,8.5,0.0,39.977226837
1990,12,6,15.0,-3.0,0.0,6.0,0.0,43.0506196386
1990,12,7,13.5,-1.5,0.0,6.0,0.0,51.6607435663
1990,12,8,18.0,0.0,0.0,9.0,0.0,45.6886110465
1990,12,9,20.0,-1.5,0.0,9.25,0.0,38.0188467276
1990,12,10,20.5,-1.0,0.0,9.75,0.0,36.77229583
1990,12,11,19.5,1.0,0.0,10.25,0.0,42.0382214445
1990,12,12,17.0,4.0,2.0,10.5,0.2,60.4310480486
1990,12,13,12.5,7.0,9.0,9.75,0.9,83.5733996136
1990,12,14,15.0,6.5,6.0,10.75,0.6,75.0820269356
1990,12,15,12.5,6.0,0.0,9.25,0.0,79.4939522487
1990,12,16,9.5,4.0,11.0,6.75,1.1,81.8094601821
1990,12,17,7.0,-2.5,0.0,2.25,0.0,72.5717056386
1990,12,18,9.5,-5.0,0.0,2.25,0.0,61.406827848
1990,12,19,14.0,-4.5,0.0,4.75,0.0,51.5998431431
1990,12,20,10.5,-1.0,0.0,4.75,0.0,65.6725276366
1990,12,21,4.5,-2.0,20.0,1.25,2.0,77.8718345858
1990,12,22,1.5,-5.5,5.0,-2.0,0.5,75.5944406506
1990,12,23,2.5,-14.0,0.0,-5.75,0.0,49.7866958124
1990,12,24,5.5,-6.5,0.0,-0.5,0.0,61.0651024914
1990,12,25,11.0,-6.0,0.0,2.5,0.0,54.8536376657
1990,12,26,12.5,-4.5,0.0,4.0,0.0,54.3470081604
1990,12,27,10.5,-5.0,0.0,2.75,0.0,59.2916297949
1990,12,28,13.0,3.5,8.0,8.25,0.8,73.9174659899
1990,12,29,13.0,5.0,0.0,9.0,0.0,77.3191879249
1990,12,30,14.0,1.0,0.0,7.5,0.0,62.2022918419
1990,12,31,16.0,0.5,0.0,8.25,0.0,59.1339727919
1991,1,1,15.0,0.5,0.0,7.75,0.0,61.1603883944
1991,1,2,17.0,1.0,0.0,9.0,0.0,56.2321366726
1991,1,3,15.0,5.5,0.0,10.25,0.0,74.3753148633
1991,1,4,13.5,5.5,4.0,9.5,0.4,78.1787255889
1991,1,5,12.5,6.5,13.0,9.5,1.3,81.5778006145
1991,1,6,13.0,4.0,12.0,8.5,1.2,72.6858669764
1991,1,7,15.0,0.5,0.0,7.75,0.0,61.1603883944
1991,1,8,14.0,1.0,0.0,7.5,0.0,62.2022918419
1991,1,9,14.5,2.5,0.0,8.5,0.0,65.4172802788
1991,1,10,12.0,1.0,0.0,6.5,0.0,66.5705631758
1991,1,11,12.5,-1.5,0.0,5.5,0.0,62.3702958694
1991,1,12,15.5,-1.0,0.0,7.25,0.0,55.3558699072
1991,1,13,18.0,-1.0,0.0,8.5,0.0,50.8801068835
1991,1,14,14.0,0.5,0.0,7.25,0.0,63.2638513225
1991,1,15,14.0,-2.5,0.0,5.75,0.0,56.9313223899
1991,1,16,10.0,-1.0,0.0,4.5,0.0,66.8158178264
1991,1,17,8.5,0.5,2.0,4.5,0.2,76.3609346587
1991,1,18,12.0,-3.0,0.0,4.5,0.0,57.270700994
1991,1,19,13.5,-3.0,0.0,5.25,0.0,54.3858895597
1991,1,20,11.5,1.0,0.0,6.25,0.0,67.7148900525
1991,1,21,10.5,-1.5,0.0,4.5,0.0,66.8158178264
1991,1,22,10.0,-2.0,0.0,4.0,0.0,64.2282823714
1991,1,23,11.0,0.5,2.0,5.75,0.2,70.0693198645
1991,1,24,15.0,-3.0,0.0,6.0,0.0,51.6607435663
1991,1,25,15.5,-3.5,0.0,6.0,0.0,51.6607435663
1991,1,26,17.5,2.0,0.0,9.75,0.0,60.1728477218
1991,1,27,16.0,2.0,0.0,9.0,0.0,63.2611537567
1991,1,28,14.5,-2.0,0.0,6.25,0.0,55.0183481677
1991,1,29,10.0,-3.5,2.0,3.25,0.2,62.4616972764
1991,1,30,12.5,-8.5,0.0,2.0,0.0,45.4513054461
1991,1,31,15.5,-2.0,0.0,6.75,0.0,53.1761491184
1991,2,1,17.5,1.5,0.0,9.5,0.0,57.7842754353
1991,2,2,20.5,2.5,0.0,11.5,0.0,53.5954160642
1991,2,3,18.5,0.0,0.0,9.25,0.0,51.8438819013
1991,2,4,19.5,-0.5,0.0,9.5,0.0,50.9861253841
1991,2,5,18.5,1.0,0.0,9.75,0.0,53.4869757527
1991,2,6,19.5,2.5,0.0,11.0,0.0,55.3895857661
1991,2,7,19.0,5.0,0.0,12.0,0.0,63.3909892165
1991,2,8,17.5,0.0,0.0,8.75,0.0,53.6076899023
1991,2,9,17.0,1.5,0.0,9.25,0.0,58.7563994881
1991,2,10,18.5,5.5,0.0,12.0,0.0,66.2723978173
1991,2,11,15.0,6.5,0.0,10.75,0.0,75.0820269356
1991,2,12,15.0,6.5,17.0,10.75,1.7,75.0820269356
1991,2,13,19.0,3.5,0.0,11.25,0.0,60.538141463
1991,2,14,21.5,3.5,0.0,12.5,0.0,55.774343087
1991,2,15,20.5,4.0,0.0,12.25,0.0,56.6928684258
1991,2,16,18.5,8.0,0.0,13.25,0.0,71.7068554626
1991,2,17,15.0,4.5,5.0,9.75,0.5,70.2016556754
1991,2,18,9.5,0.0,11.0,4.75,1.1,70.3634224678
1991,2,19,11.0,-3.0,0.0,4.0,0.0,59.2876452659
1991,2,20,16.0,-2.5,0.0,6.75,0.0,53.1761491184
1991,2,21,21.5,-0.5,0.0,10.5,0.0,47.7087221436
1991,2,22,22.5,1.0,0.0,11.75,0.0,46.8644713026
1991,2,23,20.0,5.5,0.0,12.75,0.0,63.1031079876
1991,2,24,20.0,4.0,0.0,12.0,0.0,57.628172015
1991,2,25,18.5,2.5,0.0,10.5,0.0,57.2504665724
1991,2,26,19.0,2.5,0.0,10.75,0.0,56.3115202017
1991,2,27,18.5,2.0,0.0,10.25,0.0,58.2067681539
1991,2,28,14.5,6.0,15.0,10.25,1.5,74.3753148633
1991,3,1,10.0,5.5,14.0,7.75,1.4,87.918058317
1991,3,2,11.0,3.0,14.0,7.0,1.4,76.4102480213
1991,3,3,19.5,-0.5,0.0,9.5,0.0,50.9861253841
1991,3,4,24.0,1.5,0.0,12.75,0.0,46.641427643
1991,3,5,21.0,6.0,0.0,13.5,0.0,60.1007981145
1991,3,6,17.5,7.5,0.0,12.5,0.0,72.5066460131
1991,3,7,13.0,-1.0,0.0,6.0,0.0,60.270867494
1991,3,8,18.5,-2.5,0.0,8.0,0.0,48.8619175066
1991,3,9,21.0,0.0,0.0,10.5,0.0,47.7087221436
1991,3,10,25.0,5.0,0.0,15.0,0.0,52.1873028501
1991,3,11,20.0,7.0,0.0,13.5,0.0,65.3269544723
1991,3,12,16.5,-2.5,0.0,7.0,0.0,52.2806960146
1991,3,13,14.0,-1.0,0.0,6.5,0.0,58.2492427789
1991,3,14,12.0,0.0,0.0,6.0,0.0,64.5759294579
1991,3,15,13.0,-3.0,0.0,5.0,0.0,55.3292606559
1991,3,16,9.0,-2.5,5.0,3.25,0.5,67.6668387161
1991,3,17,17.5,-4.0,0.0,6.75,0.0,44.9952031002
1991,3,18,23.0,1.0,0.0,12.0,0.0,46.102537612
1991,3,19,17.0,5.5,0.0,11.25,0.0,69.6188626825
1991,3,20,15.5,-1.5,0.0,7.0,0.0,52.2806960146
1991,3,21,10.0,0.0,18.0,5.0,1.8,69.1615758199
1991,3,22,12.0,-3.0,7.0,4.5,0.7,57.270700994
1991,3,23,19.0,-1.5,0.0,8.75,0.0,42.8861519218
1991,3,24,23.5,3.5,0.0,13.5,0.0,44.4223290411
1991,3,25,19.0,6.5,0.0,12.75,0.0,65.8467213784
1991,3,26,14.5,2.5,5.0,8.5,0.5,65.4172802788
1991,3,27,14.5,-2.0,0.0,6.25,0.0,55.0183481677
1991,3,28,8.5,-1.0,8.0,3.75,0.8,70.3796675401
1991,3,29,13.5,-2.5,0.0,5.5,0.0,53.4602536023
1991,3,30,17.0,-1.0,0.0,8.0,0.0,48.8619175066
1991,3,31,21.5,3.0,0.0,12.25,0.0,48.1889381619
1991,4,1,24.5,5.5,0.0,15.0,0.0,47.443002591
1991,4,2,20.5,1.5,0.0,11.0,0.0,46.1579881384
1991,4,3,22.5,3.5,0.0,13.0,0.0,45.8883731535
1991,4,4,25.5,5.5,0.0,15.5,0.0,45.9479176202
1991,4,5,27.5,7.5,0.0,17.5,0.0,44.5155649299
1991,4,6,28.0,8.0,0.0,18.0,0.0,43.1363777659
1991,4,7,26.0,8.0,0.0,17.0,0.0,43.8554781328
1991,4,8,24.0,6.0,0.0,15.0,0.0,45.0708524614
1991,4,9,26.5,5.0,0.0,15.75,0.0,36.1760141008
1991,4,10,24.0,5.0,0.0,14.5,0.0,41.6433631165
1991,4,11,21.5,8.0,0.0,14.75,0.0,57.8528425688
1991,4,12,17.0,1.5,0.0,9.25,0.0,51.8438819013
1991,4,13,15.5,-1.5,0.0,7.0,0.0,48.2591040134
1991,4,14,21.5,0.5,0.0,11.0,0.0,36.9263905107
1991,4,15,25.0,2.0,0.0,13.5,0.0,33.9700163256
1991,4,16,24.0,5.0,0.0,14.5,0.0,41.6433631165
1991,4,17,24.5,7.5,0.0,16.0,0.0,46.7301223763
1991,4,18,22.5,5.5,0.0,14.0,0.0,45.537869205
1991,4,19,26.0,4.5,0.0,15.25,0.0,35.0166208095
1991,4,20,27.5,5.5,0.0,16.5,0.0,34.4895288205
1991,4,21,24.5,6.5,0.0,15.5,0.0,43.6505217392
1991,4,22,22.5,3.0,0.0,12.75,0.0,38.4105874707
1991,4,23,22.5,4.0,0.0,13.25,0.0,42.4929513852
1991,4,24,24.0,5.0,0.0,14.5,0.0,39.1937535214
1991,4,25,23.5,5.5,0.0,14.5,0.0,41.6433631165
1991,4,26,21.0,8.5,0.0,14.75,0.0,60.2633776758
1991,4,27,21.0,5.0,0.0,13.0,0.0,48.5876892214
1991,4,28,19.0,2.0,0.0,10.5,0.0,44.5281406674
1991,4,29,22.5,0.5,0.0,11.5,0.0,32.7527542615
1991,4,30,26.5,4.0,0.0,15.25,0.0,32.6821794222
1991,5,1,27.0,6.5,0.0,16.75,0.0,36.068568074
1991,5,2,24.0,7.0,0.0,15.5,0.0,43.6505217392
1991,5,3,21.5,2.5,0.0,12.0,0.0,40.3397204105
1991,5,4,23.0,3.0,0.0,13.0,0.0,37.79042495
1991,5,5,26.5,4.5,0.0,15.5,0.0,32.1635423342
1991,5,6,30.5,8.5,0.0,19.5,0.0,32.1343282558
1991,5,7,29.5,8.0,0.0,18.75,0.0,33.6727834282
1991,5,8,31.0,9.5,0.0,20.25,0.0,34.0816656288
1991,5,9,29.5,11.5,0.0,20.5,0.0,40.270748699
1991,5,10,26.5,11.5,0.0,19.0,0.0,49.7265985702
1991,5,11,25.5,6.0,0.0,15.75,0.0,36.1760141008
1991,5,12,28.0,5.0,0.0,16.5,0.0,30.1783377179
1991,5,13,30.0,7.5,0.0,18.75,0.0,31.8020732377
1991,5,14,27.0,8.0,0.0,17.5,0.0,34.3983910822
1991,5,15,25.0,7.0,0.0,16.0,0.0,35.6039027629
1991,5,16,28.5,7.0,0.0,17.75,0.0,29.8772405337
1991,5,17,30.0,9.0,0.0,19.5,0.0,30.3490877971
1991,5,18,30.5,9.5,0.0,20.0,0.0,29.4214142587
1991,5,19,31.0,9.0,0.0,20.0,0.0,25.9600714047
1991,5,20,31.0,13.5,0.0,22.25,0.0,31.6467827347
1991,5,21,28.5,10.5,0.0,19.5,0.0,30.3490877971
1991,5,22,27.5,9.0,0.0,18.25,0.0,28.9531448431
1991,5,23,28.0,8.0,0.0,18.0,0.0,25.4896777708
1991,5,24,30.5,10.5,0.0,20.5,0.0,26.8471657993
1991,5,25,33.0,11.0,0.0,22.0,0.0,22.9527388216
1991,5,26,31.5,12.0,0.0,21.75,0.0,26.4141362792
1991,5,27,30.5,11.5,0.0,21.0,0.0,27.6590286016
1991,5,28,29.5,10.0,0.0,19.75,0.0,28.123534321
1991,5,29,30.0,8.5,0.0,19.25,0.0,23.5721079317
1991,5,30,29.0,9.0,0.0,19.0,0.0,20.2589846027
1991,5,31,24.5,11.5,0.0,18.0,0.0,31.3719111025
1991,6,1,22.0,6.5,0.0,14.25,0.0,22.4044843627
1991,6,2,25.0,7.0,0.0,16.0,0.0,20.0271953041
1991,6,3,30.0,8.5,0.0,19.25,0.0,18.1323907167
1991,6,4,32.5,11.5,0.0,22.0,0.0,18.3621910573
1991,6,5,29.5,11.0,2.0,20.25,0.2,20.4489993773
1991,6,6,32.5,9.5,0.0,21.0,0.0,17.8970185069
1991,6,7,34.0,10.0,0.0,22.0,0.0,16.8320084692
1991,6,8,35.0,12.0,0.0,23.5,0.0,18.1575178485
1991,6,9,33.5,15.0,0.0,24.25,0.0,21.3583664614
1991,6,10,29.5,14.5,4.0,22.0,0.4,24.4829214098
1991,6,11,29.5,13.5,0.0,21.5,0.0,22.0887452238
1991,6,12,27.0,13.5,0.0,20.25,0.0,23.8571659401
1991,6,13,29.0,12.0,0.0,20.5,0.0,21.8133222119
1991,6,14,29.5,10.5,2.0,20.0,0.2,20.7680571238
1991,6,15,32.5,11.0,0.0,21.75,0.0,18.6452726677
1991,6,16,34.5,12.5,0.0,23.5,0.0,18.1575178485
1991,6,17,36.0,12.5,0.0,24.25,0.0,17.3536727499
1991,6,18,38.0,15.0,0.0,26.5,0.0,18.6708350418
1991,6,19,36.0,16.5,0.0,26.25,0.0,21.31877565
1991,6,20,34.0,12.0,0.0,23.0,0.0,18.7163817193
1991,6,21,33.5,12.0,0.0,22.75,0.0,19.0029617598
1991,6,22,34.0,11.0,0.0,22.5,0.0,17.8102393132
1991,6,23,35.0,10.5,0.0,22.75,0.0,17.5411954706
1991,6,24,36.5,11.5,0.0,24.0,0.0,16.2619749295
1991,6,25,37.0,13.0,0.0,25.0,0.0,17.8652869314
1991,6,26,34.5,13.0,0.0,23.75,0.0,19.260834208
1991,6,27,34.5,16.0,0.0,25.25,0.0,21.3712890739
1991,6,28,34.0,15.0,0.0,24.5,0.0,21.0394819462
1991,6,29,34.5,16.0,0.0,25.25,0.0,21.3712890739
1991,6,30,36.5,17.0,0.0,26.75,0.0,20.6957429578
1991,7,1,38.0,17.5,0.0,27.75,0.0,20.5934037271
1991,7,2,37.5,19.0,0.0,28.25,0.0,22.1024621075
1991,7,3,37.0,18.0,0.0,27.5,0.0,21.9987006416
1991,7,4,35.5,20.5,0.0,28.0,0.0,24.5652102892
1991,7,5,34.5,19.0,0.0,26.75,0.0,24.1450334508
1991,7,6,31.0,18.5,7.0,24.75,0.7,25.9073524781
1991,7,7,30.5,17.5,0.0,24.0,0.0,25.7481269717
1991,7,8,33.0,19.0,0.0,26.0,0.0,25.2444447617
1991,7,9,32.5,17.0,0.0,24.75,0.0,23.3166172303
1991,7,10,33.5,16.0,0.0,24.75,0.0,22.0212496064
1991,7,11,33.0,16.0,0.0,24.5,0.0,22.3544495678
1991,7,12,34.0,17.5,0.0,25.75,0.0,23.1828972168
1991,7,13,33.5,21.5,0.0,27.5,0.0,27.498375802
1991,7,14,34.0,20.0,0.0,27.0,0.0,24.9233651477
1991,7,15,31.0,20.5,0.0,25.75,0.0,28.0635071572
1991,7,16,32.5,20.0,0.0,26.25,0.0,26.05628135
1991,7,17,33.5,19.5,0.0,26.5,0.0,25.6723981825
1991,7,18,35.5,19.0,0.0,27.25,0.0,23.4417200766
1991,7,19,34.0,18.5,0.0,26.25,0.0,23.6875285
1991,7,20,31.0,19.5,9.0,25.25,0.9,27.656962331
1991,7,21,33.0,17.0,0.0,25.0,0.0,22.9696546261
1991,7,22,34.5,17.0,0.0,25.75,0.0,21.9627447317
1991,7,23,33.0,18.0,0.0,25.5,0.0,24.769801051
1991,7,24,34.0,18.0,0.0,26.0,0.0,24.0423283445
1991,7,25,34.0,17.5,0.0,25.75,0.0,23.1828972168
1991,7,26,32.0,17.0,0.0,24.5,0.0,23.6694171894
1991,7,27,34.5,16.5,0.0,25.5,0.0,22.2928209459
1991,7,28,34.5,18.0,0.0,26.25,0.0,23.6875285
1991,7,29,30.0,18.5,3.0,24.25,0.3,26.6979580768
1991,7,30,27.5,17.5,11.0,22.5,1.1,28.1995455792
1991,7,31,31.0,16.0,0.0,23.5,0.0,23.7444464172
1991,8,1,32.0,18.0,0.0,25.0,0.0,25.5218384735
1991,8,2,32.0,18.0,9.0,25.0,0.9,25.5218384735
1991,8,3,32.5,16.0,0.0,24.25,0.0,22.6932643652
1991,8,4,30.5,17.5,0.0,24.0,0.0,25.7481269717
1991,8,5,32.0,17.0,11.0,24.5,1.1,23.6694171894
1991,8,6,33.0,17.0,0.0,25.0,0.0,22.9696546261
1991,8,7,35.5,15.5,0.0,25.5,0.0,19.8158408408
1991,8,8,34.5,19.0,5.0,26.75,0.5,29.8938509391
1991,8,9,32.0,15.5,16.0,23.75,1.6,30.2670251841
1991,8,10,25.5,16.5,9.0,21.0,0.9,65.0800672978
1991,8,11,29.0,16.0,0.0,22.5,0.0,41.5572250641
1991,8,12,32.0,16.5,0.0,24.25,0.0,34.7073454998
1991,8,13,33.5,17.5,0.0,25.5,0.0,33.4392314189
1991,8,14,33.5,19.0,0.0,26.25,0.0,37.9000456
1991,8,15,31.0,18.5,2.0,24.75,0.2,44.0424992128
1991,8,16,31.5,19.5,0.0,25.5,0.0,47.0626219969
1991,8,17,33.5,19.0,0.0,26.25,0.0,39.084422025
1991,8,18,31.5,20.0,0.0,25.75,0.0,50.0262518889
1991,8,19,32.0,19.0,0.0,25.5,0.0,43.3471518393
1991,8,20,31.0,19.0,0.0,25.0,0.0,47.2154011759
1991,8,21,33.5,18.0,0.0,25.75,0.0,36.6045745528
1991,8,22,34.5,18.0,0.0,26.25,0.0,34.346916325
1991,8,23,32.0,17.5,5.0,24.75,0.5,49.2239697084
1991,8,24,31.0,18.5,0.0,24.75,0.0,47.9286020845
1991,8,25,31.5,19.5,4.0,25.5,0.4,59.4475225225
1991,8,26,32.0,17.0,0.0,24.5,0.0,40.7639962707
1991,8,27,28.5,17.0,2.0,22.75,0.2,52.6235864118
1991,8,28,30.0,18.0,0.0,24.0,0.0,51.4962539434
1991,8,29,33.5,16.0,0.0,24.75,0.0,36.2702934694
1991,8,30,33.0,17.5,5.0,25.25,0.5,50.2853860563
1991,8,31,31.0,17.5,10.0,24.25,1.0,58.7355077689
1991,9,1,31.5,18.5,0.0,25.0,0.0,53.5958607943
1991,9,2,31.0,16.5,0.0,23.75,0.0,49.5278593921
1991,9,3,33.0,18.0,0.0,25.5,0.0,48.3011120495
1991,9,4,31.5,17.0,0.0,24.25,0.0,49.391222442
1991,9,5,26.5,17.0,0.0,21.75,0.0,68.3659997815
1991,9,6,30.5,14.0,0.0,22.25,0.0,43.7026999669
1991,9,7,31.5,14.0,0.0,22.75,0.0,40.929456098
1991,9,8,33.0,14.5,0.0,23.75,0.0,39.8974422881
1991,9,9,29.0,14.0,4.0,21.5,0.4,55.2218630594
1991,9,10,28.0,14.0,3.0,21.0,0.3,60.1990622505
1991,9,11,30.5,15.0,0.0,22.75,0.0,48.2382875441
1991,9,12,27.5,13.5,0.0,20.5,0.0,52.0163837362
1991,9,13,28.5,13.5,0.0,21.0,0.0,48.8100504733
1991,9,14,29.0,11.0,0.0,20.0,0.0,41.5361142476
1991,9,15,30.0,13.0,0.0,21.5,0.0,44.1774904475
1991,9,16,31.5,12.5,0.0,22.0,0.0,41.314929879
1991,9,17,28.5,16.5,0.0,22.5,0.0,60.8516509868
1991,9,18,25.0,16.0,0.0,20.5,0.0,73.8297059481
1991,9,19,22.5,13.5,5.0,18.0,0.5,76.4690333123
1991,9,20,24.0,11.5,0.0,17.75,0.0,59.7544810675
1991,9,21,26.0,11.5,0.0,18.75,0.0,54.2505955232
1991,9,22,30.5,12.0,0.0,21.25,0.0,43.258713673
1991,9,23,29.0,14.5,0.0,21.75,0.0,54.3820452807
1991,9,24,32.5,16.0,0.0,24.25,0.0,49.391222442
1991,9,25,33.0,15.5,0.0,24.25,0.0,46.7214266343
1991,9,26,32.0,14.0,0.0,23.0,0.0,46.0710934628
1991,9,27,31.0,15.0,0.0,23.0,0.0,51.8299801457
1991,9,28,28.5,14.0,0.0,21.25,0.0,56.0761103168
1991,9,29,29.5,13.5,0.0,21.5,0.0,52.0663280275
1991,9,30,31.5,12.0,0.0,21.75,0.0,43.5056362246
1991,10,1,31.0,14.0,0.0,22.5,0.0,50.4623447207
1991,10,2,31.5,12.0,0.0,21.75,0.0,45.0594089469
1991,10,3,31.5,12.5,0.0,22.0,0.0,45.9054776433
1991,10,4,31.0,12.5,0.0,21.75,0.0,46.6131816692
1991,10,5,31.5,11.5,0.0,21.5,0.0,42.5997229316
1991,10,6,32.5,11.0,0.0,21.75,0.0,40.39809078
1991,10,7,32.0,12.5,0.0,22.25,0.0,45.209689621
1991,10,8,32.5,12.5,0.0,22.5,0.0,43.0414116736
1991,10,9,29.0,13.0,0.0,21.0,0.0,53.6910555207
1991,10,10,29.0,13.5,0.0,21.25,0.0,56.0761103168
1991,10,11,30.0,11.5,0.0,20.75,0.0,47.9154456701
1991,10,12,29.5,11.5,0.0,20.5,0.0,48.6604880113
1991,10,13,30.0,12.0,0.0,21.0,0.0,48.8100504733
1991,10,14,31.5,12.0,0.0,21.75,0.0,46.6131816692
1991,10,15,32.0,9.5,0.0,20.75,0.0,39.6541619339
1991,10,16,32.0,11.5,0.0,21.75,0.0,45.0594089469
1991,10,17,31.0,11.0,0.0,21.0,0.0,45.5560471085
1991,10,18,31.5,10.0,0.0,20.75,0.0,42.9586754284
1991,10,19,31.5,9.5,0.0,20.5,0.0,40.270748699
1991,10,20,29.5,10.5,0.0,20.0,0.0,46.7281285285
1991,10,21,24.0,14.0,0.0,19.0,0.0,73.6690349188
1991,10,22,24.0,9.5,0.0,16.75,0.0,59.4070532984
1991,10,23,23.0,9.5,0.0,16.25,0.0,63.5132711339
1991,10,24,22.0,7.5,0.0,14.75,0.0,60.2633776758
1991,10,25,22.5,7.0,0.0,14.75,0.0,57.8528425688
1991,10,26,23.0,5.0,0.0,14.0,0.0,50.59763245
1991,10,27,18.0,5.0,7.0,11.5,0.7,65.505508523
1991,10,28,14.0,1.5,6.0,7.75,0.6,64.9829126691
1991,10,29,19.0,-2.0,0.0,8.5,0.0,43.6115201859
1991,10,30,14.0,2.5,6.0,8.25,0.6,66.5257193909
1991,10,31,12.5,-2.5,0.0,5.0,0.0,59.9400323773
1991,11,1,19.5,-2.0,0.0,8.75,0.0,42.8861519218
1991,11,2,20.0,-0.5,0.0,9.75,0.0,46.8011037836
1991,11,3,17.0,2.0,0.0,9.5,0.0,61.1833504609
1991,11,4,20.5,2.0,0.0,11.25,0.0,48.4305131704
1991,11,5,23.5,2.0,0.0,12.75,0.0,41.1542008615
1991,11,6,25.0,5.0,0.0,15.0,0.0,45.0708524614
1991,11,7,27.0,5.0,0.0,16.0,0.0,40.0543906083
1991,11,8,24.0,7.0,0.0,15.5,0.0,45.9479176202
1991,11,9,24.5,7.0,0.0,15.75,0.0,40.6980158634
1991,11,10,19.0,8.0,4.0,13.5,0.4,70.55311083
1991,11,11,19.5,4.5,2.0,12.0,0.2,51.8653548135
1991,11,12,15.5,9.0,0.0,12.25,0.0,82.2046592174
1991,11,13,17.0,7.5,0.0,12.25,0.0,73.7007289536
1991,11,14,18.5,8.5,0.0,13.5,0.0,67.9400326512
1991,11,15,14.5,2.5,9.0,8.5,0.9,65.4172802788
1991,11,16,11.5,-1.5,4.0,5.0,0.4,64.5508040986
1991,11,17,15.0,-2.5,0.0,6.25,0.0,50.7861675394
1991,11,18,14.0,1.5,0.0,7.75,0.0,64.9829126691
1991,11,19,13.5,-1.5,0.0,6.0,0.0,55.9658055302
1991,11,20,16.0,-0.5,0.0,7.75,0.0,49.6928155705
1991,11,21,21.5,0.0,0.0,10.75,0.0,40.6694312568
1991,11,22,19.0,1.0,0.0,10.0,0.0,46.0294922273
1991,11,23,14.0,-2.0,0.0,6.0,0.0,51.6607435663
1991,11,24,18.0,-0.5,0.0,8.75,0.0,42.8861519218
1991,11,25,21.0,-1.0,0.0,10.0,0.0,36.1660296071
1991,11,26,21.5,0.0,0.0,10.75,0.0,37.5410134678
1991,11,27,23.0,1.0,0.0,12.0,0.0,37.4583118098
1991,11,28,18.5,1.5,0.0,10.0,0.0,49.3173131006
1991,11,29,12.5,-1.0,0.0,5.75,0.0,56.9313223899
1991,11,30,8.0,-2.5,7.0,2.75,0.7,70.0719261213
1991,12,1,4.5,-3.0,0.0,0.75,0.0,74.474690932
1991,12,2,6.5,-5.5,0.0,0.5,0.0,63.1747846666
1991,12,3,12.0,-5.0,0.0,3.5,0.0,46.0374788359
1991,12,4,16.0,1.0,0.0,8.5,0.0,50.8801068835
1991,12,5,16.5,2.5,0.0,9.5,0.0,54.3852004097
1991,12,6,20.0,3.0,0.0,11.5,0.0,44.6628467202
1991,12,7,19.0,3.0,0.0,11.0,0.0,46.1579881384
1991,12,8,16.5,1.5,0.0,9.0,0.0,49.2031195886
1991,12,9,16.5,4.5,0.0,10.5,0.0,57.2504665724
1991,12,10,17.0,7.0,8.0,12.0,0.8,72.0352150188
1991,12,11,11.5,6.0,14.0,8.75,1.4,82.1984578502
1991,12,12,12.0,2.5,2.0,7.25,0.2,71.1718327379
1991,12,13,13.5,-1.0,0.0,6.25,0.0,59.250528796
1991,12,14,12.5,1.5,0.0,7.0,0.0,68.367064019
1991,12,15,14.0,3.5,0.0,8.75,0.0,71.4769198697
1991,12,16,15.5,4.5,0.0,10.0,0.0,69.0442383409
1991,12,17,14.5,5.0,0.0,9.75,0.0,73.54459166
1991,12,18,11.5,7.0,17.0,9.25,1.7,86.4064698355
1991,12,19,13.0,4.5,4.0,8.75,0.4,75.0507658632
1991,12,20,8.5,1.0,18.0,4.75,1.8,75.054317299
1991,12,21,8.0,2.0,6.0,5.0,0.6,82.9938909839
1991,12,22,8.5,0.5,2.0,4.5,0.2,76.3609346587
1991,12,23,12.0,-2.0,0.0,5.0,0.0,59.9400323773
1991,12,24,10.5,3.5,0.0,7.0,0.0,80.4318400224
1991,12,25,8.0,1.5,7.0,4.75,0.7,79.7452121302
1991,12,26,11.0,-1.5,0.0,4.75,0.0,65.6725276366
1991,12,27,10.5,2.0,0.0,6.25,0.0,76.1792513091
1991,12,28,13.5,1.0,0.0,7.25,0.0,63.2638513225
1991,12,29,14.0,0.5,0.0,7.25,0.0,63.2638513225
1991,12,30,12.0,1.0,0.0,6.5,0.0,66.5705631758
1991,12,31,12.5,-1.5,0.0,5.5,0.0,62.3702958694
1992,1,1,14.0,-3.5,0.0,5.25,0.0,54.3858895597
1992,1,2,12.5,-1.5,0.0,5.5,0.0,62.3702958694
1992,1,3,10.5,3.5,0.0,7.0,0.0,80.4318400224
1992,1,4,11.5,5.5,6.0,8.5,0.6,83.5887470229
1992,1,5,11.0,5.0,5.0,8.0,0.5,82.6893988573
1992,1,6,10.5,3.0,9.0,6.75,0.9,77.718987173
1992,1,7,8.0,-1.0,2.0,3.5,0.2,71.6138559669
1992,1,8,10.0,-0.5,0.0,4.75,0.0,70.3634224678
1992,1,9,13.0,-0.5,0.0,6.25,0.0,63.4827094243
1992,1,10,11.5,3.5,0.0,7.5,0.0,77.7528648024
1992,1,11,7.5,1.0,4.0,4.25,0.4,77.6927170599
1992,1,12,5.0,0.0,11.0,2.5,1.1,82.2804564985
1992,1,13,7.5,-5.5,0.0,1.0,0.0,60.9712694924
1992,1,14,11.0,-6.0,0.0,2.5,0.0,54.8536376657
1992,1,15,9.0,-6.0,0.0,1.5,0.0,58.8522233498
1992,1,16,10.5,-3.0,0.0,3.75,0.0,60.3254293201
1992,1,17,13.0,-3.0,0.0,5.0,0.0,55.3292606559
1992,1,18,9.5,-1.5,0.0,4.0,0.0,69.1689194769
1992,1,19,9.0,1.0,0.0,5.0,0.0,73.7723475413
1992,1,20,9.0,1.5,4.0,5.25,0.4,77.0466768762
1992,1,21,9.0,0.5,10.0,4.75,1.0,75.054317299
1992,1,22,12.5,-2.0,0.0,5.25,0.0,58.918047023
1992,1,23,14.5,-3.5,0.0,5.5,0.0,53.4602536023
1992,1,24,18.5,-2.5,0.0,8.0,0.0,48.8619175066
1992,1,25,18.5,-1.0,0.0,8.75,0.0,50.0338439088
1992,1,26,17.5,0.5,0.0,9.0,0.0,56.2321366726
1992,1,27,18.0,-0.5,0.0,8.75,0.0,53.6076899023
1992,1,28,17.5,0.0,0.0,8.75,0.0,53.6076899023
1992,1,29,17.0,1.0,0.0,9.0,0.0,56.2321366726
1992,1,30,16.5,1.5,0.0,9.0,0.0,59.7466452147
1992,1,31,17.5,1.5,0.0,9.5,0.0,57.7842754353
1992,2,1,18.0,2.5,0.0,10.25,0.0,58.2067681539
1992,2,2,13.0,5.5,2.0,9.25,0.2,79.4939522487
1992,2,3,13.0,4.5,1.0,8.75,0.1,75.0507658632
1992,2,4,15.0,2.0,0.0,8.5,0.0,65.4172802788
1992,2,5,17.0,0.5,0.0,8.75,0.0,57.1815358958
1992,2,6,16.5,2.0,0.0,9.25,0.0,62.2126582816
1992,2,7,13.0,5.5,16.0,9.25,1.6,79.4939522487
1992,2,8,13.5,4.5,7.0,9.0,0.7,73.8046793828
1992,2,9,15.5,1.0,0.0,8.25,0.0,59.1339727919
1992,2,10,12.0,4.0,2.0,8.0,0.2,75.1721807794
1992,2,11,13.5,4.5,4.0,9.0,0.4,73.8046793828
1992,2,12,15.5,4.5,0.0,10.0,0.0,69.0442383409
1992,2,13,13.5,6.0,24.0,9.75,2.4,76.8875276445
1992,2,14,14.5,1.5,0.0,8.0,0.0,63.8963536625
1992,2,15,15.0,0.5,0.0,7.75,0.0,61.1603883944
1992,2,16,12.5,1.5,0.0,7.0,0.0,68.367064019
1992,2,17,12.0,-2.5,0.0,4.75,0.0,60.9816328055
1992,2,18,15.5,-1.5,0.0,7.0,0.0,56.3022880157
1992,2,19,19.5,-0.5,0.0,9.5,0.0,50.9861253841
1992,2,20,21.0,1.0,0.0,11.0,0.0,49.2351873476
1992,2,21,21.0,2.0,0.0,11.5,0.0,53.5954160642
1992,2,22,21.5,2.0,0.0,11.75,0.0,52.7225302154
1992,2,23,17.5,3.0,0.0,10.25,0.0,61.4404774958
1992,2,24,16.5,0.5,0.0,8.5,0.0,58.1486935812
1992,2,25,18.0,-0.5,0.0,8.75,0.0,53.6076899023
1992,2,26,15.0,2.5,0.0,8.75,0.0,64.3292278828
1992,2,27,18.0,1.5,0.0,9.75,0.0,56.8299117373
1992,2,28,21.0,0.5,0.0,10.75,0.0,50.0546846237
1992,2,29,22.0,2.5,0.0,12.25,0.0,51.0235815832
1992,3,1,19.5,4.5,0.0,12.0,0.0,60.5095806158
1992,3,2,16.0,4.5,8.0,10.25,0.8,67.9078961796
1992,3,3,10.5,3.0,10.0,6.75,1.0,77.718987173
1992,3,4,11.5,2.5,2.0,7.0,0.2,72.3886560202
1992,3,5,16.5,2.5,0.0,9.5,0.0,61.1833504609
1992,3,6,20.5,0.5,0.0,10.5,0.0,50.8893036199
1992,3,7,19.0,1.0,0.0,10.0,0.0,52.605133974
1992,3,8,12.5,2.0,6.0,7.25,0.6,71.1718327379
1992,3,9,9.5,1.5,5.0,5.5,0.5,75.7353592699
1992,3,10,14.5,-1.0,0.0,6.75,0.0,57.2666221275
1992,3,11,17.0,0.5,0.0,8.75,0.0,57.1815358958
1992,3,12,19.0,1.0,0.0,10.0,0.0,52.605133974
1992,3,13,21.5,1.5,0.0,11.5,0.0,50.6178929496
1992,3,14,23.5,2.0,0.0,12.75,0.0,46.641427643
1992,3,15,23.0,4.0,0.0,13.5,0.0,52.2615635778
1992,3,16,21.0,4.0,0.0,12.5,0.0,55.774343087
1992,3,17,18.0,4.5,0.0,11.25,0.0,63.5650485362
1992,3,18,16.0,1.5,0.0,8.75,0.0,60.7553818893
1992,3,19,20.5,-0.5,0.0,10.0,0.0,49.3173131006
1992,3,20,22.5,2.0,0.0,12.25,0.0,48.1889381619
1992,3,21,19.0,2.5,0.0,10.75,0.0,56.3115202017
1992,3,22,18.0,2.0,0.0,10.0,0.0,59.1807757208
1992,3,23,19.5,2.5,0.0,11.0,0.0,55.3895857661
1992,3,24,20.0,1.0,0.0,10.5,0.0,50.8893036199
1992,3,25,24.5,1.5,0.0,13.0,0.0,43.1890570857
1992,3,26,23.5,4.5,0.0,14.0,0.0,50.59763245
1992,3,27,17.5,7.0,3.0,12.25,0.3,70.8660855323
1992,3,28,12.5,6.0,23.0,9.25,2.3,79.4939522487
1992,3,29,18.5,6.0,3.0,12.25,0.3,65.1967986897
1992,3,30,20.5,4.5,0.0,12.5,0.0,55.774343087
1992,3,31,18.0,6.0,0.0,12.0,0.0,66.2723978173
1992,4,1,16.5,2.5,5.0,9.5,0.5,61.1833504609
1992,4,2,13.5,1.5,7.0,7.5,0.7,66.089935082
1992,4,3,19.0,4.0,0.0,11.5,0.0,59.5504622936
1992,4,4,20.5,3.5,0.0,12.0,0.0,54.7467634143
1992,4,5,20.0,6.0,0.0,13.0,0.0,62.0842695606
1992,4,6,23.0,5.5,0.0,14.25,0.0,49.7877430282
1992,4,7,25.5,5.5,0.0,15.5,0.0,43.6505217392
1992,4,8,25.0,6.5,0.0,15.75,0.0,47.4810185073
1992,4,9,24.5,6.0,0.0,15.25,0.0,49.0232691334
1992,4,10,25.5,6.0,0.0,15.75,0.0,45.220017626
1992,4,11,27.5,7.0,0.0,17.25,0.0,43.1678351984
1992,4,12,30.5,8.0,0.0,19.25,0.0,38.0780205051
1992,4,13,28.5,11.0,0.0,19.75,0.0,47.4584641666
1992,4,14,25.5,8.0,0.0,16.75,0.0,46.6769704487
1992,4,15,23.5,8.5,0.0,16.0,0.0,53.4058541444
1992,4,16,22.5,8.5,0.0,15.5,0.0,57.4348970253
1992,4,17,25.5,6.0,0.0,15.75,0.0,42.9590167447
1992,4,18,24.5,9.5,0.0,17.0,0.0,54.2972586406
1992,4,19,21.5,4.5,0.0,13.0,0.0,48.5876892214
1992,4,20,22.0,3.0,0.0,12.5,0.0,41.8307573152
1992,4,21,25.5,4.5,0.0,15.0,0.0,35.5822519432
1992,4,22,26.5,6.5,0.0,16.5,0.0,38.800719923
1992,4,23,29.0,7.5,0.0,18.25,0.0,34.7437738117
1992,4,24,31.0,8.0,0.0,19.5,0.0,32.1343282558
1992,4,25,31.0,10.0,0.0,20.5,0.0,36.9148529741
1992,4,26,31.5,12.0,0.0,21.75,0.0,38.8443180577
1992,4,27,33.0,11.0,0.0,22.0,0.0,35.1941995265
1992,4,28,32.5,12.0,0.0,22.25,0.0,37.6747413508
1992,4,29,32.5,12.0,0.0,22.25,0.0,37.6747413508
1992,4,30,32.0,13.0,0.0,22.5,0.0,41.5572250641
1992,5,1,31.5,15.0,0.0,23.25,0.0,46.7955137316
1992,5,2,29.5,12.5,0.0,21.0,0.0,45.5560471085
1992,5,3,29.0,13.5,0.0,21.25,0.0,49.6674119949
1992,5,4,26.5,12.5,10.0,19.5,1.0,60.6981755942
1992,5,5,24.0,12.0,7.0,18.0,0.7,68.6260555367
1992,5,6,28.5,12.0,6.0,20.25,0.6,56.2347482875
1992,5,7,28.0,11.0,0.0,19.5,0.0,48.2014923836
1992,5,8,26.5,10.5,0.0,18.5,0.0,49.4052401775
1992,5,9,25.0,10.0,0.0,17.5,0.0,50.5858692385
1992,5,10,25.5,13.5,0.0,19.5,0.0,60.6981755942
1992,5,11,28.0,14.0,0.0,21.0,0.0,52.0640538382
1992,5,12,30.0,13.0,0.0,21.5,0.0,42.5997229316
1992,5,13,31.5,12.5,0.0,22.0,0.0,36.7243821146
1992,5,14,31.5,12.5,0.0,22.0,0.0,30.6036517622
1992,5,15,31.0,13.0,0.0,22.0,0.0,32.1338343503
1992,5,16,31.5,12.5,0.0,22.0,0.0,30.6036517622
1992,5,17,32.0,12.5,0.0,22.25,0.0,28.6328034266
1992,5,18,30.5,15.0,0.0,22.75,0.0,39.4676898088
1992,5,19,27.5,14.0,2.0,20.75,0.2,44.6109321756
1992,5,20,25.5,12.0,2.0,18.75,0.2,44.8970445709
1992,5,21,23.0,8.5,8.0,15.75,0.8,52.0030202699
1992,5,22,24.0,7.5,4.0,15.75,0.4,47.4810185073
1992,5,23,23.0,11.0,6.0,17.0,0.6,62.6506830469
1992,5,24,21.0,8.5,4.0,14.75,0.4,62.6739127829
1992,5,25,23.5,7.5,0.0,15.5,0.0,43.6505217392
1992,5,26,25.5,10.5,0.0,18.0,0.0,47.0578666537
1992,5,27,26.0,13.0,0.0,19.5,0.0,51.7719733009
1992,5,28,27.0,11.5,5.0,19.25,0.5,52.5839330785
1992,5,29,26.5,11.5,5.0,19.0,0.5,55.2517761891
1992,5,30,23.0,11.0,0.0,17.0,0.0,58.4739708437
1992,5,31,27.0,11.0,0.0,19.0,0.0,44.2014209513
1992,6,1,29.0,12.5,0.0,20.75,0.0,41.3064186811
1992,6,2,31.0,13.0,0.0,22.0,0.0,35.1941995265
1992,6,3,33.0,14.0,0.0,23.5,0.0,32.1248392704
1992,6,4,33.0,14.0,0.0,23.5,0.0,33.5215714126
1992,6,5,33.0,14.5,0.0,23.75,0.0,34.3943468001
1992,6,6,32.0,11.5,0.0,21.75,0.0,29.5216817238
1992,6,7,28.5,12.0,0.0,20.25,0.0,37.4898321916
1992,6,8,27.5,10.0,0.0,18.75,0.0,33.6727834282
1992,6,9,30.0,11.0,0.0,20.5,0.0,30.2030615242
1992,6,10,32.5,12.0,0.0,22.25,0.0,27.1258137726
1992,6,11,32.5,11.5,0.0,22.0,0.0,26.0131039979
1992,6,12,32.5,11.5,0.0,22.0,0.0,26.0131039979
1992,6,13,32.0,12.0,0.0,22.0,0.0,29.0734691741
1992,6,14,32.0,11.0,0.0,21.5,0.0,26.8220477717
1992,6,15,31.0,12.0,0.0,21.5,0.0,29.9775828037
1992,6,16,30.5,11.5,0.0,21.0,0.0,30.9130319665
1992,6,17,34.0,9.5,0.0,21.75,0.0,21.7528181123
1992,6,18,35.5,13.5,0.0,24.5,0.0,24.9843848111
1992,6,19,35.5,14.0,0.0,24.75,0.0,25.9073524781
1992,6,20,34.0,16.0,0.0,25.0,0.0,33.1783900155
1992,6,21,35.5,18.0,0.0,26.75,0.0,34.4929049297
1992,6,22,34.5,17.5,0.0,26.0,0.0,36.0634925167
1992,6,23,34.5,16.5,0.0,25.5,0.0,33.4392314189
1992,6,24,35.5,15.5,0.0,25.5,0.0,29.7237612612
1992,6,25,35.5,18.0,0.0,26.75,0.0,34.4929049297
1992,6,26,35.0,14.5,0.0,24.75,0.0,27.202720102
1992,6,27,34.5,13.5,0.0,24.0,0.0,18.9723040844
1992,6,28,35.5,13.5,0.0,24.5,0.0,18.4095467029
1992,6,29,35.5,15.5,0.0,25.5,0.0,19.8158408408
1992,6,30,35.0,15.5,0.0,25.25,0.0,20.1141544225
1992,7,1,33.0,17.5,0.0,25.25,0.0,26.3998276796
1992,7,2,33.5,12.0,0.0,22.75,0.0,19.0029617598
1992,7,3,36.5,13.5,0.0,25.0,0.0,17.8652869314
1992,7,4,38.0,15.5,0.0,26.75,0.0,18.3962159625
1992,7,5,39.5,16.5,0.0,28.0,0.0,19.2249471828
1992,7,6,37.0,19.0,0.0,28.0,0.0,22.4291050466
1992,7,7,34.5,19.5,0.0,27.0,0.0,24.9233651477
1992,7,8,33.5,19.5,0.0,26.5,0.0,26.8393253726
1992,7,9,33.0,16.5,17.0,24.75,1.7,31.0888229737
1992,7,10,32.0,18.0,0.0,25.0,0.0,37.0066657865
1992,7,11,26.0,17.0,18.0,21.5,1.8,69.4217707033
1992,7,12,29.0,14.5,0.0,21.75,0.0,41.9518635023
1992,7,13,31.0,13.0,0.0,22.0,0.0,32.1338343503
1992,7,14,33.5,13.5,0.0,23.5,0.0,27.9346428438
1992,7,15,34.0,16.5,0.0,25.25,0.0,33.942635588
1992,7,16,35.0,16.5,0.0,25.75,0.0,31.7239646125
1992,7,17,36.5,15.0,0.0,25.75,0.0,25.623202187
1992,7,18,37.0,17.0,0.0,27.0,0.0,28.3220058497
1992,7,19,35.5,19.0,0.0,27.25,0.0,35.7207163073
1992,7,20,35.5,17.0,0.0,26.25,0.0,30.79378705
1992,7,21,33.5,19.0,1.0,26.25,0.1,42.6375513
1992,7,22,33.0,18.5,0.0,25.75,0.0,42.7053369783
1992,7,23,30.5,18.0,7.0,24.25,0.7,58.7355077689
1992,7,24,26.5,17.5,5.0,22.0,0.5,76.5091294055
1992,7,25,30.0,16.5,5.0,23.25,0.5,58.1398806968
1992,7,26,33.5,17.0,0.0,25.25,0.0,41.4854434965
1992,7,27,35.0,18.0,0.0,26.5,0.0,39.6755244638
1992,7,28,31.5,17.5,3.0,24.5,0.3,57.858575352
1992,7,29,33.5,18.0,0.0,25.75,0.0,45.1456419485
1992,7,30,31.0,18.0,4.0,24.5,0.4,61.8034782169
1992,7,31,30.5,17.5,0.0,24.0,0.0,54.2065830983
1992,8,1,31.0,18.0,5.0,24.5,0.5,61.8034782169
1992,8,2,33.0,17.5,0.0,25.25,0.0,46.5139821021
1992,8,3,34.0,17.5,0.0,25.75,0.0,41.4851844932
1992,8,4,32.5,18.0,0.0,25.25,0.0,43.9997127993
1992,8,5,32.0,16.5,0.0,24.25,0.0,40.0469371151
1992,8,6,31.5,16.5,20.0,24.0,2.0,50.1410893659
1992,8,7,30.5,15.5,0.0,23.0,0.0,47.5108151335
1992,8,8,31.5,16.0,0.0,23.75,0.0,45.4005377761
1992,8,9,32.5,16.5,0.0,24.5,0.0,44.7088991356
1992,8,10,35.0,18.0,0.0,26.5,0.0,42.009378844
1992,8,11,35.5,18.5,0.0,27.0,0.0,43.0494488915
1992,8,12,32.0,18.0,18.0,25.0,1.8,59.9763204127
1992,8,13,31.0,19.5,0.0,25.25,0.0,64.1138672218
1992,8,14,33.5,17.0,0.0,25.25,0.0,47.7711167535
1992,8,15,35.0,19.5,0.0,27.25,0.0,51.3485296917
1992,8,16,36.5,17.5,0.0,27.0,0.0,41.9165686575
1992,8,17,35.5,18.5,0.0,27.0,0.0,46.4480895935
1992,8,18,35.5,17.5,4.0,26.5,0.4,51.3447963649
1992,8,19,34.5,18.5,0.0,26.5,0.0,50.1778691748
1992,8,20,34.0,18.0,8.0,26.0,0.8,56.4994716095
1992,8,21,32.0,17.5,0.0,24.75,0.0,53.1100725801
1992,8,22,29.0,18.5,0.0,23.75,0.0,67.4129197282
1992,8,23,25.0,17.0,11.0,21.0,1.1,78.0960807574
1992,8,24,25.0,14.0,71.0,19.5,7.1,71.4096183461
1992,8,25,28.0,13.0,0.0,20.5,0.0,62.0840709109
1992,8,26,30.0,13.0,0.0,21.5,0.0,56.7996305754
1992,8,27,32.0,13.0,0.0,22.5,0.0,51.9465313302
1992,8,28,32.5,16.5,0.0,24.5,0.0,59.1735429736
1992,8,29,26.0,15.0,5.0,20.5,0.5,72.1517580857
1992,8,30,29.0,12.0,0.0,20.5,0.0,57.0502273236
1992,8,31,30.5,13.5,0.0,22.0,0.0,56.6167557601
1992,9,1,30.0,14.5,0.0,22.25,0.0,61.7865758153
1992,9,2,30.5,13.0,0.0,21.75,0.0,55.935818003
1992,9,3,31.5,12.5,0.0,22.0,0.0,52.0262079957
1992,9,4,31.5,12.5,0.0,22.0,0.0,53.5563905838
1992,9,5,30.5,12.5,0.0,21.5,0.0,55.2218630594
1992,9,6,32.0,12.5,0.0,22.25,0.0,52.7446378911
1992,9,7,33.0,12.5,0.0,22.75,0.0,49.7000538333
1992,9,8,34.5,12.5,0.0,23.5,0.0,47.4888928345
1992,9,9,33.5,11.0,0.0,22.25,0.0,46.716679275
1992,9,10,33.5,12.0,0.0,22.75,0.0,48.2382875441
1992,9,11,34.0,13.5,0.0,23.75,0.0,50.9036332641
1992,9,12,33.5,16.0,0.0,24.75,0.0,58.2915430758
1992,9,13,31.5,15.5,0.0,23.5,0.0,61.4562142564
1992,9,14,30.5,16.0,0.0,23.25,0.0,63.8120641794
1992,9,15,31.5,16.5,0.0,24.0,0.0,63.6927351405
1992,9,16,32.5,17.0,0.0,24.75,0.0,62.1776459475
1992,9,17,33.5,16.0,0.0,24.75,0.0,58.2915430758
1992,9,18,33.0,17.0,0.0,25.0,0.0,61.2524123363
1992,9,19,28.5,17.0,0.0,22.75,0.0,70.1647818824
1992,9,20,28.0,16.0,3.0,22.0,0.3,68.8582164649
1992,9,21,30.0,15.5,0.0,22.75,0.0,64.3177167255
1992,9,22,31.0,14.5,0.0,22.75,0.0,59.9324178578
1992,9,23,30.5,13.5,0.0,22.0,0.0,59.6771209363
1992,9,24,31.5,12.0,0.0,21.75,0.0,54.3820452807
1992,9,25,31.5,12.0,0.0,21.75,0.0,54.3820452807
1992,9,26,32.5,13.0,0.0,22.75,0.0,54.085352701
1992,9,27,33.0,13.5,0.0,23.25,0.0,55.3037889555
1992,9,28,32.0,13.0,0.0,22.5,0.0,54.914904549
1992,9,29,30.5,15.0,0.0,22.75,0.0,62.8559504363
1992,9,30,29.5,12.5,0.0,21.0,0.0,58.572060568
1992,10,1,29.5,10.5,0.0,20.0,0.0,55.3814856634
1992,10,2,30.5,8.5,0.0,19.5,0.0,49.9867328423
1992,10,3,30.5,9.5,0.0,20.0,0.0,51.9201428095
1992,10,4,30.0,9.5,0.0,19.75,0.0,52.7316268518
1992,10,5,30.0,9.5,0.0,19.75,0.0,52.7316268518
1992,10,6,29.0,8.5,0.0,18.75,0.0,52.3798853327
1992,10,7,28.5,6.0,0.0,17.25,0.0,47.2790575982
1992,10,8,28.0,2.5,0.0,15.25,0.0,42.0199449715
1992,10,9,28.5,4.0,0.0,16.25,0.0,43.8022559544
1992,10,10,30.0,5.0,0.0,17.5,0.0,42.4921301603
1992,10,11,31.0,7.0,0.0,19.0,0.0,44.2014209513
1992,10,12,32.0,9.0,0.0,20.5,0.0,46.9825401488
1992,10,13,30.0,10.0,0.0,20.0,0.0,53.6508142364
1992,10,14,27.0,10.0,0.0,18.5,0.0,58.9062479039
1992,10,15,27.0,7.5,0.0,17.25,0.0,53.445891198
1992,10,16,28.0,6.0,0.0,17.0,0.0,48.0321903359
1992,10,17,29.0,7.0,0.0,18.0,0.0,49.0186110976
1992,10,18,30.5,7.5,0.0,19.0,0.0,47.8848726972
1992,10,19,28.0,9.5,0.0,18.75,0.0,56.1213057136
1992,10,20,28.5,11.0,0.0,19.75,0.0,58.004789537
1992,10,21,25.5,11.0,0.0,18.25,0.0,63.6969186547
1992,10,22,25.0,11.0,0.0,18.0,0.0,64.7045666489
1992,10,23,24.5,12.5,0.0,18.5,0.0,68.4072556304
1992,10,24,24.0,12.0,2.0,18.0,0.2,68.6260555367
1992,10,25,26.5,9.0,4.0,17.75,0.4,57.7626650319
1992,10,26,26.5,6.0,0.0,16.25,0.0,50.3725943476
1992,10,27,26.5,8.5,0.0,17.5,0.0,56.6561735471
1992,10,28,22.0,11.0,5.0,16.5,0.5,71.1346531922
1992,10,29,21.0,10.0,4.0,15.5,0.4,71.2192723114
1992,10,30,22.5,6.0,0.0,14.25,0.0,57.2559044825
1992,10,31,20.5,10.0,0.0,15.25,0.0,72.3676830064
1992,11,1,20.5,2.5,0.0,11.5,0.0,53.5954160642
1992,11,2,22.0,1.5,0.0,11.75,0.0,49.793500759
1992,11,3,18.0,4.5,0.0,11.25,0.0,63.5650485362
1992,11,4,13.0,1.5,0.0,7.25,0.0,67.2178420302
1992,11,5,16.0,0.0,0.0,8.0,0.0,56.3791355845
1992,11,6,17.5,-1.5,0.0,8.0,0.0,52.6205265456
1992,11,7,21.0,0.5,0.0,10.75,0.0,50.0546846237
1992,11,8,22.0,1.5,0.0,11.75,0.0,49.793500759
1992,11,9,21.5,2.5,0.0,12.0,0.0,51.8653548135
1992,11,10,20.0,6.0,0.0,13.0,0.0,62.0842695606
1992,11,11,16.0,0.0,0.0,8.0,0.0,56.3791355845
1992,11,12,20.0,-2.5,0.0,8.75,0.0,46.4599979153
1992,11,13,21.5,1.5,0.0,11.5,0.0,50.6178929496
1992,11,14,23.0,2.5,0.0,12.75,0.0,49.3850410338
1992,11,15,24.0,2.5,0.0,13.25,0.0,47.8045703084
1992,11,16,24.0,3.5,0.0,13.75,0.0,51.4221430057
1992,11,17,21.5,1.0,0.0,11.25,0.0,48.4305131704
1992,11,18,20.0,0.5,0.0,10.25,0.0,51.7393494702
1992,11,19,18.0,2.0,0.0,10.0,0.0,59.1807757208
1992,11,20,14.0,1.5,0.0,7.75,0.0,64.9829126691
1992,11,21,13.0,-4.5,0.0,4.25,0.0,53.4137429787
1992,11,22,16.0,-1.0,0.0,7.5,0.0,54.4270053617
1992,11,23,11.5,1.0,5.0,6.25,0.5,50.7861675394
1992,11,24,9.5,-7.0,0.0,1.25,0.0,29.9507056099
1992,11,25,11.0,-8.5,0.0,1.25,0.0,23.960564488
1992,11,26,11.5,-6.0,0.0,2.75,0.0,26.9507408159
1992,11,27,15.0,-5.0,0.0,5.0,0.0,23.0538586066
1992,11,28,16.5,-5.0,0.0,5.75,0.0,17.5173299661
1992,11,29,15.5,-5.0,0.0,5.25,0.0,18.1286298532
1992,11,30,16.5,-2.0,0.0,7.25,0.0,19.7699535383
1992,12,1,19.5,-4.0,0.0,7.75,0.0,15.2900970986
1992,12,2,19.0,-1.0,0.0,9.0,0.0,17.5725427102
1992,12,3,13.5,6.5,14.0,10.0,1.4,72.3320592143
1992,12,4,11.0,7.5,30.0,9.25,3.0,89.8627286289
1992,12,5,10.5,2.5,27.0,6.5,2.7,74.8918835728
1992,12,6,12.0,-2.0,0.0,5.0,0.0,59.9400323773
1992,12,7,13.5,-1.0,0.0,6.25,0.0,59.250528796
1992,12,8,10.0,1.0,11.0,5.5,1.1,71.2803381364
1992,12,9,13.5,0.0,0.0,6.75,0.0,61.3570951366
1992,12,10,17.5,-1.0,0.0,8.25,0.0,51.7422261929
1992,12,11,19.5,1.5,0.0,10.5,0.0,54.0698850961
1992,12,12,12.0,0.0,3.0,6.0,0.3,64.5759294579
1992,12,13,6.5,-3.5,0.0,1.5,0.0,70.6226680197
1992,12,14,6.5,-5.5,0.0,0.5,0.0,63.1747846666
1992,12,15,8.5,-5.5,0.0,1.5,0.0,58.8522233498
1992,12,16,8.5,-5.0,0.0,1.75,0.0,63.6055988412
1992,12,17,11.5,-6.0,0.0,2.75,0.0,53.9014816318
1992,12,18,14.0,-1.0,0.0,6.5,0.0,58.2492427789
1992,12,19,8.5,-0.5,3.0,4.0,0.3,74.1095565824
1992,12,20,11.5,-3.5,0.0,4.0,0.0,59.2876452659
1992,12,21,15.0,-2.5,0.0,6.25,0.0,55.0183481677
1992,12,22,16.0,-0.5,0.0,7.75,0.0,57.3378641198
1992,12,23,16.5,-2.0,0.0,7.25,0.0,51.4018791996
1992,12,24,16.5,3.5,0.0,10.0,0.0,65.7564174675
1992,12,25,16.5,2.0,0.0,9.25,0.0,62.2126582816
1992,12,26,16.5,3.0,0.0,9.75,0.0,63.5157837063
1992,12,27,17.5,2.0,0.0,9.75,0.0,60.1728477218
1992,12,28,14.0,7.5,25.0,10.75,2.5,81.3388625135
1992,12,29,14.5,8.5,19.0,11.5,1.9,83.370647211
1992,12,30,14.0,5.5,0.0,9.75,0.0,76.8875276445
1993,1,1,17.0,5.0,0.0,11.0,0.0,64.6211833938
1993,1,2,17.0,4.5,0.0,10.75,0.0,65.6967735686
1993,1,3,11.5,1.5,0.0,6.5,0.0,70.7312233743
1993,1,4,11.5,-5.0,0.0,3.25,0.0,52.051414397
1993,1,5,13.0,2.0,0.0,7.5,0.0,66.089935082
1993,1,6,11.0,6.0,14.0,8.5,1.4,83.5887470229
1993,1,7,11.5,7.0,19.0,9.25,1.9,86.4064698355
1993,1,8,12.5,6.0,46.0,9.25,4.6,79.4939522487
1993,1,9,11.5,2.5,5.0,7.0,0.5,72.3886560202
1993,1,10,9.5,3.5,22.0,6.5,2.2,83.2132039698
1993,1,11,12.5,6.0,17.0,9.25,1.7,79.4939522487
1993,1,12,13.5,-1.0,0.0,6.25,0.0,59.250528796
1993,1,13,12.0,4.5,15.0,8.25,1.5,77.6133392894
1993,1,14,12.0,3.0,3.0,7.5,0.3,73.8652215623
1993,1,15,13.5,4.0,0.0,8.75,0.0,71.4769198697
1993,1,16,14.0,5.0,0.0,9.5,0.0,74.7796505633
1993,1,17,13.0,7.0,12.0,10.0,1.2,82.1955218344
1993,1,18,12.0,6.5,18.0,9.25,1.8,82.9502110421
1993,1,19,9.5,2.5,26.0,6.0,2.6,77.4911153495
1993,1,20,12.5,-0.5,0.0,6.0,0.0,64.5759294579
1993,1,21,17.0,-1.0,0.0,8.0,0.0,52.6205265456
1993,1,22,20.0,2.0,0.0,11.0,0.0,55.3895857661
1993,1,23,18.0,0.5,0.0,9.25,0.0,55.3001406947
1993,1,24,17.5,0.0,0.0,8.75,0.0,53.6076899023
1993,1,25,16.5,0.0,0.0,8.25,0.0,55.4380994924
1993,1,26,15.5,1.5,0.0,8.5,0.0,61.78298693
1993,1,27,15.0,3.0,0.0,9.0,0.0,66.7756622988
1993,1,28,15.5,2.5,0.0,9.0,0.0,63.2611537567
1993,1,29,16.0,-0.5,0.0,7.75,0.0,57.3378641198
1993,1,30,14.0,4.0,0.0,9.0,0.0,70.2901708408
1993,1,31,17.5,3.0,0.0,10.25,0.0,61.4404774958
1993,2,1,15.5,-1.5,0.0,7.0,0.0,56.3022880157
1993,2,2,16.5,-3.5,0.0,6.5,0.0,49.9279223819
1993,2,3,18.0,-3.0,0.0,7.5,0.0,46.6517188814
1993,2,4,17.5,0.5,0.0,9.0,0.0,56.2321366726
1993,2,5,16.0,1.5,0.0,8.75,0.0,60.7553818893
1993,2,6,17.5,3.5,0.0,10.5,0.0,63.6116295249
1993,2,7,20.0,1.0,0.0,10.5,0.0,50.8893036199
1993,2,8,15.5,7.0,3.0,11.25,0.3,75.6726768288
1993,2,9,12.0,4.0,8.0,8.0,0.8,75.1721807794
1993,2,10,10.5,2.5,6.0,6.5,0.6,74.8918835728
1993,2,11,12.5,-0.5,0.0,6.0,0.0,64.5759294579
1993,2,12,14.5,-1.5,0.0,6.5,0.0,58.2492427789
1993,2,13,14.5,2.0,0.0,8.25,0.0,66.5257193909
1993,2,14,12.0,4.5,7.0,8.25,0.7,77.6133392894
1993,2,15,9.5,2.5,7.0,6.0,0.7,77.4911153495
1993,2,16,13.0,0.0,0.0,6.5,0.0,62.4099029773
1993,2,17,16.5,-0.5,0.0,8.0,0.0,56.3791355845
1993,2,18,15.5,4.0,0.0,9.75,0.0,66.8587196909
1993,2,19,17.0,6.0,7.0,11.5,0.7,68.4830316376
1993,2,20,13.5,7.0,4.0,10.25,0.4,80.8427335471
1993,2,21,13.0,1.5,0.0,7.25,0.0,67.2178420302
1993,2,22,14.0,-0.5,0.0,6.75,0.0,61.3570951366
1993,2,23,16.0,0.5,0.0,8.25,0.0,59.1339727919
1993,2,24,13.0,5.0,0.0,9.0,0.0,77.3191879249
1993,2,25,13.5,0.0,2.0,6.75,0.2,61.3570951366
1993,2,26,17.0,-0.5,0.0,8.25,0.0,55.4380994924
1993,2,27,15.0,3.0,0.0,9.0,0.0,66.7756622988
1993,2,28,11.0,2.5,5.0,6.75,0.5,73.6285141639
1993,3,1,9.0,1.0,4.0,5.0,0.4,73.7723475413
1993,3,2,12.0,2.0,0.0,7.0,0.0,72.3886560202
1993,3,3,16.0,-0.5,0.0,7.75,0.0,57.3378641198
1993,3,4,16.0,2.0,0.0,9.0,0.0,63.2611537567
1993,3,5,17.5,1.0,0.0,9.25,0.0,55.3001406947
1993,3,6,20.5,0.0,0.0,10.25,0.0,48.5056401283
1993,3,7,23.0,0.5,0.0,11.75,0.0,46.8644713026
1993,3,8,24.5,2.5,0.0,13.5,0.0,47.03540722
1993,3,9,23.5,2.0,0.0,12.75,0.0,49.3850410338
1993,3,10,23.0,2.5,0.0,12.75,0.0,49.3850410338
1993,3,11,20.0,3.5,0.0,11.75,0.0,58.5805891282
1993,3,12,17.0,3.5,0.0,10.25,0.0,64.6741868377
1993,3,13,19.0,2.0,0.0,10.5,0.0,57.2504665724
1993,3,14,19.5,6.0,0.0,12.75,0.0,63.1031079876
1993,3,15,20.0,5.5,0.0,12.75,0.0,63.1031079876
1993,3,16,22.0,4.5,0.0,13.25,0.0,55.7719986931
1993,3,17,25.5,4.0,0.0,14.75,0.0,48.2107021407
1993,3,18,20.5,7.0,0.0,13.75,0.0,64.2776787571
1993,3,19,22.0,4.0,0.0,13.0,0.0,53.9863213571
1993,3,20,23.0,4.0,0.0,13.5,0.0,52.2615635778
1993,3,21,23.5,7.5,0.0,15.5,0.0,59.7322929063
1993,3,22,24.0,4.5,0.0,14.25,0.0,52.2771301796
1993,3,23,24.0,5.0,0.0,14.5,0.0,53.891411092
1993,3,24,23.5,5.0,0.0,14.25,0.0,54.766517331
1993,3,25,24.5,5.5,0.0,15.0,0.0,54.5594529796
1993,3,26,21.0,4.5,3.0,12.75,0.3,57.6158812061
1993,3,27,14.5,1.5,5.0,8.0,0.5,63.8963536625
1993,3,28,18.0,-1.0,0.0,8.5,0.0,50.8801068835
1993,3,29,13.5,2.5,7.0,8.0,0.7,67.6549627014
1993,3,30,17.5,-0.5,0.0,8.5,0.0,54.5144002323
1993,3,31,22.0,2.0,0.0,12.0,0.0,51.8653548135
1993,4,1,24.5,4.5,0.0,14.5,0.0,51.4418014969
1993,4,2,23.0,5.0,0.0,14.0,0.0,55.657395695
1993,4,3,21.5,4.5,0.0,13.0,0.0,56.6856374249
1993,4,4,25.0,2.0,0.0,13.5,0.0,47.03540722
1993,4,5,23.5,5.5,0.0,14.5,0.0,56.3410206871
1993,4,6,18.5,6.0,0.0,12.25,0.0,65.1967986897
1993,4,7,18.0,0.5,0.0,9.25,0.0,55.3001406947
1993,4,8,20.5,0.0,0.0,10.25,0.0,48.5056401283
1993,4,9,25.5,1.0,0.0,13.25,0.0,39.8371419237
1993,4,10,26.0,4.0,0.0,15.0,0.0,45.0708524614
1993,4,11,26.0,5.0,0.0,15.5,0.0,43.6505217392
1993,4,12,24.5,6.5,0.0,15.5,0.0,48.2453135012
1993,4,13,21.0,4.5,0.0,12.75,0.0,52.1286544245
1993,4,14,18.5,1.0,0.0,9.75,0.0,46.8011037836
1993,4,15,22.0,2.5,0.0,12.25,0.0,39.6850078981
1993,4,16,21.5,7.5,0.0,14.5,0.0,56.3410206871
1993,4,17,26.0,4.0,0.0,15.0,0.0,35.5822519432
1993,4,18,26.5,6.0,0.0,16.25,0.0,35.0418047635
1993,4,19,25.0,6.5,0.0,15.75,0.0,33.9150132195
1993,4,20,28.0,6.0,0.0,17.0,0.0,18.7952049141
1993,4,21,31.0,6.5,0.0,18.75,0.0,16.8363917141
1993,4,22,30.5,10.5,0.0,20.5,0.0,21.8133222119
1993,4,23,27.5,10.5,0.0,19.0,0.0,27.6258880945
1993,4,24,24.5,7.0,0.0,15.75,0.0,27.1320105756
1993,4,25,28.0,4.5,0.0,16.25,0.0,17.5209023818
1993,4,26,29.5,7.0,0.0,18.25,0.0,17.3718869058
1993,4,27,29.5,8.0,0.0,18.75,0.0,18.7071019045
1993,4,28,29.0,8.0,0.0,18.5,0.0,19.0020154529
1993,4,29,29.5,7.5,0.0,18.5,0.0,19.0020154529
1993,4,30,28.5,8.5,0.0,18.5,0.0,20.9022169982
1993,5,1,26.5,10.5,0.0,18.5,0.0,30.4032247246
1993,5,2,28.5,6.0,0.0,17.25,0.0,18.5005007993
1993,5,3,29.0,7.5,0.0,18.25,0.0,19.302096562
1993,5,4,28.0,8.5,0.0,18.25,0.0,21.2323062182
1993,5,5,24.5,10.0,0.0,17.25,0.0,32.8897791988
1993,5,6,26.5,5.0,0.0,15.75,0.0,18.0880070504
1993,5,7,26.0,6.5,0.0,16.25,0.0,21.9011279772
1993,5,8,27.0,8.0,0.0,17.5,0.0,22.2577824649
1993,5,9,28.5,6.0,0.0,17.25,0.0,16.4448895994
1993,5,10,30.5,8.5,0.0,19.5,0.0,17.8524045865
1993,5,11,33.0,11.5,0.0,22.25,0.0,18.0838758484
1993,5,12,30.5,13.0,0.0,21.75,0.0,21.7528181123
1993,5,13,29.0,11.0,0.0,20.0,0.0,20.7680571238
1993,5,14,31.5,12.5,0.0,22.0,0.0,19.8923736454
1993,5,15,31.0,12.5,0.0,21.75,0.0,20.19904539
1993,5,16,28.5,10.0,0.0,19.25,0.0,19.9456297884
1993,5,17,27.5,9.5,0.0,18.5,0.0,20.9022169982
1993,5,18,29.5,10.5,0.0,20.0,0.0,20.7680571238
1993,5,19,30.5,12.5,0.0,21.5,0.0,20.5109777078
1993,5,20,31.5,11.5,0.0,21.5,0.0,18.9332101918
1993,5,21,30.5,11.5,0.0,21.0,0.0,19.5240201893
1993,5,22,29.0,12.5,0.0,20.75,0.0,21.4793377142
1993,5,23,28.5,11.5,0.0,20.0,0.0,20.7680571238
1993,5,24,29.5,10.5,0.0,20.0,0.0,20.7680571238
1993,5,25,33.0,12.5,0.0,22.75,0.0,19.0029617598
1993,5,26,33.0,14.5,0.0,23.75,0.0,20.6366080801
1993,5,27,31.5,13.5,5.0,22.5,0.5,20.7786125321
1993,5,28,30.0,12.0,0.0,21.0,0.0,21.1510218718
1993,5,29,30.5,10.5,0.0,20.5,0.0,20.1353743495
1993,5,30,33.5,10.5,0.0,22.0,0.0,18.3621910573
1993,5,31,32.5,13.0,0.0,22.75,0.0,20.464728049
1993,6,1,32.0,10.5,0.0,21.25,0.0,19.2260949658
1993,6,2,31.0,11.5,0.0,21.25,0.0,19.2260949658
1993,6,3,30.0,12.0,0.0,21.0,0.0,21.1510218718
1993,6,4,31.0,11.5,0.0,21.25,0.0,19.2260949658
1993,6,5,31.0,10.5,0.0,20.75,0.0,19.8270809669
1993,6,6,29.0,12.0,0.0,20.5,0.0,21.8133222119
1993,6,7,25.5,5.5,0.0,15.5,0.0,18.3791670481
1993,6,8,27.5,6.5,0.0,17.0,0.0,18.7952049141
1993,6,9,29.5,8.0,0.0,18.75,0.0,18.7071019045
1993,6,10,32.5,10.0,0.0,21.25,0.0,17.6239203853
1993,6,11,35.0,13.0,0.0,24.0,0.0,18.9723040844
1993,6,12,35.5,12.5,0.0,24.0,0.0,17.617139507
1993,6,13,37.5,13.0,0.0,25.25,0.0,17.5998851197
1993,6,14,39.0,15.0,0.0,27.0,0.0,18.1260837438
1993,6,15,36.0,18.5,0.0,27.25,0.0,22.325447692
1993,6,16,35.0,17.5,0.0,26.25,0.0,22.503152075
1993,6,17,34.5,17.5,0.0,26.0,0.0,22.8402119272
1993,6,18,34.5,15.0,0.0,24.75,0.0,20.7258819825
1993,6,19,36.0,14.5,0.0,25.25,0.0,18.8570197711
1993,6,20,37.5,14.5,0.0,26.0,0.0,18.0317462584
1993,6,21,36.5,15.5,0.0,26.0,0.0,19.2338626756
1993,6,22,36.0,13.5,0.0,24.75,0.0,18.1351467347
1993,6,23,36.0,12.5,0.0,24.25,0.0,17.3536727499
1993,6,24,36.5,13.5,0.0,25.0,0.0,17.8652869314
1993,6,25,38.5,15.5,0.0,27.0,0.0,18.1260837438
1993,6,26,39.5,17.0,0.0,28.25,0.0,18.9449675207
1993,6,27,39.0,18.5,0.0,28.75,0.0,20.4428031535
1993,6,28,39.0,19.0,0.0,29.0,0.0,21.1538818726
1993,6,29,37.5,20.0,0.0,28.75,0.0,22.4870834688
1993,6,30,36.5,20.5,0.0,28.5,0.0,23.8554971486
1993,7,1,35.5,20.0,0.0,27.75,0.0,23.8449937893
1993,7,2,34.5,20.5,0.0,27.5,0.0,25.2985057378
1993,7,3,32.0,19.0,0.0,25.5,0.0,26.0082911036
1993,7,4,32.5,19.0,0.0,25.75,0.0,25.623202187
1993,7,5,34.0,18.0,0.0,26.0,0.0,24.0423283445
1993,7,6,35.5,17.5,0.0,26.5,0.0,22.1716166121
1993,7,7,37.5,17.5,0.0,27.5,0.0,20.8987656095
1993,7,8,36.5,20.0,0.0,28.25,0.0,23.1549603031
1993,7,9,34.0,21.5,3.0,27.75,0.3,27.0965838515
1993,7,10,30.5,19.5,0.0,25.0,0.0,28.0740223208
1993,7,11,29.5,19.0,0.0,24.25,0.0,28.0328559806
1993,7,12,26.5,18.5,8.0,22.5,0.8,29.6837321887
1993,7,13,28.0,18.0,10.0,23.0,1.0,28.7944334143
1993,7,14,31.5,17.0,0.0,24.25,0.0,24.0281622691
1993,7,15,32.0,18.0,0.0,25.0,0.0,25.5218384735
1993,7,16,29.5,19.0,0.0,24.25,0.0,28.0328559806
1993,7,17,31.5,16.5,0.0,24.0,0.0,24.3929623942
1993,7,18,33.0,16.0,0.0,24.5,0.0,22.3544495678
1993,7,19,35.0,17.5,0.0,26.25,0.0,22.503152075
1993,7,20,34.5,16.0,0.0,25.25,0.0,21.3712890739
1993,7,21,33.5,17.5,0.0,25.5,0.0,23.5313109985
1993,7,22,33.5,18.0,0.0,25.75,0.0,24.4030497019
1993,7,23,33.0,18.5,0.0,25.75,0.0,24.4030497019
1993,7,24,33.5,18.0,0.0,25.75,0.0,24.4030497019
1993,7,25,34.5,17.0,0.0,25.75,0.0,21.9627447317
1993,7,26,35.0,15.5,0.0,25.25,0.0,20.1141544225
1993,7,27,36.0,15.0,0.0,25.5,0.0,19.8158408408
1993,7,28,36.0,19.5,0.0,27.75,0.0,23.8449937893
1993,7,29,34.0,22.0,0.0,28.0,0.0,26.7013155317
1993,7,30,36.0,20.5,0.0,28.25,0.0,24.2074584987
1993,7,31,39.0,19.0,0.0,29.0,0.0,21.1538818726
1993,8,1,38.0,22.0,0.0,30.0,0.0,23.7605626095
1993,8,2,36.5,21.5,5.0,29.0,0.5,25.1831927055
1993,8,3,35.5,19.5,7.0,27.5,0.7,24.1985707057
1993,8,4,33.5,18.0,6.0,25.75,0.6,24.4030497019
1993,8,5,34.0,18.5,0.0,26.25,0.0,23.6875285
1993,8,6,33.5,17.5,0.0,25.5,0.0,23.5313109985
1993,8,7,31.5,17.5,14.0,24.5,1.4,24.9843848111
1993,8,8,33.5,16.5,12.0,25.0,1.2,26.7979303971
1993,8,9,34.5,18.5,0.0,26.5,0.0,25.6723981825
1993,8,10,35.5,17.0,0.0,26.25,0.0,21.31877565
1993,8,11,36.5,18.0,0.0,27.25,0.0,22.325447692
1993,8,12,34.5,19.5,0.0,27.0,0.0,29.4548860837
1993,8,13,34.5,18.5,0.0,26.5,0.0,26.8393253726
1993,8,14,30.5,18.0,8.0,24.25,0.8,48.0563245382
1993,8,15,32.5,17.0,0.0,24.75,0.0,32.3841905976
1993,8,16,34.0,17.0,0.0,25.5,0.0,29.7237612612
1993,8,17,32.5,19.0,0.0,25.75,0.0,39.044879523
1993,8,18,30.0,18.5,0.0,24.25,0.0,46.7214266343
1993,8,19,30.5,17.0,0.0,23.75,0.0,38.5216684161
1993,8,20,31.5,18.5,0.0,25.0,0.0,40.8349415576
1993,8,21,34.0,17.5,0.0,25.75,0.0,30.5038121274
1993,8,22,33.0,16.5,0.0,24.75,0.0,31.0888229737
1993,8,23,34.0,16.0,0.0,25.0,0.0,28.0740223208
1993,8,24,32.5,18.0,0.0,25.25,0.0,36.4569048909
1993,8,25,28.0,16.0,8.0,22.0,0.8,55.0865731719
1993,8,26,25.5,17.5,9.0,21.5,0.9,75.7328407672
1993,8,27,27.5,17.5,10.0,22.5,1.0,66.7883974245
1993,8,28,27.0,17.5,14.0,22.25,1.4,72.3355033935
1993,8,29,25.5,17.0,7.0,21.25,0.7,76.904379863
1993,8,30,27.5,16.5,8.0,22.0,0.8,70.388399053
1993,8,31,24.5,17.0,4.0,20.75,0.4,79.3083238678
1993,9,1,29.0,15.5,0.0,22.25,0.0,55.7586171992
1993,9,2,31.5,16.0,0.0,23.75,0.0,50.9036332641
1993,9,3,33.0,16.5,0.0,24.75,0.0,47.9286020845
1993,9,4,33.0,16.0,0.0,24.5,0.0,47.3388343789
1993,9,5,32.0,17.0,0.0,24.5,0.0,52.5987048654
1993,9,6,32.5,15.0,0.0,23.75,0.0,45.4005377761
1993,9,7,33.5,16.0,0.0,24.75,0.0,46.6332344606
1993,9,8,34.0,14.5,0.0,24.25,0.0,42.7167329228
1993,9,9,33.5,15.0,0.0,24.25,0.0,44.0516308266
1993,9,10,31.5,16.5,0.0,24.0,0.0,52.8514185209
1993,9,11,32.0,15.5,0.0,23.75,0.0,49.5278593921
1993,9,12,27.0,14.5,24.0,20.75,2.4,67.7425266371
1993,9,13,27.0,15.0,0.0,21.0,0.0,68.3340706627
1993,9,14,27.5,12.5,0.0,20.0,0.0,57.1121570904
1993,9,15,30.0,11.5,0.0,20.75,0.0,49.5677024174
1993,9,16,29.5,12.5,0.0,21.0,0.0,53.6910555207
1993,9,17,29.0,11.0,0.0,20.0,0.0,50.1894713825
1993,9,18,27.5,8.0,0.0,17.75,0.0,47.803584854
1993,9,19,29.5,6.5,0.0,18.0,0.0,41.175633322
1993,9,20,32.0,9.0,0.0,20.5,0.0,41.9486965614
1993,9,21,34.5,11.5,0.0,23.0,0.0,41.7519284507
1993,9,22,35.0,14.5,0.0,24.75,0.0,46.6332344606
1993,9,23,33.0,14.5,0.0,23.75,0.0,52.2794071361
1993,9,24,29.5,17.5,0.0,23.5,0.0,69.8366071096
1993,9,25,31.0,11.0,0.0,21.0,0.0,48.8100504733
1993,9,26,31.5,8.5,0.0,20.0,0.0,43.2667856746
1993,9,27,30.0,13.0,0.0,21.5,0.0,56.7996305754
1993,9,28,31.0,11.5,0.0,21.25,0.0,51.2695865754
1993,9,29,31.0,12.0,0.0,21.5,0.0,52.0663280275
1993,9,30,30.5,14.5,0.0,22.5,0.0,60.8516509868
1993,10,1,31.5,12.0,0.0,21.75,0.0,51.2744998361
1993,10,2,32.0,11.0,0.0,21.5,0.0,48.9107929955
1993,10,3,32.5,11.5,0.0,22.0,0.0,48.9658428195
1993,10,4,32.5,14.5,0.0,23.5,0.0,55.8692856876
1993,10,5,31.5,13.5,0.0,22.5,0.0,56.3990911585
1993,10,6,24.0,14.0,11.0,19.0,1.1,73.6690349188
1993,10,7,23.0,13.0,12.0,18.0,1.2,72.5475444245
1993,10,8,25.0,8.0,0.0,16.5,0.0,58.2010798845
1993,10,9,26.5,11.0,0.0,18.75,0.0,61.733436285
1993,10,10,28.0,10.5,0.0,19.25,0.0,58.0236502935
1993,10,11,28.0,13.0,0.0,20.5,0.0,62.0840709109
1993,10,12,26.5,10.0,0.0,18.25,0.0,59.8364993423
1993,10,13,27.0,8.0,0.0,17.5,0.0,54.6327387776
1993,10,14,27.0,9.5,0.0,18.25,0.0,57.9062896861
1993,10,15,25.5,10.5,0.0,18.0,0.0,62.743822205
1993,10,16,22.0,8.0,6.0,15.0,0.6,64.0480534978
1993,10,17,19.5,11.0,13.0,15.25,1.3,77.036565781
1993,10,18,20.5,7.5,0.0,14.0,0.0,65.776922185
1993,10,19,18.5,5.5,2.0,12.0,0.2,66.2723978173
1993,10,20,22.0,2.5,0.0,12.25,0.0,51.0235815832
1993,10,21,23.0,5.5,0.0,14.25,0.0,57.2559044825
1993,10,22,23.0,7.0,0.0,15.0,0.0,59.3037532387
1993,10,23,26.0,7.0,0.0,16.5,0.0,53.889888782
1993,10,24,26.0,5.0,0.0,15.5,0.0,50.5427093823
1993,10,25,26.0,7.5,0.0,16.75,0.0,55.1636923485
1993,10,26,26.0,7.0,0.0,16.5,0.0,53.889888782
1993,10,27,20.0,7.0,0.0,13.5,0.0,65.3269544723
1993,10,28,22.0,4.0,0.0,13.0,0.0,53.9863213571
1993,10,29,20.0,5.5,0.0,12.75,0.0,63.1031079876
1993,10,30,18.5,3.5,0.0,11.0,0.0,61.5439841845
1993,10,31,19.5,1.5,0.0,10.5,0.0,54.0698850961
1993,11,1,20.0,3.5,0.0,11.75,0.0,58.5805891282
1993,11,2,20.5,2.0,0.0,11.25,0.0,54.4843273167
1993,11,3,22.0,3.0,0.0,12.5,0.0,52.9856259326
1993,11,4,22.0,4.5,0.0,13.25,0.0,55.7719986931
1993,11,5,21.5,4.5,0.0,13.0,0.0,56.6856374249
1993,11,6,21.0,2.0,0.0,11.5,0.0,53.5954160642
1993,11,7,22.5,3.5,0.0,13.0,0.0,53.9863213571
1993,11,8,21.5,2.5,0.0,12.0,0.0,51.8653548135
1993,11,9,22.5,2.5,0.0,12.5,0.0,50.1969087783
1993,11,10,24.0,4.0,0.0,14.0,0.0,50.59763245
1993,11,11,19.5,5.5,8.0,12.5,0.8,64.14049455
1993,11,12,15.5,3.5,0.0,9.5,0.0,67.9815005121
1993,11,13,10.5,2.0,6.0,6.25,0.6,76.1792513091
1993,11,14,10.5,0.0,0.0,5.25,0.0,67.9823619496
1993,11,15,8.5,0.0,13.0,4.25,1.3,72.8369222436
1993,11,16,14.5,-1.5,0.0,6.5,0.0,58.2492427789
1993,11,17,15.5,2.5,0.0,9.0,0.0,63.2611537567
1993,11,18,19.5,4.0,0.0,11.75,0.0,58.5805891282
1993,11,19,19.0,1.5,0.0,10.25,0.0,54.973058812
1993,11,20,19.0,0.0,0.0,9.5,0.0,50.9861253841
1993,11,21,21.0,0.5,0.0,10.75,0.0,50.0546846237
1993,11,22,22.0,6.0,0.0,14.0,0.0,58.1872773175
1993,11,23,20.5,6.5,0.0,13.5,0.0,62.7138762934
1993,11,24,18.0,2.0,0.0,10.0,0.0,59.1807757208
1993,11,25,16.0,-2.0,0.0,7.0,0.0,52.2806960146
1993,11,26,14.0,-5.5,0.0,4.25,0.0,48.5579481624
1993,11,27,17.0,-5.5,0.0,5.75,0.0,43.7933249153
1993,11,28,19.5,1.0,0.0,10.25,0.0,51.7393494702
1993,11,29,21.0,0.5,0.0,10.75,0.0,50.0546846237
1993,11,30,19.5,1.0,0.0,10.25,0.0,51.7393494702
1993,12,1,17.0,-1.0,0.0,8.0,0.0,52.6205265456
1993,12,2,17.5,-0.5,0.0,8.5,0.0,54.5144002323
1993,12,3,14.5,-3.5,0.0,5.5,0.0,53.4602536023
1993,12,4,18.5,-4.0,0.0,7.25,0.0,43.4938977843
1993,12,5,21.0,-2.0,0.0,9.5,0.0,44.1879753329
1993,12,6,21.5,0.0,0.0,10.75,0.0,46.9262668347
1993,12,7,21.5,-0.5,0.0,10.5,0.0,44.5281406674
1993,12,8,18.0,2.5,0.0,10.25,0.0,58.2067681539
1993,12,9,21.0,2.0,0.0,11.5,0.0,53.5954160642
1993,12,10,21.5,0.5,0.0,11.0,0.0,49.2351873476
1993,12,11,21.5,5.0,0.0,13.25,0.0,58.4278081547
1993,12,12,16.0,4.0,8.0,10.0,0.8,65.7564174675
1993,12,13,14.5,-4.0,0.0,5.25,0.0,49.8537320964
1993,12,14,18.0,-1.5,0.0,8.25,0.0,48.0463528934
1993,12,15,12.0,-0.5,0.0,5.75,0.0,65.689987373
1993,12,16,10.5,-5.0,0.0,2.75,0.0,59.2916297949
1993,12,17,14.5,-6.5,0.0,4.0,0.0,44.4657339494
1993,12,18,17.0,-0.5,0.0,8.25,0.0,55.4380994924
1993,12,19,12.5,0.5,0.0,6.5,0.0,66.5705631758
1993,12,20,13.0,-2.0,0.0,5.5,0.0,57.9152747358
1993,12,21,9.0,3.0,2.0,6.0,0.2,81.7961773133
1993,12,22,10.0,-2.0,2.0,4.0,0.2,64.2282823714
1993,12,23,9.0,-6.5,0.0,1.25,0.0,53.9112700979
1993,12,24,10.0,-4.5,0.0,2.75,0.0,59.2916297949
1993,12,25,14.5,-2.5,0.0,6.0,0.0,55.9658055302
1993,12,26,15.5,-2.0,0.0,6.75,0.0,53.1761491184
1993,12,27,15.5,3.5,0.0,9.5,0.0,67.9815005121
1993,12,28,16.0,5.5,0.0,10.75,0.0,71.9536091466
1993,12,29,16.0,1.0,0.0,8.5,0.0,58.1486935812
1993,12,30,14.5,2.0,0.0,8.25,0.0,66.5257193909
1993,12,31,17.5,0.5,0.0,9.0,0.0,56.2321366726
1994,1,1,18.0,-1.0,0.0,8.5,0.0,50.8801068835
1994,1,2,19.0,-0.5,0.0,9.25,0.0,51.8438819013
1994,1,3,20.0,-1.5,0.0,9.25,0.0,48.3876231079
1994,1,4,23.0,0.0,0.0,11.5,0.0,44.6628467202
1994,1,5,20.5,1.5,0.0,11.0,0.0,52.3123865569
1994,1,6,15.0,1.0,0.0,8.0,0.0,60.1377446235
1994,1,7,13.0,-7.0,0.0,3.0,0.0,47.670780101
1994,1,8,17.5,-4.5,0.0,6.5,0.0,45.7672621834
1994,1,9,17.0,-1.5,0.0,7.75,0.0,53.5153398451
1994,1,10,13.5,-4.0,0.0,4.75,0.0,51.5998431431
1994,1,11,14.5,-5.0,0.0,4.75,0.0,51.5998431431
1994,1,12,11.5,-4.5,0.0,3.5,0.0,56.2680296883
1994,1,13,17.5,-5.5,0.0,6.0,0.0,43.0506196386
1994,1,14,18.5,0.0,0.0,9.25,0.0,51.8438819013
1994,1,15,20.0,3.5,0.0,11.75,0.0,58.5805891282
1994,1,16,17.5,-0.5,0.0,8.5,0.0,54.5144002323
1994,1,17,19.0,-3.0,0.0,8.0,0.0,45.1033084676
1994,1,18,22.0,-1.0,0.0,10.5,0.0,44.5281406674
1994,1,19,21.5,-0.5,0.0,10.5,0.0,47.7087221436
1994,1,20,20.0,0.0,0.0,10.0,0.0,49.3173131006
1994,1,21,19.5,0.0,0.0,9.75,0.0,50.1440397682
1994,1,22,19.0,1.0,0.0,10.0,0.0,52.605133974
1994,1,23,18.5,2.0,0.0,10.25,0.0,58.2067681539
1994,1,24,20.0,4.5,0.0,12.25,0.0,59.5275118471
1994,1,25,16.0,0.5,3.0,8.25,0.3,59.1339727919
1994,1,26,10.5,-1.5,0.0,4.5,0.0,66.8158178264
1994,1,27,12.0,-5.0,0.0,3.5,0.0,56.2680296883
1994,1,28,7.0,-0.5,4.0,3.25,0.4,78.0771215955
1994,1,29,9.5,-4.0,0.0,2.75,0.0,59.2916297949
1994,1,30,11.5,-4.5,0.0,3.5,0.0,56.2680296883
1994,1,31,10.5,-6.5,0.0,2.0,0.0,51.1327186268
1994,2,1,9.5,-7.0,0.0,1.25,0.0,53.9112700979
1994,2,2,10.5,-3.5,0.0,3.5,0.0,61.3833051145
1994,2,3,17.0,-3.5,0.0,6.75,0.0,49.0856761093
1994,2,4,15.5,2.0,1.0,8.75,0.1,64.3292278828
1994,2,5,16.0,-2.0,0.0,7.0,0.0,52.2806960146
1994,2,6,20.0,-2.0,0.0,9.0,0.0,45.6886110465
1994,2,7,17.5,5.0,0.0,11.25,0.0,66.5919556093
1994,2,8,11.5,4.5,21.0,8.0,2.1,78.9307898184
1994,2,9,11.5,1.5,9.0,6.5,0.9,70.7312233743
1994,2,10,15.5,-1.5,0.0,7.0,0.0,56.3022880157
1994,2,11,16.0,0.0,0.0,8.0,0.0,56.3791355845
1994,2,12,12.5,-3.5,0.0,4.5,0.0,57.270700994
1994,2,13,14.5,-0.5,0.0,7.0,0.0,60.3238800168
1994,2,14,18.5,3.0,0.0,10.75,0.0,59.4399379907
1994,2,15,22.0,-0.5,0.0,10.75,0.0,46.9262668347
1994,2,16,23.5,2.0,0.0,12.75,0.0,49.3850410338
1994,2,17,23.0,7.5,0.0,15.25,0.0,60.6954760699
1994,2,18,17.0,6.5,0.0,11.75,0.0,70.2967069538
1994,2,19,11.5,0.0,0.0,5.75,0.0,65.689987373
1994,2,20,16.0,-3.0,0.0,6.5,0.0,49.9279223819
1994,2,21,14.0,2.5,0.0,8.25,0.0,66.5257193909
1994,2,22,12.0,0.0,0.0,6.0,0.0,64.5759294579
1994,2,23,14.5,-5.0,0.0,4.75,0.0,51.5998431431
1994,2,24,19.5,-4.0,0.0,7.75,0.0,42.0477670212
1994,2,25,21.0,-1.0,0.0,10.0,0.0,46.0294922273
1994,2,26,21.0,2.5,0.0,11.75,0.0,52.7225302154
1994,2,27,21.0,2.0,0.0,11.5,0.0,53.5954160642
1994,2,28,18.0,2.0,0.0,10.0,0.0,59.1807757208
1994,3,1,19.5,-1.0,0.0,9.25,0.0,48.3876231079
1994,3,2,21.5,4.0,0.0,12.75,0.0,54.8722678153
1994,3,3,24.0,8.0,0.0,16.0,0.0,60.0815859124
1994,3,4,23.0,6.0,0.0,14.5,0.0,56.3410206871
1994,3,5,22.5,4.0,0.0,13.25,0.0,53.1161892315
1994,3,6,22.5,3.5,0.0,13.0,0.0,48.5876892214
1994,3,7,18.5,4.0,3.0,11.25,0.3,57.5112343899
1994,3,8,13.5,0.0,4.0,6.75,0.4,61.3570951366
1994,3,9,18.0,-1.5,0.0,8.25,0.0,40.6546062944
1994,3,10,21.5,1.5,0.0,11.5,0.0,38.7078004908
1994,3,11,20.0,3.0,0.0,11.5,0.0,44.6628467202
1994,3,12,17.0,2.5,0.0,9.75,0.0,53.4869757527
1994,3,13,13.0,4.5,0.0,8.75,0.0,75.0507658632
1994,3,14,18.0,5.5,0.0,11.75,0.0,58.5805891282
1994,3,15,23.5,3.5,0.0,13.5,0.0,36.5830945045
1994,3,16,26.0,5.0,0.0,15.5,0.0,34.4609382152
1994,3,17,26.0,6.5,0.0,16.25,0.0,37.2319175613
1994,3,18,23.5,7.0,0.0,15.25,0.0,44.3543863588
1994,3,19,20.5,7.0,5.0,13.75,0.5,61.7065716069
1994,3,20,17.0,7.5,20.0,12.25,2.0,73.7007289536
1994,3,21,20.5,3.5,0.0,12.0,0.0,48.9839462128
1994,3,22,22.0,6.5,0.0,14.25,0.0,52.2771301796
1994,3,23,20.5,6.5,0.0,13.5,0.0,57.4877199356
1994,3,24,21.5,4.0,0.0,12.75,0.0,46.641427643
1994,3,25,19.5,6.0,0.0,12.75,0.0,57.6158812061
1994,3,26,14.0,3.0,8.0,8.5,0.8,69.0515736276
1994,3,27,14.5,1.5,0.0,8.0,0.0,56.3791355845
1994,3,28,18.5,-2.0,0.0,8.25,0.0,29.566986396
1994,3,29,22.5,1.5,0.0,12.0,0.0,28.8140860075
1994,3,30,23.0,3.5,0.0,13.25,0.0,31.8697135389
1994,3,31,25.0,4.5,0.0,14.75,0.0,26.5158861774
1994,4,1,25.5,5.5,0.0,15.5,0.0,27.5687505721
1994,4,2,25.0,5.0,0.0,15.0,0.0,28.4658015546
1994,4,3,26.0,5.5,0.0,15.75,0.0,27.1320105756
1994,4,4,23.0,9.0,0.0,16.0,0.0,42.279634531
1994,4,5,19.0,4.0,0.0,11.5,0.0,38.7078004908
1994,4,6,22.5,0.5,0.0,11.5,0.0,23.8201849174
1994,4,7,23.0,5.0,0.0,14.0,0.0,30.35857947
1994,4,8,22.0,5.5,0.0,13.75,0.0,33.4243929537
1994,4,9,20.5,7.0,0.0,13.75,0.0,43.7088215549
1994,4,10,17.5,5.0,0.0,11.25,0.0,48.4305131704
1994,4,11,20.5,1.0,0.0,10.75,0.0,28.1557601008
1994,4,12,24.5,3.5,0.0,14.0,0.0,25.298816225
1994,4,13,26.5,5.0,0.0,15.75,0.0,24.8710096943
1994,4,14,26.0,7.0,0.0,16.5,0.0,28.0227421666
1994,4,15,28.5,6.5,0.0,17.5,0.0,22.2577824649
1994,4,16,28.5,8.5,0.0,18.5,0.0,24.7026200887
1994,4,17,29.5,12.5,0.0,21.0,0.0,30.9130319665
1994,4,18,30.5,10.5,0.0,20.5,0.0,25.1692179369
1994,4,19,31.5,11.5,0.0,21.5,0.0,25.2442802557
1994,4,20,31.5,12.0,0.0,21.75,0.0,26.4141362792
1994,4,21,30.5,11.5,0.0,21.0,0.0,27.6590286016
1994,4,22,29.0,11.0,0.0,20.0,0.0,29.4214142587
1994,4,23,27.0,12.5,4.0,19.75,0.4,47.4584641666
1994,4,24,24.0,6.0,0.0,15.0,0.0,30.8379516841
1994,4,25,20.0,1.0,0.0,10.5,0.0,28.6252332862
1994,4,26,19.5,4.5,0.0,12.0,0.0,37.4583118098
1994,4,27,16.5,4.0,0.0,10.25,0.0,48.5056401283
1994,4,28,21.5,1.0,0.0,11.25,0.0,24.2152565852
1994,4,29,20.0,2.5,0.0,11.25,0.0,30.2690707315
1994,4,30,26.0,3.5,0.0,14.75,0.0,19.2842808563
1994,5,1,25.0,6.5,0.0,15.75,0.0,27.1320105756
1994,5,2,26.5,6.0,0.0,16.25,0.0,21.9011279772
1994,5,3,28.5,7.5,0.0,18.0,0.0,21.568188883
1994,5,4,32.0,8.5,0.0,20.25,0.0,18.7449160958
1994,5,5,32.0,11.0,0.0,21.5,0.0,22.0887452238
1994,5,6,30.0,12.5,0.0,21.25,0.0,27.2369678682
1994,5,7,27.0,12.0,0.0,19.5,0.0,33.9195687144
1994,5,8,26.5,6.0,0.0,16.25,0.0,21.9011279772
1994,5,9,23.5,7.0,0.0,15.25,0.0,30.3477380349
1994,5,10,21.5,6.0,0.0,13.75,0.0,23.1399643526
1994,5,11,22.5,6.5,1.0,14.5,0.1,22.0464863558
1994,5,12,23.5,9.5,2.0,16.5,0.2,23.7115510641
1994,5,13,27.5,8.0,0.0,17.75,0.0,19.9181603558
1994,5,14,30.5,10.5,0.0,20.5,0.0,20.1353743495
1994,5,15,33.0,12.0,0.0,22.5,0.0,19.2944259226
1994,5,16,30.5,10.5,0.0,20.5,0.0,20.1353743495
1994,5,17,29.5,9.0,0.0,19.25,0.0,18.1323907167
1994,5,18,29.0,12.5,0.0,20.75,0.0,21.4793377142
1994,5,19,28.0,8.5,0.0,18.25,0.0,19.302096562
1994,5,20,28.5,6.5,0.0,17.5,0.0,18.2109129259
1994,5,21,31.0,7.0,0.0,19.0,0.0,16.5755328567
1994,5,22,32.0,10.0,0.0,21.0,0.0,17.8970185069
1994,5,23,31.0,13.5,4.0,22.25,0.4,21.0978551564
1994,5,24,27.5,13.5,5.0,20.5,0.5,31.8810093867
1994,5,25,22.5,10.0,0.0,16.25,0.0,30.6615791681
1994,5,26,25.0,11.5,9.0,18.25,0.9,36.6739834679
1994,5,27,30.0,11.5,0.0,20.75,0.0,19.8270809669
1994,5,28,32.5,13.5,0.0,23.0,0.0,20.15610339
1994,5,29,33.5,14.0,0.0,23.75,0.0,20.6366080801
1994,5,30,35.5,12.0,0.0,23.75,0.0,17.885060336
1994,5,31,35.5,16.0,0.0,25.75,0.0,20.7425922466
1994,6,1,35.0,13.5,0.0,24.25,0.0,18.6885706537
1994,6,2,36.0,12.0,0.0,24.0,0.0,17.617139507
1994,6,3,36.0,13.0,0.0,24.5,0.0,18.4095467029
1994,6,4,34.5,14.5,0.0,24.5,0.0,19.7245143245
1994,6,5,35.0,14.0,0.0,24.5,0.0,19.7245143245
1994,6,6,34.5,14.0,0.0,24.25,0.0,20.0234685576
1994,6,7,33.5,15.0,0.0,24.25,0.0,21.3583664614
1994,6,8,34.0,12.5,0.0,23.25,0.0,18.4345963185
1994,6,9,36.5,13.5,0.0,25.0,0.0,17.8652869314
1994,6,10,37.0,16.0,0.0,26.5,0.0,19.8377622319
1994,6,11,37.0,17.5,0.0,27.25,0.0,21.2091753074
1994,6,12,36.0,17.5,0.0,26.75,0.0,21.8455064555
1994,6,13,36.5,15.5,0.0,26.0,0.0,19.2338626756
1994,6,14,34.5,17.0,0.0,25.75,0.0,21.9627447317
1994,6,15,34.0,15.5,0.0,24.75,0.0,20.7258819825
1994,6,16,34.5,15.5,0.0,25.0,0.0,20.4174707788
1994,6,17,31.5,19.5,0.0,25.5,0.0,33.4392314189
1994,6,18,32.5,18.5,0.0,25.5,0.0,24.769801051
1994,6,19,32.5,18.5,0.0,25.5,0.0,24.769801051
1994,6,20,31.5,18.0,0.0,24.75,0.0,25.9073524781
1994,6,21,31.5,17.5,0.0,24.5,0.0,24.9843848111
1994,6,22,33.0,17.0,7.0,25.0,0.7,22.9696546261
1994,6,23,37.0,19.0,0.0,28.0,0.0,22.4291050466
1994,6,24,39.5,19.5,0.0,29.5,0.0,21.5251187126
1994,6,25,41.0,21.5,0.0,31.25,0.0,22.1066320737
1994,6,26,40.5,20.5,0.0,30.5,0.0,21.2363522154
1994,6,27,40.5,23.0,0.0,31.75,0.0,23.1998222516
1994,6,28,41.0,24.0,0.0,32.5,0.0,23.872772135
1994,6,29,41.0,21.5,1.0,31.25,0.1,22.1066320737
1994,6,30,38.5,22.5,0.0,30.5,0.0,24.0063112001
1994,7,1,36.5,22.0,0.0,29.25,0.0,24.8188471977
1994,7,2,37.0,19.5,0.0,28.25,0.0,23.1549603031
1994,7,3,37.0,20.0,0.0,28.5,0.0,22.8183016204
1994,7,4,35.5,19.5,0.0,27.5,0.0,24.1985707057
1994,7,5,35.0,18.5,0.0,26.75,0.0,22.9952699531
1994,7,6,35.5,14.5,0.0,25.0,0.0,19.1413788551
1994,7,7,37.0,14.0,0.0,25.5,0.0,18.5773507883
1994,7,8,38.5,15.5,0.0,27.0,0.0,18.1260837438
1994,7,9,37.5,17.5,0.0,27.5,0.0,20.8987656095
1994,7,10,37.5,19.0,0.0,28.25,0.0,22.1024621075
1994,7,11,37.0,20.0,0.0,28.5,0.0,22.8183016204
1994,7,12,36.5,18.5,0.0,27.5,0.0,21.9987006416
1994,7,13,36.5,17.5,0.0,27.0,0.0,21.5247244457
1994,7,14,37.0,17.0,0.0,27.0,0.0,20.3918442118
1994,7,15,37.0,18.0,0.0,27.5,0.0,21.9987006416
1994,7,16,36.0,19.5,0.0,27.75,0.0,23.8449937893
1994,7,17,31.0,18.5,1.0,24.75,0.1,25.9073524781
1994,7,18,30.0,15.5,0.0,22.75,0.0,23.3882606275
1994,7,19,31.0,15.5,0.0,23.25,0.0,22.6887339305
1994,7,20,34.0,16.0,0.0,25.0,0.0,21.6935627025
1994,7,21,35.5,16.5,0.0,26.0,0.0,21.63809551
1994,7,22,36.0,19.5,0.0,27.75,0.0,23.8449937893
1994,7,23,35.5,20.0,0.0,27.75,0.0,23.8449937893
1994,7,24,35.5,19.0,2.0,27.25,0.2,23.4417200766
1994,7,25,35.0,19.5,0.0,27.25,0.0,24.5579924612
1994,7,26,36.0,20.5,0.0,28.25,0.0,24.2074584987
1994,7,27,33.5,21.0,0.0,27.25,0.0,26.7905372305
1994,7,28,35.0,20.0,4.0,27.5,0.4,24.1985707057
1994,7,29,34.0,18.0,0.0,26.0,0.0,24.0423283445
1994,7,30,32.5,17.0,28.0,24.75,2.8,23.3166172303
1994,7,31,33.5,19.0,0.0,26.25,0.0,27.240657775
1994,8,1,35.5,19.0,0.0,27.25,0.0,23.4417200766
1994,8,2,37.0,19.5,0.0,28.25,0.0,23.1549603031
1994,8,3,38.0,20.0,0.0,29.0,0.0,22.1612095808
1994,8,4,37.0,21.5,0.0,29.25,0.0,24.8188471977
1994,8,5,35.5,21.5,0.0,28.5,0.0,29.0414747896
1994,8,6,36.5,19.0,0.0,27.75,0.0,22.7611304352
1994,8,7,35.5,20.5,0.0,28.0,0.0,25.6332629104
1994,8,8,33.0,17.5,8.0,25.25,0.8,35.1997702394
1994,8,9,32.0,18.0,16.0,25.0,1.6,43.3871254049
1994,8,10,35.5,19.5,0.0,27.5,0.0,34.0979859945
1994,8,11,34.5,21.0,0.0,27.75,0.0,41.1868074542
1994,8,12,35.0,18.5,0.0,26.75,0.0,32.1933779344
1994,8,13,35.5,19.5,0.0,27.5,0.0,34.0979859945
1994,8,14,36.0,19.5,0.0,27.75,0.0,32.5159006218
1994,8,15,34.5,20.0,3.0,27.25,0.3,47.9997125379
1994,8,16,34.5,19.0,2.0,26.75,0.2,36.792431925
1994,8,17,33.5,18.5,0.0,26.0,0.0,38.4677253511
1994,8,18,33.5,18.5,0.0,26.0,0.0,38.4677253511
1994,8,19,33.5,18.5,0.0,26.0,0.0,38.4677253511
1994,8,20,33.5,15.0,0.0,24.25,0.0,30.7026517883
1994,8,21,33.5,18.0,0.0,25.75,0.0,37.8247270379
1994,8,22,32.5,16.5,0.0,24.5,0.0,35.5041257842
1994,8,23,33.0,19.5,0.0,26.25,0.0,40.26879845
1994,8,24,34.5,19.0,0.0,26.75,0.0,34.4929049297
1994,8,25,34.0,20.0,0.0,27.0,0.0,35.1192872536
1994,8,26,32.0,17.5,10.0,24.75,1.0,44.0424992128
1994,8,27,32.5,17.5,0.0,25.0,0.0,37.0066657865
1994,8,28,33.0,19.5,0.0,26.25,0.0,41.453174875
1994,8,29,32.0,20.0,0.0,26.0,0.0,46.8825402717
1994,8,30,31.5,19.0,0.0,25.25,0.0,45.2568474507
1994,8,31,32.5,16.0,17.0,24.25,1.7,42.7167329228
1994,9,1,33.5,18.0,0.0,25.75,0.0,42.7053369783
1994,9,2,32.0,18.5,0.0,25.25,0.0,49.0282514049
1994,9,3,26.5,17.0,32.0,21.75,3.2,73.0273179484
1994,9,4,30.0,16.0,16.0,23.0,1.6,63.3477535114
1994,9,5,31.5,16.5,0.0,24.0,0.0,55.5617476758
1994,9,6,32.0,17.5,0.0,24.75,0.0,56.9961754519
1994,9,7,33.0,18.0,0.0,25.5,0.0,55.7320523648
1994,9,8,34.0,17.5,0.0,25.75,0.0,52.4665568591
1994,9,9,34.0,17.0,0.0,25.5,0.0,50.7780921546
1994,9,10,33.5,17.5,0.0,25.5,0.0,54.4935623123
1994,9,11,31.0,15.5,5.0,23.25,0.5,62.3940183088
1994,9,12,31.5,16.5,0.0,24.0,0.0,58.2720768307
1994,9,13,29.5,15.5,0.0,22.5,0.0,60.8516509868
1994,9,14,28.5,15.0,0.0,21.75,0.0,62.1509088923
1994,9,15,30.0,13.0,0.0,21.5,0.0,52.0663280275
1994,9,16,31.5,12.5,0.0,22.0,0.0,47.4356602314
1994,9,17,30.5,16.0,0.0,23.25,0.0,59.5579265675
1994,9,18,31.5,15.0,0.0,23.25,0.0,53.8857430848
1994,9,19,32.0,15.0,0.0,23.5,0.0,53.0758214033
1994,9,20,32.0,16.5,0.0,24.25,0.0,57.400609865
1994,9,21,27.5,16.5,0.0,22.0,0.0,71.9185816411
1994,9,22,30.0,12.0,0.0,21.0,0.0,50.4370521558
1994,9,23,31.5,12.5,0.0,22.0,0.0,47.4356602314
1994,9,24,31.0,13.5,0.0,22.25,0.0,51.2376482371
1994,9,25,29.5,15.5,0.0,22.5,0.0,62.3358375962
1994,9,26,31.0,13.0,0.0,22.0,0.0,50.4960254076
1994,9,27,33.5,12.5,0.0,23.0,0.0,44.6313717921
1994,9,28,34.0,13.0,0.0,23.5,0.0,44.6954285501
1994,9,29,32.5,12.5,0.0,22.5,0.0,47.4939715019
1994,9,30,31.5,14.0,0.0,22.75,0.0,54.085352701
1994,10,1,28.5,15.0,0.0,21.75,0.0,65.2584543369
1994,10,2,27.5,12.5,0.0,20.0,0.0,60.5734999444
1994,10,3,27.5,14.5,0.0,21.0,0.0,66.7070689802
1994,10,4,26.5,12.5,0.0,19.5,0.0,64.2686565115
1994,10,5,27.5,12.0,0.0,19.75,0.0,59.762510432
1994,10,6,25.0,6.5,0.0,15.75,0.0,52.0030202699
1994,10,7,24.0,7.0,0.0,15.5,0.0,55.1375011443
1994,10,8,25.0,6.5,0.0,15.75,0.0,52.0030202699
1994,10,9,24.0,10.0,0.0,17.0,0.0,64.7390391484
1994,10,10,25.0,7.0,0.0,16.0,0.0,53.4058541444
1994,10,11,27.0,7.5,0.0,17.25,0.0,49.3346687981
1994,10,12,28.0,7.0,0.0,17.5,0.0,46.5389996994
1994,10,13,28.0,9.5,0.0,18.75,0.0,54.2505955232
1994,10,14,23.0,8.0,0.0,15.5,0.0,62.0296887873
1994,10,15,18.5,5.5,0.0,12.0,0.0,66.2723978173
1994,10,16,16.0,6.5,14.0,11.25,1.4,72.6457697556
1994,10,17,18.0,0.0,6.0,9.0,0.6,52.7176281306
1994,10,18,20.5,3.5,0.0,12.0,0.0,57.628172015
1994,10,19,22.0,4.5,0.0,13.25,0.0,55.7719986931
1994,10,20,24.0,5.5,0.0,14.75,0.0,55.4423074618
1994,10,21,25.5,5.0,0.0,15.25,0.0,51.3577105207
1994,10,22,26.0,4.5,0.0,15.25,0.0,49.0232691334
1994,10,23,26.5,7.0,0.0,16.75,0.0,53.0420118736
1994,10,24,26.0,11.0,0.0,18.5,0.0,62.7066509945
1994,10,25,25.5,8.0,0.0,16.75,0.0,57.2853728235
1994,10,26,24.5,6.5,0.0,15.5,0.0,55.1375011443
1994,10,27,25.5,5.5,0.0,15.5,0.0,52.8401052633
1994,10,28,27.0,6.5,0.0,16.75,0.0,50.9203313986
1994,10,29,27.0,7.0,0.0,17.0,0.0,50.1205464375
1994,10,30,25.0,8.5,0.0,16.75,0.0,59.4070532984
1994,10,31,25.5,4.5,0.0,15.0,0.0,47.443002591
1994,11,1,25.5,4.5,0.0,15.0,0.0,49.8151527205
1994,11,2,21.5,9.5,0.0,15.5,0.0,68.9218764303
1994,11,3,18.5,9.5,0.0,14.0,0.0,75.896448675
1994,11,4,13.0,0.5,5.0,6.75,0.5,65.4475681457
1994,11,5,19.5,-1.5,0.0,9.0,0.0,49.2031195886
1994,11,6,25.0,2.5,0.0,13.75,0.0,46.2799287051
1994,11,7,22.5,6.5,0.0,14.5,0.0,58.7906302822
1994,11,8,17.0,6.0,3.0,11.5,0.3,68.4830316376
1994,11,9,21.0,0.5,0.0,10.75,0.0,50.0546846237
1994,11,10,22.5,5.0,0.0,13.75,0.0,56.5643573063
1994,11,11,18.5,9.0,23.0,13.75,2.3,74.5621073583
1994,11,12,14.0,7.5,44.0,10.75,4.4,81.3388625135
1994,11,13,14.0,2.0,0.0,8.0,0.0,67.6549627014
1994,11,14,15.5,-1.0,0.0,7.25,0.0,55.3558699072
1994,11,15,17.5,2.0,0.0,9.75,0.0,60.1728477218
1994,11,16,19.0,4.0,0.0,11.5,0.0,59.5504622936
1994,11,17,16.0,1.0,0.0,8.5,0.0,58.1486935812
1994,11,18,16.5,-0.5,0.0,8.0,0.0,56.3791355845
1994,11,19,11.5,-1.0,0.0,5.25,0.0,63.4502044863
1994,11,20,12.0,-7.0,0.0,2.5,0.0,49.3682738991
1994,11,21,18.0,-3.0,0.0,7.5,0.0,46.6517188814
1994,11,22,15.0,2.0,1.0,8.5,0.1,65.4172802788
1994,11,23,18.0,6.5,0.0,12.25,0.0,68.031442111
1994,11,24,19.5,4.0,0.0,11.75,0.0,58.5805891282
1994,11,25,16.5,6.5,0.0,11.5,0.0,71.4605547523
1994,11,26,17.0,2.5,0.0,9.75,0.0,60.1728477218
1994,11,27,12.5,-2.0,0.0,5.25,0.0,58.918047023
1994,11,28,12.5,-5.0,0.0,3.75,0.0,55.2983102101
1994,11,29,14.5,-5.0,0.0,4.75,0.0,51.5998431431
1994,11,30,16.0,0.5,0.0,8.25,0.0,59.1339727919
1994,12,1,20.5,1.0,0.0,10.75,0.0,50.0546846237
1994,12,2,19.5,1.0,0.0,10.25,0.0,51.7393494702
1994,12,3,19.0,0.0,0.0,9.5,0.0,50.9861253841
1994,12,4,19.0,1.5,0.0,10.25,0.0,54.973058812
1994,12,5,14.5,7.0,36.0,10.75,3.6,78.2104447246
1994,12,6,14.5,6.0,40.0,10.25,4.0,74.3753148633
1994,12,7,16.0,3.0,0.0,9.5,0.0,64.5824254865
1994,12,8,13.0,1.5,0.0,7.25,0.0,67.2178420302
1994,12,9,12.0,-2.0,0.0,5.0,0.0,59.9400323773
1994,12,10,10.5,-3.0,0.0,3.75,0.0,60.3254293201
1994,12,11,14.5,-1.0,0.0,6.75,0.0,57.2666221275
1994,12,12,12.0,2.0,0.0,7.0,0.0,72.3886560202
1994,12,13,13.5,0.5,0.0,7.0,0.0,64.3454720179
1994,12,14,14.0,-1.5,0.0,6.25,0.0,59.250528796
1994,12,15,14.5,-1.5,0.0,6.5,0.0,58.2492427789
1994,12,16,16.0,-2.0,0.0,7.0,0.0,52.2806960146
1994,12,17,18.5,2.5,0.0,10.5,0.0,57.2504665724
1994,12,18,20.0,2.0,0.0,11.0,0.0,55.3895857661
1994,12,19,19.5,1.0,0.0,10.25,0.0,51.7393494702
1994,12,20,20.0,-0.5,0.0,9.75,0.0,50.1440397682
1994,12,21,20.0,0.0,0.0,10.0,0.0,49.3173131006
1994,12,22,16.5,3.5,0.0,10.0,0.0,65.7564174675
1994,12,23,12.5,4.5,4.0,8.5,0.4,76.3201603253
1994,12,24,12.5,6.0,0.0,9.25,0.0,79.4939522487
1994,12,25,13.5,3.5,0.0,8.5,0.0,72.6858669764
1994,12,26,10.0,2.5,24.0,6.25,2.4,76.1792513091
1994,12,27,12.5,2.0,16.0,7.25,1.6,71.1718327379
1994,12,28,14.0,-1.0,0.0,6.5,0.0,58.2492427789
1994,12,29,14.0,0.0,0.0,7.0,0.0,60.3238800168
1994,12,30,10.0,-0.5,4.0,4.75,0.4,70.3634224678
1994,12,31,13.0,-3.5,0.0,4.75,0.0,56.2907379743
1995,1,1,13.0,-2.0,0.0,5.5,0.0,40.0951902017
1995,1,2,12.0,2.5,1.0,7.25,0.1,63.2638513225
1995,1,3,12.5,0.5,0.0,6.5,0.0,49.9279223819
1995,1,4,9.5,2.0,8.0,5.75,0.8,78.8279848476
1995,1,5,9.5,2.5,26.0,6.0,2.6,77.4911153495
1995,1,6,11.0,0.5,15.0,5.75,1.5,70.0693198645
1995,1,7,15.0,-1.5,0.0,6.75,0.0,57.2666221275
1995,1,8,17.5,0.0,0.0,8.75,0.0,53.6076899023
1995,1,9,19.5,0.5,0.0,10.0,0.0,49.3173131006
1995,1,10,19.0,1.5,0.0,10.25,0.0,51.7393494702
1995,1,11,16.5,2.0,0.0,9.25,0.0,62.2126582816
1995,1,12,12.5,4.5,1.0,8.5,0.1,76.3201603253
1995,1,13,15.0,2.5,0.0,8.75,0.0,64.3292278828
1995,1,14,20.0,0.5,0.0,10.25,0.0,48.5056401283
1995,1,15,19.0,3.0,0.0,11.0,0.0,55.3895857661
1995,1,16,13.0,0.5,0.0,6.75,0.0,65.4475681457
1995,1,17,5.5,-2.0,11.0,1.75,1.1,75.1702531759
1995,1,18,8.0,-6.0,0.0,1.0,0.0,60.9712694924
1995,1,19,12.0,-2.5,0.0,4.75,0.0,60.9816328055
1995,1,20,14.5,1.0,0.0,7.75,0.0,61.1603883944
1995,1,21,14.0,-2.0,0.0,6.0,0.0,55.9658055302
1995,1,22,13.5,-2.0,0.0,5.75,0.0,56.9313223899
1995,1,23,14.0,0.5,0.0,7.25,0.0,63.2638513225
1995,1,24,17.5,3.5,0.0,10.5,0.0,63.6116295249
1995,1,25,15.0,4.0,0.0,9.5,0.0,67.9815005121
1995,1,26,11.0,2.5,9.0,6.75,0.9,73.6285141639
1995,1,27,11.0,-0.5,0.0,5.25,0.0,67.9823619496
1995,1,28,13.0,-2.0,0.0,5.5,0.0,57.9152747358
1995,1,29,13.5,-3.0,0.0,5.25,0.0,54.3858895597
1995,1,30,13.0,-1.0,0.0,6.0,0.0,60.270867494
1995,1,31,19.5,-2.0,0.0,8.75,0.0,42.8861519218
1995,2,1,22.5,0.5,0.0,11.5,0.0,41.6853236055
1995,2,2,23.5,2.0,0.0,12.75,0.0,41.1542008615
1995,2,3,23.5,2.5,0.0,13.0,0.0,43.1890570857
1995,2,4,22.5,2.5,0.0,12.5,0.0,44.6194744696
1995,2,5,23.0,0.5,0.0,11.75,0.0,38.0773829333
1995,2,6,23.0,0.0,0.0,11.5,0.0,35.7302773762
1995,2,7,22.0,0.5,0.0,11.25,0.0,39.349791951
1995,2,8,21.0,3.5,0.0,12.25,0.0,48.1889381619
1995,2,9,19.0,3.5,0.0,11.25,0.0,51.4574202436
1995,2,10,14.0,4.0,0.0,9.0,0.0,70.2901708408
1995,2,11,14.0,-0.5,0.0,6.75,0.0,57.2666221275
1995,2,12,16.5,0.5,0.0,8.5,0.0,50.8801068835
1995,2,13,15.5,7.0,9.0,11.25,0.9,75.6726768288
1995,2,14,13.5,8.0,3.0,10.75,0.3,84.4672803025
1995,2,15,12.0,7.0,27.0,9.5,2.7,84.9768756401
1995,2,16,16.0,4.5,8.0,10.25,0.8,67.9078961796
1995,2,17,15.0,3.0,0.0,9.0,0.0,66.7756622988
1995,2,18,19.5,4.0,0.0,11.75,0.0,58.5805891282
1995,2,19,20.0,3.0,0.0,11.5,0.0,56.5729391789
1995,2,20,22.0,6.0,0.0,14.0,0.0,58.1872773175
1995,2,21,20.0,6.0,6.0,13.0,0.6,62.0842695606
1995,2,22,17.5,4.0,9.0,10.75,0.9,62.5683557797
1995,2,23,18.0,2.0,0.0,10.0,0.0,59.1807757208
1995,2,24,19.5,5.5,0.0,12.5,0.0,64.14049455
1995,2,25,19.5,3.0,0.0,11.25,0.0,57.5112343899
1995,2,26,18.5,3.5,0.0,11.0,0.0,61.5439841845
1995,2,27,19.0,4.0,0.0,11.5,0.0,59.5504622936
1995,2,28,17.0,4.5,4.0,10.75,0.4,65.6967735686
1995,3,1,18.5,3.0,0.0,10.75,0.0,59.4399379907
1995,3,2,19.0,3.0,0.0,11.0,0.0,58.4667849753
1995,3,3,20.0,3.5,0.0,11.75,0.0,58.5805891282
1995,3,4,18.0,5.0,0.0,11.5,0.0,65.505508523
1995,3,5,18.5,4.0,0.0,11.25,0.0,60.538141463
1995,3,6,14.5,8.0,14.0,11.25,1.4,81.7264909751
1995,3,7,16.0,2.0,0.0,9.0,0.0,63.2611537567
1995,3,8,15.0,2.0,0.0,8.5,0.0,65.4172802788
1995,3,9,20.5,4.0,0.0,12.25,0.0,56.6928684258
1995,3,10,23.0,3.5,0.0,13.25,0.0,50.46037977
1995,3,11,20.0,5.5,2.0,12.75,0.2,63.1031079876
1995,3,12,15.5,3.5,1.0,9.5,0.1,67.9815005121
1995,3,13,19.5,0.5,0.0,10.0,0.0,49.3173131006
1995,3,14,24.0,3.0,0.0,13.5,0.0,47.03540722
1995,3,15,23.0,6.5,0.0,14.75,0.0,57.8528425688
1995,3,16,24.5,6.5,0.0,15.5,0.0,52.8401052633
1995,3,17,25.0,7.0,0.0,16.0,0.0,53.4058541444
1995,3,18,24.0,6.5,1.0,15.25,0.1,53.692151908
1995,3,19,23.5,5.0,0.0,14.25,0.0,52.2771301796
1995,3,20,25.0,5.0,0.0,15.0,0.0,47.443002591
1995,3,21,24.0,6.5,0.0,15.25,0.0,53.692151908
1995,3,22,21.0,6.5,0.0,13.75,0.0,61.7065716069
1995,3,23,22.5,4.5,0.0,13.5,0.0,52.2615635778
1995,3,24,18.0,1.0,0.0,9.5,0.0,54.3852004097
1995,3,25,12.0,0.0,0.0,6.0,0.0,64.5759294579
1995,3,26,16.0,-5.0,0.0,5.5,0.0,44.5502113353
1995,3,27,20.5,-2.0,0.0,9.25,0.0,41.475105521
1995,3,28,18.0,-1.0,0.0,8.5,0.0,47.2458135347
1995,3,29,18.0,-1.5,0.0,8.25,0.0,48.0463528934
1995,3,30,18.5,0.5,0.0,9.5,0.0,50.9861253841
1995,3,31,20.5,-0.5,0.0,10.0,0.0,42.7416713539
1995,4,1,22.5,0.5,0.0,11.5,0.0,41.6853236055
1995,4,2,21.0,2.5,0.0,11.75,0.0,49.793500759
1995,4,3,20.5,4.0,0.0,12.25,0.0,53.8582250045
1995,4,4,23.0,4.0,0.0,13.5,0.0,47.03540722
1995,4,5,25.0,4.5,0.0,14.75,0.0,43.3896319266
1995,4,6,26.0,4.0,0.0,15.0,0.0,35.5822519432
1995,4,7,25.5,3.0,0.0,14.25,0.0,32.3620329683
1995,4,8,24.5,5.0,0.0,14.75,0.0,36.1580266055
1995,4,9,21.5,4.5,0.0,13.0,0.0,43.1890570857
1995,4,10,16.0,-0.5,0.0,7.75,0.0,45.8702912958
1995,4,11,21.0,-1.5,0.0,9.75,0.0,33.4293598454
1995,4,12,26.0,1.5,0.0,13.75,0.0,28.2821786531
1995,4,13,28.5,5.5,0.0,17.0,0.0,29.2369854219
1995,4,14,25.0,5.5,0.0,15.25,0.0,37.3510621968
1995,4,15,22.5,7.0,0.0,14.75,0.0,45.8001670336
1995,4,16,21.5,5.0,0.0,13.25,0.0,45.1487608468
1995,4,17,16.0,1.0,2.0,8.5,0.2,50.8801068835
1995,4,18,18.0,-1.5,0.0,8.25,0.0,33.2628596955
1995,4,19,11.5,0.5,6.0,6.0,0.6,68.8809914218
1995,4,20,16.5,-1.5,0.0,7.5,0.0,38.8764324012
1995,4,21,17.5,2.5,0.0,10.0,0.0,46.0294922273
1995,4,22,20.0,-1.5,0.0,9.25,0.0,31.1063291408
1995,4,23,23.0,1.0,0.0,12.0,0.0,28.8140860075
1995,4,24,26.0,3.0,0.0,14.5,0.0,29.3953151411
1995,4,25,27.0,3.5,0.0,15.25,0.0,28.0132966476
1995,4,26,27.5,5.5,0.0,16.5,0.0,30.1783377179
1995,4,27,28.5,8.0,0.0,18.25,0.0,28.9531448431
1995,4,28,27.5,8.0,0.0,17.75,0.0,31.8690565693
1995,4,29,28.0,6.5,0.0,17.25,0.0,26.722945599
1995,4,30,28.5,12.0,0.0,20.25,0.0,37.4898321916
1995,5,1,28.0,12.0,0.0,20.0,0.0,39.8054428206
1995,5,2,24.0,13.0,0.0,18.5,0.0,57.0060463587
1995,5,3,26.5,5.5,0.0,16.0,0.0,28.9281709949
1995,5,4,28.5,7.0,0.0,17.75,0.0,27.8854244982
1995,5,5,23.5,11.5,0.0,17.5,0.0,52.6093040081
1995,5,6,20.0,3.0,0.0,11.5,0.0,35.7302773762
1995,5,7,15.0,2.5,7.0,8.75,0.7,60.7553818893
1995,5,8,20.0,1.5,0.0,10.75,0.0,34.4125956788
1995,5,9,24.5,3.0,0.0,13.75,0.0,28.2821786531
1995,5,10,27.0,5.5,0.0,16.25,0.0,28.4714663704
1995,5,11,28.0,7.0,0.0,17.5,0.0,28.3280867736
1995,5,12,27.5,11.5,0.0,19.5,0.0,39.2752900904
1995,5,13,27.0,10.5,0.0,18.75,0.0,37.4142038091
1995,5,14,28.5,10.5,0.0,19.5,0.0,33.9195687144
1995,5,15,29.0,7.5,0.0,18.25,0.0,25.0927255307
1995,5,16,26.0,10.0,0.0,18.0,0.0,35.2933999903
1995,5,17,21.0,5.0,0.0,13.0,0.0,24.2938446107
1995,5,18,26.5,6.0,0.0,16.25,0.0,17.5209023818
1995,5,19,28.5,11.5,0.0,20.0,0.0,20.7680571238
1995,5,20,29.5,10.0,0.0,19.75,0.0,19.3349298457
1995,5,21,32.0,11.0,0.0,21.5,0.0,18.9332101918
1995,5,22,30.5,9.5,0.0,20.0,0.0,19.0373856968
1995,5,23,26.5,9.5,0.0,18.0,0.0,21.568188883
1995,5,24,26.5,6.0,0.0,16.25,0.0,17.5209023818
1995,5,25,27.0,7.5,0.0,17.25,0.0,18.5005007993
1995,5,26,25.5,6.5,0.0,16.0,0.0,20.0271953041
1995,5,27,27.0,8.0,0.0,17.5,0.0,20.2343476954
1995,5,28,28.5,10.5,0.0,19.5,0.0,21.4228855038
1995,5,29,28.5,9.5,0.0,19.0,0.0,20.2589846027
1995,5,30,29.5,9.5,0.0,19.5,0.0,19.6376450452
1995,5,31,31.0,10.0,0.0,20.5,0.0,18.457426487
1995,6,1,34.0,11.5,0.0,22.75,0.0,17.5411954706
1995,6,2,31.0,12.0,0.0,21.5,0.0,20.5109777078
1995,6,3,28.5,9.0,0.0,18.75,0.0,18.7071019045
1995,6,4,31.0,10.0,0.0,20.5,0.0,18.457426487
1995,6,5,32.5,11.0,0.0,21.75,0.0,18.6452726677
1995,6,6,30.5,13.0,0.0,21.75,0.0,21.7528181123
1995,6,7,29.0,13.5,0.0,21.25,0.0,22.4304441267
1995,6,8,26.5,10.5,0.0,18.5,0.0,22.8024185435
1995,6,9,29.5,6.0,0.0,17.75,0.0,15.9345282847
1995,6,10,32.5,8.5,0.0,20.5,0.0,16.7794786246
1995,6,11,35.0,11.0,0.0,23.0,0.0,17.2766600486
1995,6,12,37.0,15.0,0.0,26.0,0.0,19.2338626756
1995,6,13,37.5,15.5,0.0,26.5,0.0,18.6708350418
1995,6,14,36.5,15.5,0.0,26.0,0.0,19.2338626756
1995,6,15,34.0,14.5,0.0,24.25,0.0,20.0234685576
1995,6,16,31.0,14.5,0.0,22.75,0.0,21.9264943382
1995,6,17,28.0,10.5,0.0,19.25,0.0,21.7588688601
1995,6,18,32.0,8.0,0.0,20.0,0.0,17.3067142698
1995,6,19,33.5,10.5,0.0,22.0,0.0,18.3621910573
1995,6,20,34.0,11.0,0.0,22.5,0.0,17.8102393132
1995,6,21,33.5,12.0,0.0,22.75,0.0,19.0029617598
1995,6,22,34.0,11.5,0.0,22.75,0.0,17.5411954706
1995,6,23,35.0,11.0,0.0,23.0,0.0,17.2766600486
1995,6,24,35.0,12.5,0.0,23.75,0.0,17.885060336
1995,6,25,37.5,14.0,0.0,25.75,0.0,18.3022872764
1995,6,26,34.5,18.5,0.0,26.5,0.0,23.3385438022
1995,6,27,35.0,19.0,0.0,27.0,0.0,23.7904849137
1995,6,28,35.0,15.0,0.0,25.0,0.0,20.4174707788
1995,6,29,36.0,16.5,0.0,26.25,0.0,21.31877565
1995,6,30,35.5,18.0,0.0,26.75,0.0,22.9952699531
1995,7,1,34.5,16.0,0.0,25.25,0.0,21.3712890739
1995,7,2,33.5,16.5,0.0,25.0,0.0,22.9696546261
1995,7,3,32.0,15.0,0.0,23.5,0.0,22.3477142751
1995,7,4,33.5,12.5,0.0,23.0,0.0,18.7163817193
1995,7,5,36.0,14.5,0.0,25.25,0.0,18.8570197711
1995,7,6,38.5,15.0,0.0,26.75,0.0,18.3962159625
1995,7,7,37.5,19.0,0.0,28.25,0.0,22.1024621075
1995,7,8,36.5,18.0,0.0,27.25,0.0,22.325447692
1995,7,9,36.5,18.0,0.0,27.25,0.0,22.325447692
1995,7,10,37.0,19.5,0.0,28.25,0.0,23.1549603031
1995,7,11,37.0,18.0,0.0,27.5,0.0,21.9987006416
1995,7,12,34.5,17.0,0.0,25.75,0.0,21.9627447317
1995,7,13,33.5,18.0,0.0,25.75,0.0,24.4030497019
1995,7,14,32.0,17.5,0.0,24.75,0.0,24.6119848542
1995,7,15,30.0,17.5,6.0,23.75,0.6,26.1397035681
1995,7,16,29.5,16.5,15.0,23.0,1.5,25.9149900728
1995,7,17,30.0,18.5,0.0,24.25,0.0,26.6979580768
1995,7,18,29.0,17.5,11.0,23.25,1.1,26.9428715424
1995,7,19,31.5,18.5,0.0,25.0,0.0,25.5218384735
1995,7,20,33.5,18.5,0.0,26.0,0.0,24.0423283445
1995,7,21,34.5,19.5,0.0,27.0,0.0,24.9233651477
1995,7,22,35.0,16.0,0.0,25.5,0.0,21.0543308934
1995,7,23,35.0,15.0,0.0,25.0,0.0,20.4174707788
1995,7,24,37.0,15.0,0.0,26.0,0.0,19.2338626756
1995,7,25,38.5,15.5,0.0,27.0,0.0,18.1260837438
1995,7,26,40.0,16.0,0.0,28.0,0.0,18.1568945616
1995,7,27,41.0,18.5,0.0,29.75,0.0,19.286107519
1995,7,28,41.5,19.0,0.0,30.25,0.0,19.6719998756
1995,7,29,39.0,18.5,0.0,28.75,0.0,20.4428031535
1995,7,30,39.0,17.5,0.0,28.25,0.0,19.9974657163
1995,7,31,37.5,19.0,0.0,28.25,0.0,22.1024621075
1995,8,1,37.0,20.5,0.0,28.75,0.0,23.5092236265
1995,8,2,38.0,19.0,0.0,28.5,0.0,21.7811060922
1995,8,3,38.5,19.0,0.0,28.75,0.0,21.4649433111
1995,8,4,38.0,20.5,0.0,29.25,0.0,22.8333394219
1995,8,5,38.5,20.5,0.0,29.5,0.0,22.5035331995
1995,8,6,38.5,20.0,0.0,29.25,0.0,21.840585534
1995,8,7,37.5,20.5,0.0,29.0,0.0,23.168537289
1995,8,8,38.5,19.5,0.0,29.0,0.0,22.1612095808
1995,8,9,38.0,20.0,0.0,29.0,0.0,22.1612095808
1995,8,10,38.0,20.5,7.0,29.25,0.7,22.8333394219
1995,8,11,35.5,19.5,3.0,27.5,0.3,24.1985707057
1995,8,12,34.0,18.0,5.0,26.0,0.5,24.0423283445
1995,8,13,36.0,20.0,0.0,28.0,0.0,23.4971576679
1995,8,14,31.0,18.5,5.0,24.75,0.5,36.2702934694
1995,8,15,27.0,18.0,19.0,22.5,1.9,56.3990911585
1995,8,16,27.5,19.0,9.0,23.25,0.9,70.9022935327
1995,8,17,30.5,18.0,5.0,24.25,0.5,54.7308140574
1995,8,18,30.5,19.0,0.0,24.75,0.0,51.8147049562
1995,8,19,31.0,18.0,14.0,24.5,1.4,55.2286401087
1995,8,20,31.0,17.5,7.0,24.25,0.7,58.7355077689
1995,8,21,31.0,18.5,0.0,24.75,0.0,55.700807828
1995,8,22,33.5,19.0,0.0,26.25,0.0,48.559433425
1995,8,23,34.5,19.0,9.0,26.75,0.9,54.0388843898
1995,8,24,32.0,18.5,0.0,25.25,0.0,54.0567900106
1995,8,25,30.5,18.5,6.0,24.5,0.6,67.0633487034
1995,8,26,32.0,17.0,0.0,24.5,0.0,49.9687696222
1995,8,27,33.0,18.0,22.0,25.5,2.2,58.2090324699
1995,8,28,33.5,19.0,0.0,26.25,0.0,56.8500684
1995,8,29,35.0,18.5,0.0,26.75,0.0,50.5895938969
1995,8,30,36.0,18.5,0.0,27.25,0.0,47.9997125379
1995,8,31,36.0,19.0,0.0,27.5,0.0,49.4970764436
1995,9,1,35.5,19.5,0.0,27.5,0.0,52.7968815398
1995,9,2,33.5,19.0,0.0,26.25,0.0,56.8500684
1995,9,3,34.0,18.5,0.0,26.25,0.0,53.296939125
1995,9,4,36.0,18.0,0.0,27.0,0.0,47.5809698274
1995,9,5,35.0,18.0,0.0,26.5,0.0,50.1778691748
1995,9,6,35.5,19.0,0.0,27.25,0.0,51.3485296917
1995,9,7,35.0,19.0,0.0,27.0,0.0,53.2453709974
1995,9,8,34.0,16.0,0.0,25.0,0.0,47.2154011759
1995,9,9,31.5,17.5,8.0,24.5,0.8,65.7483810818
1995,9,10,30.0,15.0,15.0,22.5,1.5,63.8200242056
1995,9,11,31.5,15.0,0.0,23.25,0.0,55.3037889555
1995,9,12,33.0,15.0,0.0,24.0,0.0,51.4962539434
1995,9,13,33.0,15.0,0.0,24.0,0.0,51.4962539434
1995,9,14,30.0,17.5,0.0,23.75,0.0,68.7886936002
1995,9,15,24.5,16.5,9.0,20.5,0.9,78.8635495355
1995,9,16,28.0,13.5,0.0,20.75,0.0,62.7857563953
1995,9,17,30.5,14.5,0.0,22.5,0.0,59.3674643773
1995,9,18,31.0,15.5,0.0,23.25,0.0,60.9759724381
1995,9,19,30.5,14.0,0.0,22.25,0.0,57.2656068532
1995,9,20,32.0,13.0,0.0,22.5,0.0,51.9465313302
1995,9,21,32.0,13.5,0.0,22.75,0.0,54.085352701
1995,9,22,29.5,14.5,0.0,22.0,0.0,62.7374861125
1995,9,23,30.5,13.0,0.0,21.75,0.0,55.935818003
1995,9,24,30.0,13.0,0.0,21.5,0.0,58.3773980914
1995,9,25,31.0,13.0,0.0,22.0,0.0,55.0865731719
1995,9,26,31.0,13.5,0.0,22.25,0.0,57.2656068532
1995,9,27,31.0,13.5,0.0,22.25,0.0,57.2656068532
1995,9,28,27.0,14.0,23.0,20.5,2.3,67.1179144983
1995,9,29,26.5,12.5,0.0,19.5,0.0,64.2686565115
1995,9,30,27.5,9.5,0.0,18.5,0.0,57.0060463587
1995,10,1,29.5,9.5,0.0,19.5,0.0,53.5572137596
1995,10,2,28.5,8.5,0.0,18.5,0.0,53.2056432681
1995,10,3,30.0,7.5,0.0,18.75,0.0,48.6384649518
1995,10,4,29.0,9.0,0.0,19.0,0.0,53.4100503161
1995,10,5,27.5,7.0,0.0,17.25,0.0,51.3902799981
1995,10,6,28.5,6.5,0.0,17.5,0.0,48.562434469
1995,10,7,29.0,8.0,0.0,18.5,0.0,51.3054417228
1995,10,8,29.0,7.0,0.0,18.0,0.0,49.0186110976
1995,10,9,29.0,9.5,0.0,19.25,0.0,54.3971721501
1995,10,10,30.5,9.0,0.0,19.75,0.0,50.9739059567
1995,10,11,32.0,11.5,0.0,21.75,0.0,52.8282725584
1995,10,12,32.0,10.5,0.0,21.25,0.0,51.2695865754
1995,10,13,31.0,11.0,0.0,21.0,0.0,53.6910555207
1995,10,14,30.0,10.5,0.0,20.25,0.0,54.530665006
1995,10,15,31.5,9.5,0.0,20.5,0.0,50.3384358737
1995,10,16,30.5,10.0,0.0,20.25,0.0,52.8265817246
1995,10,17,29.5,7.5,0.0,18.5,0.0,49.4052401775
1995,10,18,30.0,7.5,0.0,18.75,0.0,48.6384649518
1995,10,19,30.0,7.5,0.0,18.75,0.0,48.6384649518
1995,10,20,28.5,8.5,0.0,18.5,0.0,53.2056432681
1995,10,21,30.0,7.5,0.0,18.75,0.0,48.6384649518
1995,10,22,25.5,8.0,0.0,16.75,0.0,57.2853728235
1995,10,23,24.5,4.0,0.0,14.25,0.0,49.7877430282
1995,10,24,25.5,6.0,0.0,15.75,0.0,52.0030202699
1995,10,25,26.0,3.0,0.0,14.5,0.0,46.5425823067
1995,10,26,25.5,3.0,0.0,14.25,0.0,47.2983558768
1995,10,27,27.5,5.5,0.0,16.5,0.0,49.5786976794
1995,10,28,28.0,7.0,0.0,17.5,0.0,50.5858692385
1995,10,29,26.5,8.0,0.0,17.25,0.0,55.5015023979
1995,10,30,21.5,8.5,0.0,15.0,0.0,66.4202036274
1995,10,31,19.5,7.5,5.0,13.5,0.5,67.9400326512
1995,11,1,18.5,6.5,5.0,12.5,0.5,66.9292117044
1995,11,2,19.0,7.5,9.0,13.25,0.9,69.051046001
1995,11,3,21.0,5.0,0.0,13.0,0.0,59.3849534928
1995,11,4,21.5,5.0,0.0,13.25,0.0,58.4278081547
1995,11,5,18.5,5.5,0.0,12.0,0.0,66.2723978173
1995,11,6,16.0,8.5,11.0,12.25,1.1,79.3700157961
1995,11,7,20.5,4.0,0.0,12.25,0.0,56.6928684258
1995,11,8,24.0,5.0,0.0,14.5,0.0,53.891411092
1995,11,9,24.0,6.0,0.0,15.0,0.0,54.5594529796
1995,11,10,21.5,6.5,0.0,14.0,0.0,60.71715894
1995,11,11,23.5,4.5,0.0,14.0,0.0,53.1275140725
1995,11,12,24.0,4.5,0.0,14.25,0.0,52.2771301796
1995,11,13,26.0,5.0,0.0,15.5,0.0,50.5427093823
1995,11,14,26.0,5.0,0.0,15.5,0.0,50.5427093823
1995,11,15,23.5,4.5,0.0,14.0,0.0,53.1275140725
1995,11,16,23.5,6.0,0.0,14.75,0.0,55.4423074618
1995,11,17,24.0,4.5,0.0,14.25,0.0,52.2771301796
1995,11,18,23.5,4.5,0.0,14.0,0.0,53.1275140725
1995,11,19,24.5,2.5,0.0,13.5,0.0,47.03540722
1995,11,20,25.5,3.5,0.0,14.5,0.0,48.9921919018
1995,11,21,24.5,4.0,0.0,14.25,0.0,49.7877430282
1995,11,22,25.0,3.0,0.0,14.0,0.0,48.0677508275
1995,11,23,24.5,2.5,0.0,13.5,0.0,47.03540722
1995,11,24,25.0,5.0,0.0,15.0,0.0,52.1873028501
1995,11,25,26.5,5.0,0.0,15.75,0.0,47.4810185073
1995,11,26,23.5,6.0,0.0,14.75,0.0,53.0317723547
1995,11,27,20.0,1.0,0.0,10.5,0.0,50.8893036199
1995,11,28,17.5,-2.5,0.0,7.5,0.0,46.6517188814
1995,11,29,21.0,-0.5,0.0,10.25,0.0,45.2719307864
1995,11,30,23.5,1.0,0.0,12.25,0.0,42.5196513194
1995,12,1,23.5,1.5,0.0,12.5,0.0,44.6194744696
1995,12,2,23.0,2.0,0.0,12.5,0.0,47.4081916239
1995,12,3,22.5,2.0,0.0,12.25,0.0,48.1889381619
1995,12,4,23.5,2.0,0.0,12.75,0.0,43.8978142523
1995,12,5,23.5,3.0,0.0,13.25,0.0,47.8045703084
1995,12,6,20.0,5.5,0.0,12.75,0.0,63.1031079876
1995,12,7,18.0,6.5,0.0,12.25,0.0,68.031442111
1995,12,8,18.5,0.5,0.0,9.5,0.0,54.3852004097
1995,12,9,20.5,0.0,0.0,10.25,0.0,45.2719307864
1995,12,10,22.0,1.0,0.0,11.5,0.0,41.6853236055
1995,12,11,23.5,0.5,0.0,12.0,0.0,37.4583118098
1995,12,12,22.5,2.5,0.0,12.5,0.0,41.8307573152
1995,12,13,22.5,3.5,0.0,13.0,0.0,45.8883731535
1995,12,14,17.0,0.5,0.0,8.75,0.0,53.6076899023
1995,12,15,15.0,-2.0,0.0,6.5,0.0,45.7672621834
1995,12,16,15.0,-1.0,0.0,7.0,0.0,52.2806960146
1995,12,17,8.5,-0.5,7.0,4.0,0.7,74.1095565824
1995,12,18,10.5,-3.5,0.0,3.5,0.0,61.3833051145
1995,12,19,12.5,-4.0,0.0,4.25,0.0,53.4137429787
1995,12,20,12.0,-4.0,0.0,4.0,0.0,54.3470081604
1995,12,21,9.5,-1.0,5.0,4.25,0.5,67.9811274274
1995,12,22,10.0,-5.0,0.0,2.5,0.0,60.3390014323
1995,12,23,9.5,-4.0,0.0,2.75,0.0,59.2916297949
1995,12,24,11.0,1.0,0.0,6.0,0.0,68.8809914218
1995,12,25,12.5,-2.0,0.0,5.25,0.0,58.918047023
1995,12,26,14.5,-1.0,0.0,6.75,0.0,53.1761491184
1995,12,27,17.0,-2.5,0.0,7.25,0.0,43.4938977843
1995,12,28,17.5,-2.0,0.0,7.75,0.0,34.4027184719
1995,12,29,14.5,-3.5,0.0,5.5,0.0,35.6401690682
1995,12,30,15.0,-2.5,0.0,6.25,0.0,38.0896256546
1995,12,31,16.0,-1.5,0.0,7.25,0.0,39.5399070766
1996,1,1,14.0,-2.5,0.0,5.75,0.0,39.4139924238
1996,1,2,10.5,-5.5,0.0,2.5,0.0,43.8829101326
1996,1,3,15.0,-5.5,0.0,4.75,0.0,32.8362638183
1996,1,4,17.0,-3.5,0.0,6.75,0.0,32.7237840728
1996,1,5,17.0,-2.0,0.0,7.5,0.0,34.9887891611
1996,1,6,18.0,-2.0,0.0,8.0,0.0,30.0688723118
1996,1,7,18.5,-0.5,0.0,9.0,0.0,35.1450854204
1996,1,8,21.0,0.5,0.0,10.75,0.0,31.2841778898
1996,1,9,23.0,0.0,0.0,11.5,0.0,26.7977080321
1996,1,10,21.0,1.5,0.0,11.25,0.0,30.2690707315
1996,1,11,20.5,0.5,0.0,10.5,0.0,31.8058147624
1996,1,12,21.0,1.5,0.0,11.25,0.0,30.2690707315
1996,1,13,22.5,0.5,0.0,11.5,0.0,26.7977080321
1996,1,14,21.5,0.0,0.0,10.75,0.0,28.1557601008
1996,1,15,23.0,-0.5,0.0,11.25,0.0,24.2152565852
1996,1,16,21.0,2.5,0.0,11.75,0.0,32.2193240205
1996,1,17,16.5,7.0,0.0,11.75,0.0,64.438648041
1996,1,18,15.0,-2.0,0.0,6.5,0.0,37.4459417864
1996,1,19,16.5,-2.0,0.0,7.25,0.0,31.6319256613
1996,1,20,15.0,-1.0,0.0,7.0,0.0,40.2159200112
1996,1,21,18.5,-4.0,0.0,7.25,0.0,23.723944246
1996,1,22,13.5,1.5,0.0,7.5,0.0,54.4270053617
1996,1,23,10.0,-3.0,2.0,3.5,0.2,51.1527542621
1996,1,24,14.5,-7.0,0.0,3.75,0.0,30.16271466
1996,1,25,14.5,-5.5,0.0,4.5,0.0,28.635350497
1996,1,26,15.5,-3.0,0.0,6.25,0.0,16.9287225131
1996,1,27,19.5,-3.0,0.0,8.25,0.0,14.783493198
1996,1,28,18.0,-1.0,0.0,8.5,0.0,18.1714667441
1996,1,29,19.5,-2.5,0.0,8.5,0.0,14.5371733953
1996,1,30,22.5,0.0,0.0,11.25,0.0,15.1345353658
1996,1,31,20.0,3.5,7.0,11.75,0.7,20.5032061949
1996,2,1,15.0,5.5,17.0,10.25,1.7,45.2719307864
1996,2,2,12.5,5.0,8.0,8.75,0.8,78.6246118567
1996,2,3,15.0,3.0,0.0,9.0,0.0,52.7176281306
1996,2,4,18.5,1.0,0.0,9.75,0.0,33.4293598454
1996,2,5,19.0,3.0,0.0,11.0,0.0,36.9263905107
1996,2,6,22.5,4.0,0.0,13.25,0.0,29.2139040773
1996,2,7,24.0,3.5,0.0,13.75,0.0,25.7110715029
1996,2,8,23.5,3.0,0.0,13.25,0.0,26.5580946158
1996,2,9,23.5,3.5,0.0,13.5,0.0,26.1307817889
1996,2,10,23.0,3.5,0.0,13.25,0.0,26.5580946158
1996,2,11,19.0,5.0,0.0,12.0,0.0,40.3397204105
1996,2,12,15.5,6.5,0.0,11.0,0.0,61.5439841845
1996,2,13,18.0,6.5,3.0,12.25,0.3,56.6928684258
1996,2,14,19.5,4.0,4.0,11.75,0.4,43.9354418462
1996,2,15,22.0,3.0,0.0,12.5,0.0,30.6758886978
1996,2,16,23.5,3.0,0.0,13.25,0.0,26.5580946158
1996,2,17,24.5,3.5,0.0,14.0,0.0,25.298816225
1996,2,18,23.0,3.5,0.0,13.25,0.0,29.2139040773
1996,2,19,20.0,4.5,0.0,12.25,0.0,36.8503644768
1996,2,20,22.5,6.0,0.0,14.25,0.0,34.8514201198
1996,2,21,22.5,6.5,0.0,14.5,0.0,34.2945343313
1996,2,22,20.0,5.5,0.0,12.75,0.0,38.4105874707
1996,2,23,17.5,3.5,0.0,10.5,0.0,38.1669777149
1996,2,24,17.0,6.0,0.0,11.5,0.0,50.6178929496
1996,2,25,17.0,6.5,0.0,11.75,0.0,49.793500759
1996,2,26,11.5,0.0,8.0,5.75,0.8,56.9313223899
1996,2,27,11.0,-1.0,3.0,5.0,0.3,59.9400323773
1996,2,28,13.5,-3.5,0.0,5.0,0.0,36.8861737706
1996,2,29,14.5,-2.5,0.0,6.0,0.0,30.135433747
1996,3,1,15.0,-2.0,0.0,6.5,0.0,29.1246213894
1996,3,2,19.0,-4.0,0.0,7.5,0.0,19.4382162006
1996,3,3,20.5,-1.0,0.0,9.75,0.0,20.0576159073
1996,3,4,19.5,1.0,0.0,10.25,0.0,25.8696747351
1996,3,5,19.5,6.5,0.0,13.0,0.0,40.4897410178
1996,3,6,16.5,5.0,0.0,10.75,0.0,46.9262668347
1996,3,7,17.0,0.0,0.0,8.5,0.0,29.0743467906
1996,3,8,20.5,3.0,0.0,11.75,0.0,26.3612651077
1996,3,9,23.5,3.5,0.0,13.5,0.0,20.9046254311
1996,3,10,25.5,5.5,0.0,15.5,0.0,20.6765629291
1996,3,11,25.0,3.0,0.0,14.0,0.0,17.7091713575
1996,3,12,23.5,4.0,0.0,13.75,0.0,20.5688572023
1996,3,13,19.5,5.0,0.0,12.25,0.0,34.0157210555
1996,3,14,13.5,3.0,2.0,8.25,0.2,48.0463528934
1996,3,15,15.5,1.0,2.0,8.25,0.2,33.2628596955
1996,3,16,18.5,0.5,0.0,9.5,0.0,27.1926002048
1996,3,17,21.5,2.5,0.0,12.0,0.0,23.051268806
1996,3,18,23.0,3.0,0.0,13.0,0.0,21.5945285428
1996,3,19,23.5,3.5,0.0,13.5,0.0,20.9046254311
1996,3,20,26.5,4.0,0.0,15.25,0.0,18.6755310984
1996,3,21,26.5,6.5,0.0,16.5,0.0,19.4003599615
1996,3,22,24.5,8.0,0.0,16.25,0.0,26.2813535727
1996,3,23,21.5,6.5,0.0,14.0,0.0,30.35857947
1996,3,24,18.5,2.0,0.0,10.25,0.0,29.103384077
1996,3,25,20.0,1.0,0.0,10.5,0.0,22.2640703337
1996,3,26,18.5,2.0,0.0,10.25,0.0,29.103384077
1996,3,27,21.5,0.5,0.0,11.0,0.0,18.4631952554
1996,3,28,22.5,2.5,0.0,12.5,0.0,19.5210200804
1996,3,29,19.5,4.5,0.0,12.0,0.0,31.6954946083
1996,3,30,23.0,-1.5,0.0,10.75,0.0,15.6420889449
1996,3,31,26.5,2.0,0.0,14.25,0.0,14.9363229085
1996,4,1,28.0,6.0,0.0,17.0,0.0,16.7068488125
1996,4,2,25.5,8.0,0.0,16.75,0.0,23.3384852244
1996,4,3,22.5,6.0,0.0,14.25,0.0,24.8938715141
1996,4,4,20.0,5.0,0.0,12.5,0.0,30.6758886978
1996,4,5,13.0,4.5,2.0,8.75,0.2,60.7553818893
1996,4,6,16.5,2.5,0.0,9.5,0.0,33.990750256
1996,4,7,23.5,3.0,0.0,13.25,0.0,18.590666231
1996,4,8,27.0,5.5,0.0,16.25,0.0,17.5209023818
1996,4,9,30.5,8.0,0.0,19.25,0.0,18.1323907167
1996,4,10,27.0,9.0,0.0,18.0,0.0,21.568188883
1996,4,11,22.0,3.0,0.0,12.5,0.0,22.3097372348
1996,4,12,24.0,3.5,0.0,13.75,0.0,17.997750052
1996,4,13,21.5,9.5,0.0,15.5,0.0,39.0557299772
1996,4,14,22.0,1.0,0.0,11.5,0.0,17.8651386881
1996,4,15,27.0,1.5,0.0,14.25,0.0,14.9363229085
1996,4,16,28.0,6.5,0.0,17.25,0.0,18.5005007993
1996,4,17,25.5,6.5,0.0,16.0,0.0,20.0271953041
1996,4,18,26.0,8.5,0.0,17.25,0.0,22.6117231991
1996,4,19,23.0,7.0,0.0,15.0,0.0,26.093651425
1996,4,20,24.5,1.5,0.0,13.0,0.0,16.1958964071
1996,4,21,24.0,4.0,0.0,14.0,0.0,17.7091713575
1996,4,22,26.5,4.0,0.0,15.25,0.0,16.3410897111
1996,4,23,31.5,6.0,0.0,18.75,0.0,14.9656815236
1996,4,24,33.0,8.0,0.0,20.5,0.0,16.7794786246
1996,4,25,32.0,11.5,0.0,21.75,0.0,18.6452726677
1996,4,26,33.5,11.0,0.0,22.25,0.0,18.0838758484
1996,4,27,32.5,11.5,0.0,22.0,0.0,18.3621910573
1996,4,28,30.5,12.0,0.0,21.25,0.0,20.8282695462
1996,4,29,27.5,7.5,0.0,17.5,0.0,18.2109129259
1996,4,30,30.5,6.0,0.0,18.25,0.0,15.4416772496
1996,5,1,30.5,7.5,0.0,19.0,0.0,16.5755328567
1996,5,2,31.5,9.5,0.0,20.5,0.0,18.457426487
1996,5,3,31.5,9.5,0.0,20.5,0.0,18.457426487
1996,5,4,32.0,9.0,0.0,20.5,0.0,16.7794786246
1996,5,5,32.0,8.5,0.0,20.25,0.0,17.0408328144
1996,5,6,33.5,8.5,0.0,21.0,0.0,16.2700168244
1996,5,7,33.5,9.5,0.0,21.5,0.0,17.3554426758
1996,5,8,32.0,11.0,0.0,21.5,0.0,18.9332101918
1996,5,9,31.5,11.5,0.0,21.5,0.0,18.9332101918
1996,5,10,32.5,10.0,0.0,21.25,0.0,17.6239203853
1996,5,11,37.0,10.0,0.0,23.5,0.0,15.3640535641
1996,5,12,38.5,13.0,0.0,25.75,0.0,17.0821347913
1996,5,13,36.5,14.5,0.0,25.5,0.0,18.5773507883
1996,5,14,34.0,13.0,0.0,23.5,0.0,19.5542499907
1996,5,15,32.5,13.0,0.0,22.75,0.0,20.464728049
1996,5,16,33.0,13.5,0.0,23.25,0.0,19.8526421892
1996,5,17,32.5,13.5,0.0,23.0,0.0,20.15610339
1996,5,18,34.5,13.0,0.0,23.75,0.0,19.260834208
1996,5,19,34.0,17.0,0.0,25.5,0.0,22.2928209459
1996,5,20,33.5,14.0,0.0,23.75,0.0,20.6366080801
1996,5,21,33.5,12.5,0.0,23.0,0.0,18.7163817193
1996,5,22,32.0,13.0,0.0,22.5,0.0,20.7786125321
1996,5,23,29.5,13.5,0.0,21.5,0.0,22.0887452238
1996,5,24,27.5,13.0,0.0,20.25,0.0,23.8571659401
1996,5,25,24.0,8.5,0.0,16.25,0.0,21.9011279772
1996,5,26,22.5,6.5,0.0,14.5,0.0,22.0464863558
1996,5,27,28.0,6.5,0.0,17.25,0.0,18.5005007993
1996,5,28,30.0,12.5,0.0,21.25,0.0,20.8282695462
1996,5,29,32.0,9.5,0.0,20.75,0.0,18.1748242197
1996,5,30,31.0,10.5,0.0,20.75,0.0,19.8270809669
1996,5,31,31.5,10.0,0.0,20.75,0.0,18.1748242197
1996,6,1,34.0,9.0,0.0,21.5,0.0,15.7776751598
1996,6,2,36.5,12.0,0.0,24.25,0.0,17.3536727499
1996,6,3,38.5,14.5,0.0,26.5,0.0,17.5039078517
1996,6,4,38.0,16.5,0.0,27.25,0.0,20.0929029228
1996,6,5,38.0,16.5,0.0,27.25,0.0,20.0929029228
1996,6,6,38.0,15.5,0.0,26.75,0.0,18.3962159625
1996,6,7,37.5,17.5,0.0,27.5,0.0,20.8987656095
1996,6,8,38.0,19.5,0.0,28.75,0.0,22.4870834688
1996,6,9,37.0,19.5,0.0,28.25,0.0,23.1549603031
1996,6,10,36.5,18.5,0.0,27.5,0.0,21.9987006416
1996,6,11,36.0,17.0,0.0,26.5,0.0,21.004689422
1996,6,12,33.5,19.0,0.0,26.25,0.0,24.871904925
1996,6,13,31.5,17.5,3.0,24.5,0.3,24.9843848111
1996,6,14,30.5,16.0,3.0,23.25,0.3,24.1067798011
1996,6,15,33.5,15.5,0.0,24.5,0.0,21.0394819462
1996,6,16,36.0,16.0,0.0,26.0,0.0,20.4359790928
1996,6,17,37.0,15.5,0.0,26.25,0.0,18.9500228
1996,6,18,38.0,17.0,0.0,27.5,0.0,19.7988305774
1996,6,19,38.5,16.5,0.0,27.5,0.0,19.7988305774
1996,6,20,39.0,17.5,0.0,28.25,0.0,19.9974657163
1996,6,21,36.5,20.5,0.0,28.5,0.0,23.8554971486
1996,6,22,35.5,17.0,0.0,26.25,0.0,21.31877565
1996,6,23,35.5,16.0,0.0,25.75,0.0,20.7425922466
1996,6,24,35.0,16.5,0.0,25.75,0.0,21.9627447317
1996,6,25,34.5,16.0,0.0,25.25,0.0,21.3712890739
1996,6,26,31.5,16.5,0.0,24.0,0.0,24.3929623942
1996,6,27,32.0,17.0,0.0,24.5,0.0,23.6694171894
1996,6,28,33.0,15.5,0.0,24.25,0.0,21.3583664614
1996,6,29,34.5,16.5,0.0,25.5,0.0,22.2928209459
1996,6,30,33.5,18.5,14.0,26.0,1.4,24.0423283445
1996,7,1,35.0,20.5,0.0,27.75,0.0,24.9288571433
1996,7,2,36.0,20.0,0.0,28.0,0.0,23.4971576679
1996,7,3,34.5,18.5,4.0,26.5,0.4,23.3385438022
1996,7,4,35.0,19.5,0.0,27.25,0.0,24.5579924612
1996,7,5,36.5,19.5,0.0,28.0,0.0,23.4971576679
1996,7,6,37.0,19.5,0.0,28.25,0.0,23.1549603031
1996,7,7,37.0,19.0,0.0,28.0,0.0,22.4291050466
1996,7,8,34.5,20.0,0.0,27.25,0.0,24.5579924612
1996,7,9,31.5,18.0,15.0,24.75,1.5,25.9073524781
1996,7,10,32.0,19.0,0.0,25.5,0.0,26.0082911036
1996,7,11,33.0,20.5,0.0,26.75,0.0,26.4445604461
1996,7,12,34.5,19.5,0.0,27.0,0.0,24.9233651477
1996,7,13,34.5,20.0,0.0,27.25,0.0,24.5579924612
1996,7,14,31.0,19.0,9.0,25.0,0.9,26.7979303971
1996,7,15,29.5,18.0,16.0,23.75,1.6,35.7701206721
1996,7,16,31.5,18.0,0.0,24.75,0.0,28.4980877259
1996,7,17,33.0,17.5,0.0,25.25,0.0,23.8855583768
1996,7,18,35.5,17.5,0.0,26.5,0.0,22.1716166121
1996,7,19,37.0,18.5,0.0,27.75,0.0,21.6772670812
1996,7,20,37.0,20.0,0.0,28.5,0.0,22.8183016204
1996,7,21,35.5,19.5,0.0,27.5,0.0,24.1985707057
1996,7,22,36.0,21.5,0.0,28.75,0.0,25.5535039418
1996,7,23,37.0,21.0,0.0,29.0,0.0,24.1758649973
1996,7,24,37.0,19.0,0.0,28.0,0.0,22.4291050466
1996,7,25,35.0,19.0,0.0,27.0,0.0,23.7904849137
1996,7,26,33.5,18.0,9.0,25.75,0.9,32.9441170976
1996,7,27,34.0,19.0,0.0,26.5,0.0,29.1731797528
1996,7,28,34.5,19.0,5.0,26.75,0.5,37.9421954226
1996,7,29,35.0,19.0,0.0,27.0,0.0,28.3220058497
1996,7,30,36.5,19.0,0.0,27.75,0.0,26.0127204974
1996,7,31,37.0,20.5,0.0,28.75,0.0,27.5977842572
1996,8,1,33.5,20.0,0.0,26.75,0.0,35.6426684273
1996,8,2,31.0,18.0,12.0,24.5,1.2,48.6538020005
1996,8,3,30.5,18.5,0.0,24.5,0.0,46.0238667573
1996,8,4,31.5,17.0,0.0,24.25,0.0,37.3771413075
1996,8,5,33.0,17.5,0.0,25.25,0.0,35.1997702394
1996,8,6,34.0,17.5,0.0,25.75,0.0,32.9441170976
1996,8,7,35.5,15.5,0.0,25.5,0.0,26.0082911036
1996,8,8,32.5,20.0,0.0,26.25,0.0,45.00630415
1996,8,9,31.5,18.5,13.0,25.0,1.3,53.5958607943
1996,8,10,32.5,19.0,0.0,25.75,0.0,46.3657944336
1996,8,11,33.5,18.0,0.0,25.75,0.0,40.2650320081
1996,8,12,35.0,17.5,0.0,26.25,0.0,35.53129275
1996,8,13,37.0,15.5,0.0,26.25,0.0,28.4250342
1996,8,14,36.5,19.5,0.0,28.0,0.0,38.4498943657
1996,8,15,36.5,17.0,0.0,26.75,0.0,33.343141432
1996,8,16,37.0,18.5,0.0,27.75,0.0,35.7674906839
1996,8,17,34.0,18.5,0.0,26.25,0.0,42.6375513
1996,8,18,31.5,17.0,0.0,24.25,0.0,45.3865287305
1996,8,19,31.5,18.5,0.0,25.0,0.0,51.0436769469
1996,8,20,33.0,17.5,0.0,25.25,0.0,42.7425781479
1996,8,21,32.5,19.0,6.0,25.75,0.6,58.5673192846
1996,8,22,32.0,18.0,0.0,25.0,0.0,48.4914930996
1996,8,23,32.0,18.0,0.0,25.0,0.0,48.4914930996
1996,8,24,31.5,18.5,0.0,25.0,0.0,52.3197688706
1996,8,25,33.0,17.5,0.0,25.25,0.0,45.2568474507
1996,8,26,32.0,18.5,1.0,25.25,0.1,51.5425207078
1996,8,27,31.5,18.0,4.0,24.75,0.4,59.5869106997
1996,8,28,31.5,17.5,6.0,24.5,0.6,59.1735429736
1996,8,29,32.5,18.0,0.0,25.25,0.0,51.5425207078
1996,8,30,33.0,17.0,9.0,25.0,0.9,54.871952718
1996,8,31,33.0,17.0,0.0,25.0,0.0,49.7675850233
1996,9,1,32.5,18.0,0.0,25.25,0.0,54.0567900106
1996,9,2,30.0,16.5,8.0,23.25,0.8,63.8120641794
1996,9,3,28.5,16.0,7.0,22.25,0.7,67.8145344314
1996,9,4,28.0,15.0,16.0,21.5,1.6,67.8440031873
1996,9,5,29.0,16.0,0.0,22.5,0.0,63.8200242056
1996,9,6,30.0,15.5,0.0,22.75,0.0,59.9324178578
1996,9,7,31.5,15.5,0.0,23.5,0.0,55.8692856876
1996,9,8,33.0,14.5,0.0,23.75,0.0,49.5278593921
1996,9,9,30.5,17.0,0.0,23.75,0.0,63.2855981122
1996,9,10,29.0,15.5,5.0,22.25,0.5,66.3075447774
1996,9,11,27.0,15.0,8.0,21.0,0.8,69.9610723451
1996,9,12,27.5,14.5,0.0,21.0,0.0,66.7070689802
1996,9,13,29.5,14.5,0.0,22.0,0.0,59.6771209363
1996,9,14,26.5,14.5,5.0,20.5,0.5,68.7958623608
1996,9,15,26.0,10.0,0.0,18.0,0.0,56.8615888732
1996,9,16,27.0,12.5,0.0,19.75,0.0,61.5202313271
1996,9,17,27.0,12.5,0.0,19.75,0.0,61.5202313271
1996,9,18,27.0,13.0,0.0,20.0,0.0,64.0348427983
1996,9,19,28.0,11.0,0.0,19.5,0.0,55.3424542182
1996,9,20,28.5,11.5,0.0,20.0,0.0,55.3814856634
1996,9,21,31.0,10.0,0.0,20.5,0.0,46.9825401488
1996,9,22,30.5,12.5,0.0,21.5,0.0,53.6440955434
1996,9,23,31.0,11.0,0.0,21.0,0.0,50.4370521558
1996,9,24,26.0,14.5,10.0,20.25,1.0,69.867414539
1996,9,25,26.5,12.0,10.0,19.25,1.0,63.4633675085
1996,9,26,26.5,12.0,11.0,19.25,1.1,63.4633675085
1996,9,27,27.5,11.5,0.0,19.5,0.0,60.6981755942
1996,9,28,28.5,9.5,0.0,19.0,0.0,55.2517761891
1996,9,29,30.5,12.5,0.0,21.5,0.0,56.7996305754
1996,9,30,31.5,13.0,0.0,22.25,0.0,55.7586171992
1996,10,1,31.5,11.0,0.0,21.25,0.0,51.2695865754
1996,10,2,32.5,11.5,0.0,22.0,0.0,50.4960254076
1996,10,3,31.0,13.0,0.0,22.0,0.0,56.6167557601
1996,10,4,29.5,14.0,0.0,21.75,0.0,62.1509088923
1996,10,5,29.5,16.0,0.0,22.75,0.0,65.7794830147
1996,10,6,30.5,14.0,0.0,22.25,0.0,60.2795861613
1996,10,7,30.5,11.5,0.0,21.0,0.0,55.3180572031
1996,10,8,33.0,11.5,0.0,22.25,0.0,49.730658583
1996,10,9,34.0,12.5,0.0,23.25,0.0,49.6316054729
1996,10,10,34.0,12.5,0.0,23.25,0.0,49.6316054729
1996,10,11,33.5,12.0,0.0,22.75,0.0,49.7000538333
1996,10,12,33.0,12.0,0.0,22.5,0.0,51.9465313302
1996,10,13,31.5,12.0,0.0,21.75,0.0,54.3820452807
1996,10,14,26.0,13.0,0.0,19.5,0.0,66.0538969702
1996,10,15,26.5,9.5,0.0,18.0,0.0,58.8223333171
1996,10,16,26.5,10.0,0.0,18.25,0.0,59.8364993423
1996,10,17,27.0,8.5,0.0,17.75,0.0,53.7790329607
1996,10,18,29.0,7.5,0.0,18.25,0.0,48.2552414051
1996,10,19,25.5,11.0,0.0,18.25,0.0,63.6969186547
1996,10,20,22.0,10.5,0.0,16.25,0.0,70.0836095271
1996,10,21,17.0,4.5,0.0,10.75,0.0,65.6967735686
1996,10,22,17.0,-0.5,0.0,8.25,0.0,55.4380994924
1996,10,23,21.5,0.0,0.0,10.75,0.0,46.9262668347
1996,10,24,21.5,0.0,0.0,10.75,0.0,46.9262668347
1996,10,25,20.0,3.5,0.0,11.75,0.0,58.5805891282
1996,10,26,14.5,1.0,19.0,7.75,1.9,61.1603883944
1996,10,27,11.0,1.5,9.0,6.25,0.9,71.9470706808
1996,10,28,13.0,3.0,1.0,8.0,0.1,71.4135717404
1996,10,29,17.5,-2.0,0.0,7.75,0.0,49.6928155705
1996,10,30,22.5,1.5,0.0,12.0,0.0,48.9839462128
1996,10,31,20.0,3.0,0.0,11.5,0.0,56.5729391789
1996,11,1,20.0,2.0,0.0,11.0,0.0,55.3895857661
1996,11,2,17.0,9.0,0.0,13.0,0.0,78.2801659678
1996,11,3,18.0,6.0,0.0,12.0,0.0,66.2723978173
1996,11,4,21.0,1.0,0.0,11.0,0.0,49.2351873476
1996,11,5,22.0,2.0,0.0,12.0,0.0,51.8653548135
1996,11,6,19.0,0.5,0.0,9.75,0.0,53.4869757527
1996,11,7,21.0,-0.5,0.0,10.25,0.0,48.5056401283
1996,11,8,21.5,4.0,0.0,12.75,0.0,54.8722678153
1996,11,9,24.0,5.0,0.0,14.5,0.0,53.891411092
1996,11,10,25.5,5.5,0.0,15.5,0.0,52.8401052633
1996,11,11,26.5,4.5,0.0,15.5,0.0,48.2453135012
1996,11,12,26.5,4.5,0.0,15.5,0.0,48.2453135012
1996,11,13,26.5,5.0,0.0,15.75,0.0,49.7420193886
1996,11,14,24.0,6.5,0.0,15.25,0.0,56.0265932953
1996,11,15,20.5,9.0,0.0,14.75,0.0,69.905518104
1996,11,16,15.5,6.5,0.0,11.0,0.0,73.8527810215
1996,11,17,20.0,-0.5,0.0,9.75,0.0,50.1440397682
1996,11,18,23.5,2.0,0.0,12.75,0.0,49.3850410338
1996,11,19,27.0,4.0,0.0,15.5,0.0,45.9479176202
1996,11,20,25.5,4.5,0.0,15.0,0.0,49.8151527205
1996,11,21,25.5,4.0,0.0,14.75,0.0,48.2107021407
1996,11,22,22.5,5.5,0.0,14.0,0.0,58.1872773175
1996,11,23,17.5,5.5,3.0,11.5,0.3,68.4830316376
1996,11,24,16.5,0.0,0.0,8.25,0.0,55.4380994924
1996,11,25,19.0,0.0,0.0,9.5,0.0,50.9861253841
1996,11,26,19.0,2.0,0.0,10.5,0.0,57.2504665724
1996,11,27,17.5,2.0,0.0,9.75,0.0,60.1728477218
1996,11,28,15.0,3.5,0.0,9.25,0.0,69.1251758684
1996,11,29,9.0,0.5,8.0,4.75,0.8,75.054317299
1996,11,30,9.5,-2.5,0.0,3.5,0.0,66.4985805407
1996,12,1,15.5,-5.0,0.0,5.25,0.0,49.8537320964
1996,12,2,15.5,-4.0,0.0,5.75,0.0,48.1726574069
1996,12,3,17.0,-4.5,0.0,6.25,0.0,46.5539869111
1996,12,4,17.5,-3.0,0.0,7.25,0.0,47.4478884919
1996,12,5,18.0,-4.0,0.0,7.0,0.0,44.2375120123
1996,12,6,18.0,2.5,0.0,10.25,0.0,58.2067681539
1996,12,7,19.5,1.5,0.0,10.5,0.0,54.0698850961
1996,12,8,22.5,4.0,0.0,13.25,0.0,53.1161892315
1996,12,9,23.0,5.0,0.0,14.0,0.0,53.1275140725
1996,12,10,19.0,8.0,0.0,13.5,0.0,70.55311083
1996,12,11,19.0,3.0,0.0,11.0,0.0,55.3895857661
1996,12,12,20.5,1.5,0.0,11.0,0.0,49.2351873476
1996,12,13,23.5,2.0,0.0,12.75,0.0,43.8978142523
1996,12,14,21.5,0.5,0.0,11.0,0.0,43.0807889292
1996,12,15,14.5,-2.0,0.0,6.25,0.0,55.0183481677
1996,12,16,14.0,-4.0,0.0,5.0,0.0,50.7184889346
1996,12,17,13.0,-5.5,0.0,3.75,0.0,50.2711911001
1996,12,18,9.0,-7.5,0.0,0.75,0.0,55.856018199
1996,12,19,12.0,-7.5,0.0,2.25,0.0,44.6595111622
1996,12,20,16.0,-6.5,0.0,4.75,0.0,42.2180534807
1996,12,21,18.0,-3.0,0.0,7.5,0.0,42.7640756413
1996,12,22,17.5,-1.5,0.0,8.0,0.0,48.8619175066
1996,12,23,15.0,-1.5,0.0,6.75,0.0,53.1761491184
1996,12,24,16.5,-3.0,0.0,6.75,0.0,44.9952031002
1996,12,25,18.0,0.0,0.0,9.0,0.0,42.1741025045
1996,12,26,17.0,-3.0,0.0,7.0,0.0,32.172736009
1996,12,27,16.5,0.0,0.0,8.25,0.0,40.6546062944
1996,12,28,17.0,1.5,0.0,9.25,0.0,41.475105521
1996,12,29,18.5,-1.0,0.0,8.75,0.0,32.1646139414
1996,12,30,19.5,0.0,0.0,9.75,0.0,33.4293598454
1997,1,1,20.0,4.0,0.0,12.0,0.0,57.628172015
1997,1,2,21.0,3.0,0.0,12.0,0.0,54.7467634143
1997,1,3,19.5,6.5,4.0,13.0,0.4,64.7835856285
1997,1,4,15.5,4.5,12.0,10.0,1.2,69.0442383409
1997,1,5,12.0,4.0,0.0,8.0,0.0,75.1721807794
1997,1,6,9.0,-1.5,13.0,3.75,1.3,70.3796675401
1997,1,7,0.5,-5.5,10.0,-2.5,1.0,78.3884304479
1997,1,8,4.5,-7.5,0.0,-1.5,0.0,65.618804249
1997,1,9,9.0,-6.5,0.0,1.25,0.0,53.9112700979
1997,1,10,12.5,-4.5,0.0,4.0,0.0,54.3470081604
1997,1,11,13.5,-2.0,0.0,5.75,0.0,56.9313223899
1997,1,12,13.0,-0.5,0.0,6.25,0.0,63.4827094243
1997,1,13,10.0,4.0,5.0,7.0,0.5,80.4318400224
1997,1,14,8.0,2.5,6.0,5.25,0.6,81.5788343395
1997,1,15,11.5,-3.0,5.0,4.25,0.5,58.2695377949
1997,1,16,10.5,-3.0,0.0,3.75,0.0,60.3254293201
1997,1,17,13.0,-1.0,0.0,6.0,0.0,60.270867494
1997,1,18,17.0,0.0,0.0,8.5,0.0,54.5144002323
1997,1,19,18.0,-0.5,0.0,8.75,0.0,53.6076899023
1997,1,20,17.0,1.5,0.0,9.25,0.0,58.7563994881
1997,1,21,15.0,1.5,0.0,8.25,0.0,62.8298460914
1997,1,22,14.5,-2.0,0.0,6.25,0.0,55.0183481677
1997,1,23,15.5,1.5,0.0,8.5,0.0,61.78298693
1997,1,24,16.0,-0.5,0.0,7.75,0.0,57.3378641198
1997,1,25,19.0,-0.5,0.0,9.25,0.0,51.8438819013
1997,1,26,14.5,3.5,2.0,9.0,0.2,70.2901708408
1997,1,27,16.0,1.0,0.0,8.5,0.0,58.1486935812
1997,1,28,14.5,1.5,0.0,8.0,0.0,63.8963536625
1997,1,29,14.5,2.0,0.0,8.25,0.0,66.5257193909
1997,1,30,16.5,4.0,0.0,10.25,0.0,64.6741868377
1997,1,31,21.5,0.0,0.0,10.75,0.0,46.9262668347
1997,2,1,19.5,0.5,0.0,10.0,0.0,52.605133974
1997,2,2,19.5,0.0,0.0,9.75,0.0,50.1440397682
1997,2,3,19.0,0.0,0.0,9.5,0.0,50.9861253841
1997,2,4,19.0,0.0,0.0,9.5,0.0,50.9861253841
1997,2,5,20.0,2.5,0.0,11.25,0.0,54.4843273167
1997,2,6,15.0,-2.5,0.0,6.25,0.0,55.0183481677
1997,2,7,14.5,-7.0,0.0,3.75,0.0,45.24407199
1997,2,8,17.5,-0.5,0.0,8.5,0.0,54.5144002323
1997,2,9,16.5,-3.5,0.0,6.5,0.0,49.9279223819
1997,2,10,20.0,-2.5,0.0,8.75,0.0,46.4599979153
1997,2,11,16.5,-1.5,3.0,7.5,0.3,54.4270053617
1997,2,12,16.0,-3.0,2.0,6.5,0.2,49.9279223819
1997,2,13,13.0,0.5,4.0,6.75,0.4,65.4475681457
1997,2,14,16.0,-3.5,0.0,6.25,0.0,50.7861675394
1997,2,15,20.5,1.5,0.0,11.0,0.0,52.3123865569
1997,2,16,20.5,3.0,0.0,11.75,0.0,55.6515596718
1997,2,17,22.5,4.5,0.0,13.5,0.0,54.8746417567
1997,2,18,18.5,5.0,0.0,11.75,0.0,64.438648041
1997,2,19,15.5,3.5,0.0,9.5,0.0,67.9815005121
1997,2,20,19.5,0.0,0.0,9.75,0.0,50.1440397682
1997,2,21,16.5,-1.5,0.0,7.5,0.0,54.4270053617
1997,2,22,18.0,-4.0,0.0,7.0,0.0,44.2375120123
1997,2,23,18.5,-2.5,0.0,8.0,0.0,48.8619175066
1997,2,24,18.5,-1.0,0.0,8.75,0.0,50.0338439088
1997,2,25,13.0,-0.5,0.0,6.25,0.0,63.4827094243
1997,2,26,11.5,-1.5,0.0,5.0,0.0,64.5508040986
1997,2,27,10.0,-3.0,0.0,3.5,0.0,61.3833051145
1997,2,28,7.5,1.0,24.0,4.25,2.4,77.6927170599
1997,3,1,10.0,-1.5,13.0,4.25,1.3,67.9811274274
1997,3,2,17.5,-3.5,0.0,7.0,0.0,48.2591040134
1997,3,3,20.0,-1.5,0.0,9.25,0.0,48.3876231079
1997,3,4,19.5,0.5,0.0,10.0,0.0,52.605133974
1997,3,5,19.5,-2.0,0.0,8.75,0.0,46.4599979153
1997,3,6,23.5,1.5,0.0,12.5,0.0,47.4081916239
1997,3,7,24.5,1.5,0.0,13.0,0.0,45.8883731535
1997,3,8,24.5,3.5,0.0,14.0,0.0,48.0677508275
1997,3,9,24.5,1.5,0.0,13.0,0.0,43.1890570857
1997,3,10,24.5,7.0,0.0,15.75,0.0,54.2640211512
1997,3,11,26.0,7.0,0.0,16.5,0.0,49.5786976794
1997,3,12,25.5,6.5,0.0,16.0,0.0,48.955366299
1997,3,13,26.0,4.0,0.0,15.0,0.0,42.6987023319
1997,3,14,26.0,4.0,0.0,15.0,0.0,42.6987023319
1997,3,15,26.0,4.0,0.0,15.0,0.0,42.6987023319
1997,3,16,25.5,5.5,0.0,15.5,0.0,45.9479176202
1997,3,17,23.5,6.5,0.0,15.0,0.0,54.5594529796
1997,3,18,24.0,3.0,0.0,13.5,0.0,44.4223290411
1997,3,19,25.0,6.5,0.0,15.75,0.0,49.7420193886
1997,3,20,29.0,5.0,0.0,17.0,0.0,37.5904098281
1997,3,21,28.5,6.0,0.0,17.25,0.0,39.0566127985
1997,3,22,28.0,6.5,0.0,17.25,0.0,41.1122239985
1997,3,23,25.5,6.0,0.0,15.75,0.0,42.9590167447
1997,3,24,22.5,3.0,0.0,12.75,0.0,41.1542008615
1997,3,25,18.5,4.5,0.0,11.5,0.0,56.5729391789
1997,3,26,15.0,3.5,0.0,9.25,0.0,65.668917075
1997,3,27,21.0,1.0,0.0,11.0,0.0,36.9263905107
1997,3,28,24.0,3.0,0.0,13.5,0.0,36.5830945045
1997,3,29,23.5,4.0,0.0,13.75,0.0,38.5666072543
1997,3,30,22.5,5.0,0.0,13.75,0.0,43.7088215549
1997,3,31,19.5,6.5,0.0,13.0,0.0,59.3849534928
1997,4,1,20.5,6.0,0.0,13.25,0.0,53.1161892315
1997,4,2,21.0,7.5,0.0,14.25,0.0,54.766517331
1997,4,3,17.5,3.0,0.0,10.25,0.0,51.7393494702
1997,4,4,10.5,-1.5,5.0,4.5,0.5,66.8158178264
1997,4,5,15.0,3.5,0.0,9.25,0.0,58.7563994881
1997,4,6,20.0,2.0,0.0,11.0,0.0,36.9263905107
1997,4,7,22.0,1.5,0.0,11.75,0.0,29.2902945641
1997,4,8,24.0,2.5,0.0,13.25,0.0,21.2464756926
1997,4,9,23.5,5.0,0.0,14.25,0.0,27.3832586655
1997,4,10,18.0,5.5,0.0,11.75,0.0,43.9354418462
1997,4,11,17.0,2.5,0.0,9.75,0.0,36.77229583
1997,4,12,19.5,2.0,0.0,10.75,0.0,28.1557601008
1997,4,13,21.0,0.5,0.0,10.75,0.0,21.8989245229
1997,4,14,23.5,1.0,0.0,12.25,0.0,17.0078605277
1997,4,15,25.5,2.5,0.0,14.0,0.0,15.179289735
1997,4,16,28.0,4.5,0.0,16.25,0.0,17.5209023818
1997,4,17,23.0,10.0,0.0,16.5,0.0,30.1783377179
1997,4,18,25.5,6.5,0.0,16.0,0.0,20.0271953041
1997,4,19,27.0,8.0,0.0,17.5,0.0,20.2343476954
1997,4,20,27.0,7.0,0.0,17.0,0.0,18.7952049141
1997,4,21,28.0,10.0,0.0,19.0,0.0,20.2589846027
1997,4,22,28.5,10.0,0.0,19.25,0.0,19.9456297884
1997,4,23,26.5,11.0,0.0,18.75,0.0,22.4485222854
1997,4,24,21.5,9.5,0.0,15.5,0.0,32.1635423342
1997,4,25,17.0,0.5,0.0,8.75,0.0,21.4430759609
1997,4,26,21.0,2.0,0.0,11.5,0.0,17.8651386881
1997,4,27,25.0,5.5,0.0,15.25,0.0,18.6755310984
1997,4,28,27.5,8.5,0.0,18.0,0.0,19.607444439
1997,4,29,27.5,9.0,0.0,18.25,0.0,19.302096562
1997,4,30,28.0,9.5,0.0,18.75,0.0,20.577812095
1997,5,1,27.0,9.0,0.0,18.0,0.0,19.607444439
1997,5,2,28.0,7.5,0.0,17.75,0.0,17.9263443202
1997,5,3,31.5,7.0,0.0,19.25,0.0,16.319151645
1997,5,4,32.0,12.0,0.0,22.0,0.0,19.8923736454
1997,5,5,34.0,10.5,0.0,22.25,0.0,18.0838758484
1997,5,6,33.5,12.0,0.0,22.75,0.0,19.0029617598
1997,5,7,32.5,13.0,0.0,22.75,0.0,20.464728049
1997,5,8,32.0,11.5,0.0,21.75,0.0,18.6452726677
1997,5,9,31.5,10.5,0.0,21.0,0.0,19.5240201893
1997,5,10,29.0,13.0,0.0,21.0,0.0,22.7780235542
1997,5,11,27.0,13.0,0.0,20.0,0.0,24.2293999777
1997,5,12,28.5,12.5,0.0,20.5,0.0,21.8133222119
1997,5,13,30.5,10.5,0.0,20.5,0.0,20.1353743495
1997,5,14,32.0,14.5,0.0,23.25,0.0,21.2706880598
1997,5,15,33.5,15.5,0.0,24.5,0.0,21.0394819462
1997,5,16,33.5,15.0,0.0,24.25,0.0,21.3583664614
1997,5,17,31.5,15.0,0.0,23.25,0.0,22.6887339305
1997,5,18,30.0,14.0,5.0,22.0,0.5,22.9527388216
1997,5,19,29.0,12.5,0.0,20.75,0.0,21.4793377142
1997,5,20,25.0,12.0,16.0,18.5,1.6,32.3034262699
1997,5,21,27.5,9.5,0.0,18.5,0.0,20.9022169982
1997,5,22,29.5,9.5,0.0,19.5,0.0,19.6376450452
1997,5,23,30.0,11.5,0.0,20.75,0.0,19.8270809669
1997,5,24,28.5,12.5,0.0,20.5,0.0,23.4912700744
1997,5,25,28.0,11.5,0.0,19.75,0.0,22.8503716358
1997,5,26,29.5,10.5,0.0,20.0,0.0,20.7680571238
1997,5,27,31.0,10.5,0.0,20.75,0.0,19.8270809669
1997,5,28,33.5,12.0,0.0,22.75,0.0,19.0029617598
1997,5,29,35.0,12.5,0.0,23.75,0.0,17.885060336
1997,5,30,36.0,13.5,0.0,24.75,0.0,18.1351467347
1997,5,31,36.5,14.5,0.0,25.5,0.0,18.5773507883
1997,6,1,36.5,13.0,0.0,24.75,0.0,18.1351467347
1997,6,2,36.0,13.0,0.0,24.5,0.0,18.4095467029
1997,6,3,36.0,13.0,0.0,24.5,0.0,18.4095467029
1997,6,4,35.5,15.0,0.0,25.25,0.0,20.1141544225
1997,6,5,35.0,15.5,0.0,25.25,0.0,20.1141544225
1997,6,6,29.0,15.5,1.0,22.25,0.1,24.1118344645
1997,6,7,25.5,9.5,0.0,17.5,0.0,22.2577824649
1997,6,8,27.5,8.5,0.0,18.0,0.0,19.607444439
1997,6,9,31.5,10.5,0.0,21.0,0.0,19.5240201893
1997,6,10,33.5,12.0,0.0,22.75,0.0,19.0029617598
1997,6,11,33.0,12.5,0.0,22.75,0.0,19.0029617598
1997,6,12,30.0,15.5,0.0,22.75,0.0,23.3882606275
1997,6,13,30.5,14.5,0.0,22.5,0.0,22.2627991415
1997,6,14,30.5,13.5,0.0,22.0,0.0,21.4225562335
1997,6,15,29.0,12.0,0.0,20.5,0.0,21.8133222119
1997,6,16,30.5,10.5,0.0,20.5,0.0,20.1353743495
1997,6,17,34.5,12.5,0.0,23.5,0.0,18.1575178485
1997,6,18,37.0,15.0,0.0,26.0,0.0,19.2338626756
1997,6,19,37.0,17.0,0.0,27.0,0.0,20.3918442118
1997,6,20,35.5,14.5,0.0,25.0,0.0,19.1413788551
1997,6,21,35.0,12.0,0.0,23.5,0.0,18.1575178485
1997,6,22,35.0,13.0,0.0,24.0,0.0,18.9723040844
1997,6,23,34.5,13.0,0.0,23.75,0.0,19.260834208
1997,6,24,35.5,12.0,0.0,23.75,0.0,17.885060336
1997,6,25,36.0,15.0,0.0,25.5,0.0,19.8158408408
1997,6,26,36.5,15.0,0.0,25.75,0.0,19.5224397615
1997,6,27,36.0,16.5,0.0,26.25,0.0,21.31877565
1997,6,28,35.0,15.5,0.0,25.25,0.0,20.1141544225
1997,6,29,36.0,14.5,0.0,25.25,0.0,18.8570197711
1997,6,30,36.0,15.5,0.0,25.75,0.0,19.5224397615
1997,7,1,38.5,14.0,0.0,26.25,0.0,17.765646375
1997,7,2,39.5,15.5,0.0,27.5,0.0,17.5989605133
1997,7,3,39.5,19.0,0.0,29.25,0.0,20.847831646
1997,7,4,38.0,18.5,0.0,28.25,0.0,21.0499639119
1997,7,5,37.5,17.0,0.0,27.25,0.0,20.0929029228
1997,7,6,37.5,17.5,0.0,27.5,0.0,20.8987656095
1997,7,7,36.0,19.0,0.0,27.5,0.0,23.0986356737
1997,7,8,36.0,17.0,4.0,26.5,0.4,21.004689422
1997,7,9,35.0,18.0,0.0,26.5,0.0,23.3385438022
1997,7,10,32.5,19.0,2.0,25.75,0.2,25.623202187
1997,7,11,32.5,15.0,0.0,23.75,0.0,22.0123819521
1997,7,12,35.0,15.5,0.0,25.25,0.0,20.1141544225
1997,7,13,36.5,14.0,0.0,25.25,0.0,18.8570197711
1997,7,14,38.5,16.5,0.0,27.5,0.0,19.7988305774
1997,7,15,38.5,19.5,0.0,29.0,0.0,22.1612095808
1997,7,16,38.5,19.5,0.0,29.0,0.0,22.1612095808
1997,7,17,37.0,18.0,0.0,27.5,0.0,21.9987006416
1997,7,18,35.5,20.0,0.0,27.75,0.0,23.8449937893
1997,7,19,31.0,18.0,3.0,24.5,0.3,26.2993524327
1997,7,20,29.0,18.0,3.0,23.5,0.3,27.9346428438
1997,7,21,28.5,17.5,9.0,23.0,0.9,28.7944334143
1997,7,22,28.5,18.0,9.0,23.25,0.9,39.7052843783
1997,7,23,34.5,16.0,0.0,25.25,0.0,21.3712890739
1997,7,24,37.0,16.5,0.0,26.75,0.0,20.6957429578
1997,7,25,36.5,20.0,0.0,28.25,0.0,23.1549603031
1997,7,26,31.5,20.5,0.0,26.0,0.0,32.457143265
1997,7,27,32.5,18.5,0.0,25.5,0.0,24.769801051
1997,7,28,31.5,18.0,4.0,24.75,0.4,33.6795582216
1997,7,29,29.5,17.0,0.0,23.25,0.0,28.3609174131
1997,7,30,31.0,16.0,3.0,23.5,0.3,32.1248392704
1997,7,31,33.0,17.5,0.0,25.25,0.0,23.8855583768
1997,8,1,34.0,19.5,0.0,26.75,0.0,25.2947969484
1997,8,2,33.0,18.5,17.0,25.75,1.7,34.1642695827
1997,8,3,30.0,20.0,0.0,25.0,0.0,51.0436769469
1997,8,4,33.0,19.0,0.0,26.0,0.0,33.6592596823
1997,8,5,35.5,18.5,0.0,27.0,0.0,26.0562453817
1997,8,6,32.5,17.5,0.0,25.0,0.0,30.6262061682
1997,8,7,32.0,18.5,0.0,25.25,0.0,35.1997702394
1997,8,8,33.5,18.0,0.0,25.75,0.0,29.2836596423
1997,8,9,29.5,17.5,13.0,23.5,1.3,51.6790892611
1997,8,10,31.5,17.5,0.0,24.5,0.0,39.4490286491
1997,8,11,33.5,18.0,0.0,25.75,0.0,35.3844220678
1997,8,12,32.0,19.0,0.0,25.5,0.0,43.3471518393
1997,8,13,32.5,18.5,0.0,25.5,0.0,39.6316816816
1997,8,14,33.5,17.0,0.0,25.25,0.0,32.6855009366
1997,8,15,31.5,15.5,7.0,23.5,0.7,43.2986964079
1997,8,16,32.0,17.0,0.0,24.5,0.0,39.4490286491
1997,8,17,29.0,17.5,4.0,23.25,0.4,58.1398806968
1997,8,18,31.0,16.5,4.0,23.75,0.4,49.5278593921
1997,8,19,34.0,17.0,0.0,25.5,0.0,29.7237612612
1997,8,20,36.0,17.5,0.0,26.75,0.0,27.5943239437
1997,8,21,35.5,20.0,0.0,27.75,0.0,34.6836273299
1997,8,22,36.0,19.0,9.0,27.5,0.9,40.6975961869
1997,8,23,35.5,19.0,7.0,27.25,0.7,44.6508953841
1997,8,24,33.0,19.0,5.0,26.0,0.5,54.0952387751
1997,8,25,33.5,19.0,0.0,26.25,0.0,45.00630415
1997,8,26,35.0,18.0,0.0,26.5,0.0,38.5085972737
1997,8,27,35.5,16.0,0.0,25.75,0.0,34.1642695827
1997,8,28,35.0,17.5,0.0,26.25,0.0,37.9000456
1997,8,29,31.5,18.0,0.0,24.75,0.0,49.2239697084
1997,8,30,32.0,17.0,0.0,24.5,0.0,44.7088991356
1997,8,31,31.5,16.5,0.0,24.0,0.0,44.7204310561
1997,9,1,32.5,18.0,0.0,25.25,0.0,46.5139821021
1997,9,2,33.0,16.5,2.0,24.75,0.2,41.451763965
1997,9,3,34.5,17.0,0.0,25.75,0.0,40.2650320081
1997,9,4,34.5,19.0,0.0,26.75,0.0,45.9905399062
1997,9,5,34.5,17.0,0.0,25.75,0.0,40.2650320081
1997,9,6,33.0,17.5,2.0,25.25,0.2,45.2568474507
1997,9,7,34.0,17.5,0.0,25.75,0.0,43.9254894634
1997,9,8,35.5,17.5,0.0,26.5,0.0,40.8424516539
1997,9,9,35.0,15.5,0.0,25.25,0.0,37.7140395423
1997,9,10,35.0,18.5,0.0,26.75,0.0,44.8407764086
1997,9,11,33.5,17.5,0.0,25.5,0.0,45.8241319444
1997,9,12,31.5,16.5,8.0,24.0,0.8,56.9169122532
1997,9,13,33.0,17.0,0.0,25.0,0.0,48.4914930996
1997,9,14,32.5,18.0,5.0,25.25,0.5,61.599597919
1997,9,15,32.5,17.5,4.0,25.0,0.4,61.2524123363
1997,9,16,33.0,17.5,0.0,25.25,0.0,52.7996553592
1997,9,17,34.5,16.5,0.0,25.5,0.0,47.0626219969
1997,9,18,34.5,17.5,0.0,26.0,0.0,49.2867731062
1997,9,19,34.5,16.5,0.0,25.5,0.0,47.0626219969
1997,9,20,32.5,16.0,1.0,24.25,0.1,50.7261203458
1997,9,21,26.5,16.0,10.0,21.25,1.0,72.0978561216
1997,9,22,29.0,14.0,0.0,21.5,0.0,56.7996305754
1997,9,23,30.0,12.5,0.0,21.25,0.0,51.2695865754
1997,9,24,26.5,17.5,0.0,22.0,0.0,76.5091294055
1997,9,25,28.0,18.0,0.0,23.0,0.0,74.8655268771
1997,9,26,29.5,14.0,0.0,21.75,0.0,55.935818003
1997,9,27,30.5,12.5,0.0,21.5,0.0,50.4885605115
1997,9,28,33.0,13.5,0.0,23.25,0.0,46.7955137316
1997,9,29,33.5,13.0,0.0,23.25,0.0,45.3774678609
1997,9,30,33.5,14.0,0.0,23.75,0.0,48.1520855201
1997,10,1,34.0,16.0,6.0,25.0,0.6,57.4241365653
1997,10,2,33.0,16.0,0.0,24.5,0.0,55.2286401087
1997,10,3,31.5,14.5,0.0,23.0,0.0,54.7094234871
1997,10,4,32.0,13.0,0.0,22.5,0.0,50.4623447207
1997,10,5,32.5,11.5,0.0,22.0,0.0,45.9054776433
1997,10,6,32.0,11.0,0.0,21.5,0.0,45.7552579635
1997,10,7,26.5,13.5,5.0,20.0,0.5,67.4961856523
1997,10,8,24.5,8.0,0.0,16.25,0.0,56.9429327408
1997,10,9,29.0,9.0,0.0,19.0,0.0,47.8848726972
1997,10,10,31.5,12.5,0.0,22.0,0.0,52.0262079957
1997,10,11,26.5,8.0,0.0,17.25,0.0,51.3902799981
1997,10,12,18.5,3.0,0.0,10.75,0.0,59.4399379907
1997,10,13,22.0,1.5,0.0,11.75,0.0,46.8644713026
1997,10,14,25.0,7.5,0.0,16.25,0.0,54.752819943
1997,10,15,26.0,8.0,0.0,17.0,0.0,54.2972586406
1997,10,16,25.5,8.5,0.0,17.0,0.0,56.3856147422
1997,10,17,27.0,7.0,0.0,17.0,0.0,50.1205464375
1997,10,18,28.0,5.5,0.0,16.75,0.0,44.5552899738
1997,10,19,27.0,6.0,0.0,16.5,0.0,47.4231021282
1997,10,20,25.5,7.0,0.0,16.25,0.0,52.5627071453
1997,10,21,22.5,7.0,3.0,14.75,0.3,60.2633776758
1997,10,22,18.5,6.5,7.0,12.5,0.7,66.9292117044
1997,10,23,20.5,4.5,3.0,12.5,0.3,58.5630602413
1997,10,24,18.5,5.5,0.0,12.0,0.0,66.2723978173
1997,10,25,15.0,0.0,0.0,7.5,0.0,58.3146486018
1997,10,26,17.0,-0.5,0.0,8.25,0.0,55.4380994924
1997,10,27,17.5,1.0,0.0,9.25,0.0,55.3001406947
1997,10,28,21.5,3.5,0.0,12.5,0.0,55.774343087
1997,10,29,22.5,3.5,0.0,13.0,0.0,51.2870052892
1997,10,30,23.5,3.5,0.0,13.5,0.0,49.6484853989
1997,10,31,26.5,4.5,0.0,15.5,0.0,45.9479176202
1997,11,1,27.0,5.5,0.0,16.25,0.0,43.8022559544
1997,11,2,27.0,5.0,0.0,16.0,0.0,44.5048784537
1997,11,3,27.0,4.5,0.0,15.75,0.0,42.9590167447
1997,11,4,25.5,5.5,0.0,15.5,0.0,48.2453135012
1997,11,5,26.0,4.0,0.0,15.0,0.0,45.0708524614
1997,11,6,24.0,5.5,0.0,14.75,0.0,53.0317723547
1997,11,7,24.0,5.0,0.0,14.5,0.0,51.4418014969
1997,11,8,23.0,4.5,0.0,13.75,0.0,48.8510358554
1997,11,9,20.5,7.5,0.0,14.0,0.0,65.776922185
1997,11,10,21.0,4.0,0.0,12.5,0.0,52.9856259326
1997,11,11,17.0,8.0,4.0,12.5,0.4,75.2953631674
1997,11,12,13.5,5.5,7.0,9.5,0.7,78.1787255889
1997,11,13,13.0,4.5,6.0,8.75,0.6,75.0507658632
1997,11,14,13.0,4.5,4.0,8.75,0.4,75.0507658632
1997,11,15,15.0,-1.0,0.0,7.0,0.0,56.3022880157
1997,11,16,17.0,-0.5,0.0,8.25,0.0,55.4380994924
1997,11,17,18.0,0.5,0.0,9.25,0.0,55.3001406947
1997,11,18,19.0,-1.0,0.0,9.0,0.0,49.2031195886
1997,11,19,21.5,1.0,0.0,11.25,0.0,48.4305131704
1997,11,20,21.0,3.0,0.0,12.0,0.0,54.7467634143
1997,11,21,20.0,1.5,0.0,10.75,0.0,50.0546846237
1997,11,22,20.0,1.5,0.0,10.75,0.0,50.0546846237
1997,11,23,22.5,3.5,0.0,13.0,0.0,45.8883731535
1997,11,24,24.5,3.0,0.0,13.75,0.0,41.1377144046
1997,11,25,25.0,4.0,0.0,14.5,0.0,41.6433631165
1997,11,26,22.5,7.5,0.0,15.0,0.0,59.3037532387
1997,11,27,16.5,4.0,6.0,10.25,0.6,64.6741868377
1997,11,28,13.0,-1.5,0.0,5.75,0.0,61.3106548815
1997,11,29,18.0,-1.5,0.0,8.25,0.0,48.0463528934
1997,11,30,15.0,-1.5,0.0,6.75,0.0,57.2666221275
1997,12,1,11.5,0.0,4.0,5.75,0.4,65.689987373
1997,12,2,9.0,2.5,5.0,5.75,0.5,78.8279848476
1997,12,3,12.0,-1.5,0.0,5.25,0.0,63.4502044863
1997,12,4,14.5,-0.5,0.0,7.0,0.0,60.3238800168
1997,12,5,17.5,-1.5,0.0,8.0,0.0,48.8619175066
1997,12,6,18.5,1.5,0.0,10.0,0.0,55.8929548474
1997,12,7,12.5,5.5,20.0,9.0,2.0,80.8336964669
1997,12,8,12.5,4.5,12.0,8.5,1.2,76.3201603253
1997,12,9,8.5,-0.5,8.0,4.0,0.8,74.1095565824
1997,12,10,7.0,-4.5,0.0,1.25,0.0,65.8915523419
1997,12,11,5.0,-5.5,0.0,-0.25,0.0,66.6465331261
1997,12,12,6.0,-5.5,0.0,0.25,0.0,64.3093613312
1997,12,13,13.0,-5.5,0.0,3.75,0.0,50.2711911001
1997,12,14,15.0,-2.5,0.0,6.25,0.0,55.0183481677
1997,12,15,17.5,-3.0,0.0,7.25,0.0,47.4478884919
1997,12,16,18.0,-3.0,0.0,7.5,0.0,46.6517188814
1997,12,17,19.0,-2.5,0.0,8.25,0.0,48.0463528934
1997,12,18,19.0,-1.5,0.0,8.75,0.0,50.0338439088
1997,12,19,15.0,-1.0,7.0,7.0,0.7,56.3022880157
1997,12,20,9.5,3.0,6.0,6.25,0.6,80.4114319374
1997,12,21,11.0,2.0,0.0,6.5,0.0,74.8918835728
1997,12,22,8.0,-1.0,15.0,3.5,1.5,71.6138559669
1997,12,23,8.5,-2.0,2.0,3.25,0.2,67.6668387161
1997,12,24,6.5,-3.0,3.0,1.75,0.3,69.3879260086
1997,12,25,6.5,-4.5,4.0,1.0,0.4,67.0683964417
1997,12,26,5.5,-6.0,0.0,-0.25,0.0,66.6465331261
1997,12,27,10.0,-5.5,0.0,2.25,0.0,55.8243889528
1997,12,28,9.5,-4.5,0.0,2.5,0.0,60.3390014323
1997,12,29,15.0,-3.0,0.0,6.0,0.0,51.6607435663
1997,12,30,18.0,0.5,0.0,9.25,0.0,55.3001406947
1997,12,31,16.5,1.0,0.0,8.75,0.0,57.1815358958
1998,1,1,20.0,0.5,0.0,10.25,0.0,38.8045121026
1998,1,2,21.5,2.5,0.0,12.0,0.0,40.3397204105
1998,1,3,17.0,2.5,0.0,9.75,0.0,53.4869757527
1998,1,4,13.5,1.5,3.0,7.5,0.3,66.089935082
1998,1,5,11.5,0.0,1.0,5.75,0.1,65.689987373
1998,1,6,10.0,-6.0,0.0,2.0,0.0,51.1327186268
1998,1,7,12.5,-5.5,0.0,3.5,0.0,46.0374788359
1998,1,8,11.0,-4.5,0.0,3.25,0.0,52.051414397
1998,1,9,15.0,-3.5,0.0,5.75,0.0,43.7933249153
1998,1,10,14.0,-0.5,0.0,6.75,0.0,53.1761491184
1998,1,11,13.5,1.5,6.0,7.5,0.6,66.089935082
1998,1,12,14.0,-2.5,0.0,5.75,0.0,52.5519898984
1998,1,13,14.0,-1.5,0.0,6.25,0.0,55.0183481677
1998,1,14,13.5,-2.5,0.0,5.5,0.0,53.4602536023
1998,1,15,16.0,-3.5,0.0,6.25,0.0,42.3218062828
1998,1,16,18.0,0.5,0.0,9.25,0.0,48.3876231079
1998,1,17,20.0,0.0,0.0,10.0,0.0,39.4538504805
1998,1,18,20.5,0.5,0.0,10.5,0.0,41.3475591912
1998,1,19,19.5,1.0,0.0,10.25,0.0,45.2719307864
1998,1,20,16.0,-1.0,0.0,7.5,0.0,46.6517188814
1998,1,21,12.5,1.5,0.0,7.0,0.0,68.367064019
1998,1,22,16.0,-3.5,0.0,6.25,0.0,38.0896256546
1998,1,23,18.5,-3.5,0.0,7.5,0.0,34.9887891611
1998,1,24,19.5,-1.5,0.0,9.0,0.0,35.1450854204
1998,1,25,19.0,-2.0,0.0,8.5,0.0,32.7086401394
1998,1,26,21.5,-1.5,0.0,10.0,0.0,29.5903878604
1998,1,27,21.5,0.0,0.0,10.75,0.0,31.2841778898
1998,1,28,21.0,-1.0,0.0,10.0,0.0,29.5903878604
1998,1,29,20.0,-1.0,0.0,9.5,0.0,27.1926002048
1998,1,30,16.0,-1.5,0.0,7.25,0.0,35.5859163689
1998,1,31,16.0,-3.0,0.0,6.5,0.0,33.2852815879
1998,2,1,16.5,-2.0,0.0,7.25,0.0,35.5859163689
1998,2,2,19.0,-2.0,0.0,8.5,0.0,29.0743467906
1998,2,3,20.5,0.5,0.0,10.5,0.0,28.6252332862
1998,2,4,13.0,1.0,15.0,7.0,1.5,60.3238800168
1998,2,5,11.0,-1.5,12.0,4.75,1.2,65.6725276366
1998,2,6,15.5,-2.5,0.0,6.5,0.0,45.7672621834
1998,2,7,15.0,2.5,0.0,8.75,0.0,60.7553818893
1998,2,8,14.5,1.0,0.0,7.75,0.0,53.5153398451
1998,2,9,9.0,2.0,30.0,5.5,3.0,80.1903804035
1998,2,10,12.0,-0.5,6.0,5.75,0.6,65.689987373
1998,2,11,14.5,-2.0,0.0,6.25,0.0,55.0183481677
1998,2,12,16.0,-2.0,0.0,7.0,0.0,52.2806960146
1998,2,13,15.0,-0.5,0.0,7.25,0.0,55.3558699072
1998,2,14,15.0,0.0,0.0,7.5,0.0,58.3146486018
1998,2,15,10.5,1.0,14.0,5.75,1.4,70.0693198645
1998,2,16,10.0,-1.5,0.0,4.25,0.0,67.9811274274
1998,2,17,8.0,-3.0,4.0,2.5,0.4,65.8243651988
1998,2,18,6.5,0.0,14.0,3.25,1.4,78.0771215955
1998,2,19,13.0,-3.0,0.0,5.0,0.0,55.3292606559
1998,2,20,11.0,0.0,6.0,5.5,0.6,66.8253170029
1998,2,21,11.0,-0.5,3.0,5.25,0.3,67.9823619496
1998,2,22,15.5,-1.5,0.0,7.0,0.0,56.3022880157
1998,2,23,20.5,-0.5,0.0,10.0,0.0,46.0294922273
1998,2,24,19.0,2.0,6.0,10.5,0.6,57.2504665724
1998,2,25,9.5,0.5,3.0,5.0,0.3,73.7723475413
1998,2,26,10.5,-2.5,0.0,4.0,0.0,64.2282823714
1998,2,27,10.0,-0.5,0.0,4.75,0.0,70.3634224678
1998,2,28,12.5,-5.0,0.0,3.75,0.0,55.2983102101
1998,3,1,16.0,-4.5,0.0,5.75,0.0,48.1726574069
1998,3,2,19.5,-2.0,0.0,8.75,0.0,42.8861519218
1998,3,3,20.5,-1.0,0.0,9.75,0.0,43.4581677991
1998,3,4,20.5,0.5,0.0,10.5,0.0,47.7087221436
1998,3,5,20.0,3.0,0.0,11.5,0.0,53.5954160642
1998,3,6,16.5,4.0,0.0,10.25,0.0,64.6741868377
1998,3,7,12.5,-0.5,4.0,6.0,0.4,64.5759294579
1998,3,8,14.5,-5.0,0.0,4.75,0.0,46.9089483119
1998,3,9,18.5,-3.0,0.0,7.75,0.0,42.0477670212
1998,3,10,20.0,-0.5,0.0,9.75,0.0,43.4581677991
1998,3,11,21.5,3.0,0.0,12.25,0.0,48.1889381619
1998,3,12,21.5,4.0,0.0,12.75,0.0,49.3850410338
1998,3,13,19.5,4.5,0.0,12.0,0.0,57.628172015
1998,3,14,16.5,4.5,2.0,10.5,0.2,66.7922110011
1998,3,15,12.5,1.5,3.0,7.0,0.3,68.367064019
1998,3,16,16.0,5.0,1.0,10.5,0.1,69.9727924773
1998,3,17,15.0,3.5,10.0,9.25,1.0,69.1251758684
1998,3,18,16.0,3.5,0.0,9.75,0.0,66.8587196909
1998,3,19,19.0,0.0,0.0,9.5,0.0,47.5870503585
1998,3,20,22.5,2.0,0.0,12.25,0.0,45.3542947406
1998,3,21,22.5,3.5,0.0,13.0,0.0,48.5876892214
1998,3,22,25.5,3.5,0.0,14.5,0.0,41.6433631165
1998,3,23,26.5,4.5,0.0,15.5,0.0,41.3531258582
1998,3,24,27.0,6.0,0.0,16.5,0.0,43.1119110256
1998,3,25,25.5,8.0,0.0,16.75,0.0,50.9203313986
1998,3,26,19.0,4.0,8.0,11.5,0.8,59.5504622936
1998,3,27,17.0,3.0,0.0,10.0,0.0,62.4685965941
1998,3,28,18.5,2.5,0.0,10.5,0.0,57.2504665724
1998,3,29,11.5,-1.0,13.0,5.25,1.3,63.4502044863
1998,3,30,7.0,-1.0,7.0,3.0,0.7,74.1545468238
1998,3,31,14.0,-3.0,0.0,5.5,0.0,53.4602536023
1998,4,1,17.0,-1.0,0.0,8.0,0.0,52.6205265456
1998,4,2,13.0,-1.0,6.0,6.0,0.6,60.270867494
1998,4,3,20.5,-2.0,0.0,9.25,0.0,41.475105521
1998,4,4,20.0,1.5,0.0,10.75,0.0,50.0546846237
1998,4,5,20.5,1.0,0.0,10.75,0.0,50.0546846237
1998,4,6,16.5,3.5,0.0,10.0,0.0,65.7564174675
1998,4,7,14.5,2.5,1.0,8.5,0.1,65.4172802788
1998,4,8,16.5,-1.0,0.0,7.75,0.0,53.5153398451
1998,4,9,21.5,-0.5,0.0,10.5,0.0,41.3475591912
1998,4,10,27.5,2.5,0.0,15.0,0.0,37.9544020728
1998,4,11,25.5,6.0,0.0,15.75,0.0,47.4810185073
1998,4,12,19.5,4.5,0.0,12.0,0.0,57.628172015
1998,4,13,20.5,0.0,0.0,10.25,0.0,45.2719307864
1998,4,14,18.5,1.5,0.0,10.0,0.0,52.605133974
1998,4,15,14.0,2.0,0.0,8.0,0.0,67.6549627014
1998,4,16,14.0,-1.0,0.0,6.5,0.0,58.2492427789
1998,4,17,17.0,-2.5,0.0,7.25,0.0,47.4478884919
1998,4,18,20.5,0.0,0.0,10.25,0.0,45.2719307864
1998,4,19,24.5,1.5,0.0,13.0,0.0,40.4897410178
1998,4,20,27.0,4.0,0.0,15.5,0.0,39.0557299772
1998,4,21,26.5,6.0,0.0,16.25,0.0,43.8022559544
1998,4,22,29.5,9.5,0.0,19.5,0.0,46.416251925
1998,4,23,30.0,9.0,0.0,19.5,0.0,42.8457710077
1998,4,24,26.5,7.0,0.0,16.75,0.0,46.6769704487
1998,4,25,23.0,6.5,0.0,14.75,0.0,53.0317723547
1998,4,26,18.0,5.5,3.0,11.75,0.3,67.3676774974
1998,4,27,20.5,2.5,0.0,11.5,0.0,50.6178929496
1998,4,28,23.5,6.0,0.0,14.75,0.0,50.6212372477
1998,4,29,25.0,8.0,0.0,16.5,0.0,53.889888782
1998,4,30,26.5,6.5,0.0,16.5,0.0,45.2675065769
1998,5,1,28.0,7.0,0.0,17.5,0.0,42.4921301603
1998,5,2,29.0,6.5,0.0,17.75,0.0,39.8363207117
1998,5,3,28.0,6.5,0.0,17.25,0.0,43.1678351984
1998,5,4,25.5,6.5,0.0,16.0,0.0,46.7301223763
1998,5,5,25.0,6.0,0.0,15.5,0.0,48.2453135012
1998,5,6,24.0,6.5,0.0,15.25,0.0,49.0232691334
1998,5,7,25.5,7.0,0.0,16.25,0.0,43.8022559544
1998,5,8,21.5,6.0,0.0,13.75,0.0,53.993250156
1998,5,9,26.0,3.5,0.0,14.75,0.0,36.1580266055
1998,5,10,27.5,6.5,0.0,17.0,0.0,39.6787659297
1998,5,11,26.5,6.5,0.0,16.5,0.0,34.4895288205
1998,5,12,26.5,6.5,0.0,16.5,0.0,34.4895288205
1998,5,13,23.5,8.0,0.0,15.75,0.0,45.220017626
1998,5,14,20.5,6.5,0.0,13.5,0.0,49.6484853989
1998,5,15,26.5,2.0,0.0,14.25,0.0,24.8938715141
1998,5,16,30.0,6.0,0.0,18.0,0.0,25.4896777708
1998,5,17,32.0,12.0,0.0,22.0,0.0,29.0734691741
1998,5,18,33.0,11.5,0.0,22.25,0.0,27.1258137726
1998,5,19,33.5,11.0,0.0,22.25,0.0,24.1118344645
1998,5,20,32.0,15.5,0.0,23.75,0.0,30.2670251841
1998,5,21,29.0,15.0,0.0,22.0,0.0,36.7243821146
1998,5,22,28.0,6.5,0.0,17.25,0.0,18.5005007993
1998,5,23,28.5,7.5,0.0,18.0,0.0,17.6466999951
1998,5,24,29.5,8.0,0.0,18.75,0.0,18.7071019045
1998,5,25,30.0,10.5,0.0,20.25,0.0,20.4489993773
1998,5,26,29.5,8.0,0.0,18.75,0.0,18.7071019045
1998,5,27,31.0,9.0,0.0,20.0,0.0,17.3067142698
1998,5,28,32.5,9.0,0.0,20.75,0.0,16.5225674725
1998,5,29,32.5,10.0,0.0,21.25,0.0,17.6239203853
1998,5,30,33.0,10.0,0.0,21.5,0.0,17.3554426758
1998,5,31,33.0,10.5,0.0,21.75,0.0,18.6452726677
1998,6,1,34.5,10.5,0.0,22.5,0.0,17.8102393132
1998,6,2,35.5,12.5,0.0,24.0,0.0,17.617139507
1998,6,3,32.0,12.5,0.0,22.25,0.0,19.5908655024
1998,6,4,28.0,9.0,0.0,18.5,0.0,19.0020154529
1998,6,5,29.5,7.0,0.0,18.25,0.0,17.3718869058
1998,6,6,33.5,9.0,0.0,21.25,0.0,16.0217458048
1998,6,7,30.0,12.5,0.0,21.25,0.0,20.8282695462
1998,6,8,27.5,8.5,0.0,18.0,0.0,19.607444439
1998,6,9,30.0,8.5,0.0,19.25,0.0,18.1323907167
1998,6,10,25.5,12.5,11.0,19.0,1.1,38.6762433324
1998,6,11,28.0,12.0,0.0,20.0,0.0,25.9600714047
1998,6,12,30.5,13.5,0.0,22.0,0.0,22.9527388216
1998,6,13,30.0,12.0,0.0,21.0,0.0,21.1510218718
1998,6,14,30.0,9.0,0.0,19.5,0.0,17.8524045865
1998,6,15,32.5,11.5,0.0,22.0,0.0,18.3621910573
1998,6,16,33.0,12.5,0.0,22.75,0.0,19.0029617598
1998,6,17,31.0,11.5,0.0,21.25,0.0,19.2260949658
1998,6,18,33.5,11.5,0.0,22.5,0.0,17.8102393132
1998,6,19,36.0,12.0,0.0,24.0,0.0,17.617139507
1998,6,20,35.5,14.0,0.0,24.75,0.0,19.4305143586
1998,6,21,34.5,14.0,0.0,24.25,0.0,20.0234685576
1998,6,22,35.0,12.0,0.0,23.5,0.0,18.1575178485
1998,6,23,36.0,15.0,0.0,25.5,0.0,19.8158408408
1998,6,24,36.0,15.5,0.0,25.75,0.0,19.5224397615
1998,6,25,37.0,16.5,0.0,26.75,0.0,20.6957429578
1998,6,26,36.5,16.5,0.0,26.5,0.0,21.004689422
1998,6,27,37.5,15.5,0.0,26.5,0.0,18.6708350418
1998,6,28,39.0,15.0,0.0,27.0,0.0,18.1260837438
1998,6,29,39.5,17.0,0.0,28.25,0.0,18.9449675207
1998,6,30,38.5,17.5,0.0,28.0,0.0,20.2929998041
1998,7,1,39.0,15.5,0.0,27.25,0.0,17.8603581536
1998,7,2,38.0,20.0,0.0,29.0,0.0,22.1612095808
1998,7,3,36.0,21.0,0.0,28.5,0.0,24.8926926768
1998,7,4,34.5,19.0,0.0,26.75,0.0,24.1450334508
1998,7,5,28.5,19.0,7.0,23.75,0.7,28.8912513121
1998,7,6,27.5,19.0,0.0,23.25,0.0,29.7789632837
1998,7,7,28.5,18.0,13.0,23.25,1.3,28.3609174131
1998,7,8,30.0,17.5,9.0,23.75,0.9,26.1397035681
1998,7,9,33.0,17.5,0.0,25.25,0.0,23.8855583768
1998,7,10,37.0,18.5,0.0,27.75,0.0,21.6772670812
1998,7,11,38.5,20.0,0.0,29.25,0.0,21.840585534
1998,7,12,38.0,21.0,0.0,29.5,0.0,23.4819476865
1998,7,13,36.5,20.5,0.0,28.5,0.0,23.8554971486
1998,7,14,38.0,20.5,0.0,29.25,0.0,22.8333394219
1998,7,15,40.0,19.5,0.0,29.75,0.0,21.2147182709
1998,7,16,38.0,23.0,0.0,30.5,0.0,24.9296308616
1998,7,17,35.5,21.5,0.0,28.5,0.0,25.929888205
1998,7,18,35.5,21.0,3.0,28.25,0.3,25.2599566943
1998,7,19,33.0,17.5,4.0,25.25,0.4,23.8855583768
1998,7,20,32.0,16.5,8.0,24.25,0.8,25.3630601729
1998,7,21,31.0,17.0,29.0,24.0,2.9,35.2342790139
1998,7,22,27.5,16.5,17.0,22.0,1.7,61.2073035244
1998,7,23,28.5,17.0,0.0,22.75,0.0,54.085352701
1998,7,24,30.5,18.0,0.0,24.25,0.0,50.7261203458
1998,7,25,33.5,17.0,0.0,25.25,0.0,37.7140395423
1998,7,26,35.5,17.5,0.0,26.5,0.0,33.8408885132
1998,7,27,36.5,19.0,0.0,27.75,0.0,34.6836273299
1998,7,28,35.5,20.0,0.0,27.75,0.0,39.0190807461
1998,7,29,34.0,18.0,6.0,26.0,0.6,46.8825402717
1998,7,30,33.5,18.5,0.0,26.0,0.0,42.0740746028
1998,7,31,32.0,19.0,0.0,25.5,0.0,48.3011120495
1998,8,1,31.5,19.0,15.0,25.25,1.5,59.0853286162
1998,8,2,32.5,19.5,0.0,26.0,0.0,52.8931223578
1998,8,3,35.5,20.0,0.0,27.75,0.0,45.5222608705
1998,8,4,36.0,18.5,0.0,27.25,0.0,40.1858058457
1998,8,5,33.5,19.5,0.0,26.5,0.0,50.1778691748
1998,8,6,33.5,17.0,0.0,25.25,0.0,42.7425781479
1998,8,7,34.5,18.0,0.0,26.25,0.0,43.821927725
1998,8,8,35.5,17.0,0.0,26.25,0.0,39.084422025
1998,8,9,34.5,18.0,0.0,26.25,0.0,43.821927725
1998,8,10,33.5,18.5,0.0,26.0,0.0,48.0846566889
1998,8,11,34.0,17.5,0.0,25.75,0.0,43.9254894634
1998,8,12,33.5,18.0,0.0,25.75,0.0,46.3657944336
1998,8,13,32.0,17.0,10.0,24.5,1.0,56.5436077304
1998,8,14,31.5,16.0,13.0,23.75,1.3,56.4067287521
1998,8,15,33.0,15.5,7.0,24.25,0.7,53.3959161535
1998,8,16,33.5,15.0,0.0,24.25,0.0,45.3865287305
1998,8,17,33.0,16.5,3.0,24.75,0.3,56.9961754519
1998,8,18,30.5,17.5,0.0,24.0,0.0,62.3375705631
1998,8,19,32.5,16.5,0.0,24.5,0.0,52.5987048654
1998,8,20,33.5,18.5,0.0,26.0,0.0,55.2973551923
1998,8,21,33.0,20.5,0.0,26.75,0.0,64.3867558687
1998,8,22,33.5,18.5,0.0,26.0,0.0,56.4994716095
1998,8,23,36.0,18.5,0.0,27.25,0.0,50.2322573071
1998,8,24,33.5,18.0,21.0,25.75,2.1,62.2277767398
1998,8,25,31.5,16.5,5.0,24.0,0.5,63.6927351405
1998,8,26,33.5,17.0,0.0,25.25,0.0,56.5710593134
1998,8,27,35.5,18.5,0.0,27.0,0.0,55.5111314654
1998,8,28,36.0,19.0,19.0,27.5,1.9,60.4964267644
1998,8,29,33.0,18.5,7.0,25.75,0.7,64.66808171
1998,8,30,33.5,17.5,0.0,25.5,0.0,60.686012575
1998,8,31,34.5,16.5,0.0,25.5,0.0,55.7320523648
1998,9,1,34.0,17.0,0.0,25.5,0.0,58.2090324699
1998,9,2,32.5,18.5,0.0,25.5,0.0,65.6399727852
1998,9,3,28.5,18.5,0.0,23.5,0.0,74.0268035361
1998,9,4,27.5,17.5,12.0,22.5,1.2,74.2093304717
1998,9,5,31.5,17.0,8.0,24.25,0.8,64.0750993842
1998,9,6,33.0,17.0,0.0,25.0,0.0,61.2524123363
1998,9,7,34.0,15.5,0.0,24.75,0.0,56.9961754519
1998,9,8,33.0,15.5,0.0,24.25,0.0,58.7355077689
1998,9,9,32.5,17.5,0.0,25.0,0.0,63.8045961837
1998,9,10,33.5,16.5,0.0,25.0,0.0,59.9763204127
1998,9,11,33.0,17.0,4.0,25.0,0.4,61.2524123363
1998,9,12,34.0,15.0,0.0,24.5,0.0,55.2286401087
1998,9,13,34.0,16.5,0.0,25.25,0.0,59.0853286162
1998,9,14,34.5,16.0,0.0,25.25,0.0,56.5710593134
1998,9,15,32.5,16.0,0.0,24.25,0.0,60.0704056727
1998,9,16,33.5,16.5,0.0,25.0,0.0,59.9763204127
1998,9,17,32.5,17.0,0.0,24.75,0.0,62.1776459475
1998,9,18,34.0,15.5,0.0,24.75,0.0,56.9961754519
1998,9,19,33.5,14.5,0.0,24.0,0.0,55.5617476758
1998,9,20,31.5,18.0,0.0,24.75,0.0,67.3591164431
1998,9,21,30.5,14.5,0.0,22.5,0.0,60.8516509868
1998,9,22,31.5,14.0,0.0,22.75,0.0,58.4706515686
1998,9,23,32.0,12.0,0.0,22.0,0.0,53.5563905838
1998,9,24,33.5,12.0,0.0,22.75,0.0,51.1618201226
1998,9,25,31.5,11.0,0.0,21.25,0.0,52.8717611558
1998,9,26,30.5,9.5,0.0,20.0,0.0,51.9201428095
1998,9,27,32.0,10.5,0.0,21.25,0.0,51.2695865754
1998,9,28,34.0,13.5,0.0,23.75,0.0,53.6551810081
1998,9,29,32.5,15.0,0.0,23.75,0.0,59.1582764962
1998,9,30,30.5,12.0,0.0,21.25,0.0,56.0761103168
1998,10,1,28.0,10.0,0.0,19.0,0.0,57.0935020621
1998,10,2,29.0,8.5,0.0,18.75,0.0,52.3798853327
1998,10,3,28.5,9.0,0.0,18.75,0.0,54.2505955232
1998,10,4,27.0,13.0,0.0,20.0,0.0,64.0348427983
1998,10,5,24.5,8.0,0.0,16.25,0.0,59.1330455385
1998,10,6,26.0,6.0,0.0,16.0,0.0,51.1806102217
1998,10,7,29.5,9.0,0.0,19.25,0.0,52.5839330785
1998,10,8,31.0,11.0,0.0,21.0,0.0,53.6910555207
1998,10,9,31.5,9.5,0.0,20.5,0.0,50.3384358737
1998,10,10,30.0,8.5,0.0,19.25,0.0,50.7706940068
1998,10,11,31.0,7.5,0.0,19.25,0.0,47.1442158635
1998,10,12,33.5,10.0,0.0,21.75,0.0,48.1669543915
1998,10,13,34.0,13.0,0.0,23.5,0.0,51.6790892611
1998,10,14,31.5,10.0,0.0,20.75,0.0,51.2199591646
1998,10,15,27.5,7.0,0.0,17.25,0.0,51.3902799981
1998,10,16,22.0,5.0,0.0,13.5,0.0,57.4877199356
1998,10,17,22.5,0.5,0.0,11.5,0.0,47.6403698349
1998,10,18,26.5,6.5,0.0,16.5,0.0,51.7342932307
1998,10,19,28.5,9.5,0.0,19.0,0.0,55.2517761891
1998,10,20,26.5,13.0,0.0,19.75,0.0,65.0356731172
1998,10,21,20.5,12.0,4.0,16.25,0.4,76.6539479203
1998,10,22,20.5,11.0,1.0,15.75,0.1,74.6130290828
1998,10,23,23.0,10.0,1.0,16.5,0.1,66.8234620897
1998,10,24,25.5,9.5,0.0,17.5,0.0,60.7030430862
1998,10,25,25.5,12.0,2.0,18.75,0.2,65.4748566659
1998,10,26,22.5,11.0,2.0,16.75,0.2,70.0154556731
1998,10,27,21.0,6.5,0.0,13.75,0.0,61.7065716069
1998,10,28,23.0,2.5,0.0,12.75,0.0,49.3850410338
1998,10,29,25.0,4.0,0.0,14.5,0.0,48.9921919018
1998,10,30,21.0,7.5,8.0,14.25,0.8,64.7240659367
1998,10,31,17.0,4.0,0.0,10.5,0.0,63.6116295249
1998,11,1,20.5,2.5,0.0,11.5,0.0,53.5954160642
1998,11,2,21.5,2.5,0.0,12.0,0.0,51.8653548135
1998,11,3,21.5,2.0,0.0,11.75,0.0,52.7225302154
1998,11,4,21.5,1.0,0.0,11.25,0.0,48.4305131704
1998,11,5,23.0,2.5,0.0,12.75,0.0,49.3850410338
1998,11,6,21.5,2.0,0.0,11.75,0.0,52.7225302154
1998,11,7,21.0,4.0,0.0,12.5,0.0,55.774343087
1998,11,8,21.5,3.0,0.0,12.25,0.0,53.8582250045
1998,11,9,16.5,3.5,10.0,10.0,1.0,65.7564174675
1998,11,10,16.5,-3.5,0.0,6.5,0.0,49.9279223819
1998,11,11,20.0,0.5,0.0,10.25,0.0,51.7393494702
1998,11,12,16.5,5.0,0.0,10.75,0.0,68.8251913576
1998,11,13,19.5,3.0,0.0,11.25,0.0,57.5112343899
1998,11,14,23.0,2.0,0.0,12.5,0.0,47.4081916239
1998,11,15,25.5,4.0,0.0,14.75,0.0,45.8001670336
1998,11,16,26.0,4.0,0.0,15.0,0.0,45.0708524614
1998,11,17,24.5,3.0,0.0,13.75,0.0,46.2799287051
1998,11,18,23.0,3.5,0.0,13.25,0.0,50.46037977
1998,11,19,21.5,2.5,0.0,12.0,0.0,51.8653548135
1998,11,20,19.5,4.0,0.0,11.75,0.0,58.5805891282
1998,11,21,21.5,1.0,0.0,11.25,0.0,48.4305131704
1998,11,22,24.5,2.0,0.0,13.25,0.0,45.1487608468
1998,11,23,25.5,2.0,0.0,13.75,0.0,38.5666072543
1998,11,24,23.5,4.0,0.0,13.75,0.0,46.2799287051
1998,11,25,24.5,1.5,0.0,13.0,0.0,40.4897410178
1998,11,26,25.0,4.5,0.0,14.75,0.0,45.8001670336
1998,11,27,23.5,5.0,0.0,14.25,0.0,42.319581574
1998,11,28,17.5,6.0,0.0,11.75,0.0,61.5096185846
1998,11,29,13.5,2.5,12.0,8.0,1.2,67.6549627014
1998,11,30,18.0,0.0,0.0,9.0,0.0,45.6886110465
1998,12,1,21.0,4.0,0.0,12.5,0.0,50.1969087783
1998,12,2,15.5,4.5,4.0,10.0,0.4,69.0442383409
1998,12,3,16.0,1.0,0.0,8.5,0.0,58.1486935812
1998,12,4,18.0,1.0,0.0,9.5,0.0,47.5870503585
1998,12,5,13.5,0.0,0.0,6.75,0.0,53.1761491184
1998,12,6,8.5,-3.5,3.0,2.5,0.3,65.8243651988
1998,12,7,7.0,-6.0,4.0,0.5,0.4,63.1747846666
1998,12,8,10.5,-4.5,0.0,3.0,0.0,52.9675334456
1998,12,9,11.0,-4.5,0.0,3.25,0.0,46.8462729573
1998,12,10,7.5,-2.0,3.0,2.75,0.3,70.0719261213
1998,12,11,10.5,-4.0,0.0,3.25,0.0,52.051414397
1998,12,12,14.5,-3.5,0.0,5.5,0.0,44.5502113353
1998,12,13,16.5,0.0,0.0,8.25,0.0,48.0463528934
1998,12,14,18.0,1.0,0.0,9.5,0.0,44.1879753329
1998,12,15,18.0,3.5,0.0,10.75,0.0,53.1831024127
1998,12,16,19.0,6.0,0.0,12.5,0.0,58.5630602413
1998,12,17,16.0,5.0,0.0,10.5,0.0,66.7922110011
1998,12,18,16.0,2.0,1.0,9.0,0.1,52.7176281306
1998,12,19,18.0,1.5,0.0,9.75,0.0,46.8011037836
1998,12,20,17.5,0.0,0.0,8.75,0.0,42.8861519218
1998,12,21,14.0,0.0,0.0,7.0,0.0,56.3022880157
1998,12,22,15.0,-3.5,0.0,5.75,0.0,43.7933249153
1998,12,23,12.0,-5.0,0.0,3.5,0.0,46.0374788359
1998,12,24,13.5,-6.5,0.0,3.5,0.0,40.9222034097
1998,12,25,16.0,-4.0,0.0,6.0,0.0,38.7455576747
1998,12,26,19.0,-2.5,0.0,8.25,0.0,36.9587329949
1998,12,27,19.5,-0.5,0.0,9.5,0.0,37.3898252816
1998,12,28,20.0,-1.0,0.0,9.5,0.0,37.3898252816
1998,12,29,23.0,0.0,0.0,11.5,0.0,32.7527542615
1998,12,30,23.0,3.0,0.0,13.0,0.0,37.79042495
1998,12,31,21.5,2.0,0.0,11.75,0.0,38.0773829333
1999,1,1,17.5,3.0,0.0,10.25,0.0,22.6359653932
1999,1,2,17.0,-2.5,0.0,7.25,0.0,15.8159628306
1999,1,3,15.5,-4.0,0.0,5.75,0.0,17.5173299661
1999,1,4,17.0,-5.5,0.0,5.75,0.0,13.1379974746
1999,1,5,18.5,-3.5,0.0,7.5,0.0,15.5505729605
1999,1,6,20.0,-2.0,0.0,9.0,0.0,17.5725427102
1999,1,7,21.0,-0.5,0.0,10.25,0.0,16.1685467094
1999,1,8,18.0,-1.0,0.0,8.5,0.0,18.1714667441
1999,1,9,17.5,-3.5,0.0,7.0,0.0,16.0863680045
1999,1,10,19.5,-2.5,0.0,8.5,0.0,14.5371733953
1999,1,11,21.5,2.5,0.0,12.0,0.0,17.2884516045
1999,1,12,18.0,4.0,0.0,11.0,0.0,21.5403944646
1999,1,13,17.5,-2.0,0.0,7.75,0.0,19.1126213733
1999,1,14,18.0,-1.5,0.0,8.25,0.0,18.4793664975
1999,1,15,21.0,-2.0,0.0,9.5,0.0,16.995375128
1999,1,16,18.5,0.5,0.0,9.5,0.0,20.3944501536
1999,1,17,18.5,-0.5,0.0,9.0,0.0,17.5725427102
1999,1,18,21.5,1.0,0.0,11.25,0.0,18.1614424389
1999,1,19,21.5,2.0,0.0,11.75,0.0,17.5741767385
1999,1,20,18.0,2.5,0.0,10.25,0.0,19.4022560513
1999,1,21,14.5,4.5,0.0,9.5,0.0,33.990750256
1999,1,22,14.0,-3.0,0.0,5.5,0.0,17.8200845341
1999,1,23,21.0,-2.0,0.0,9.5,0.0,16.995375128
1999,1,24,25.0,4.0,0.0,14.5,0.0,17.1472671656
1999,1,25,22.5,7.0,0.0,14.75,0.0,21.6948159633
1999,1,26,16.5,0.0,0.0,8.25,0.0,18.4793664975
1999,1,27,11.0,-4.5,0.0,3.25,0.0,20.8205657588
1999,1,28,7.5,-6.0,1.0,0.75,0.1,24.8248969773
1999,1,29,12.0,-3.0,0.0,4.5,0.0,19.0902336647
1999,1,30,16.0,-4.0,0.0,6.0,0.0,17.2202478554
1999,1,31,20.5,-1.0,0.0,9.75,0.0,16.7146799227
1999,2,1,17.0,-1.5,0.0,7.75,0.0,19.1126213733
1999,2,2,18.5,-3.5,0.0,7.5,0.0,15.5505729605
1999,2,3,21.0,-4.0,0.0,8.5,0.0,14.5371733953
1999,2,4,18.0,0.5,0.0,9.25,0.0,20.7375527605
1999,2,5,17.5,4.5,0.0,11.0,0.0,24.6175936738
1999,2,6,15.5,-1.5,0.0,7.0,0.0,20.1079600056
1999,2,7,20.0,-2.0,0.0,9.0,0.0,17.5725427102
1999,2,8,21.0,1.0,0.0,11.0,0.0,18.4631952554
1999,2,9,23.0,1.5,0.0,12.25,0.0,17.0078605277
1999,2,10,17.5,0.5,0.0,9.0,0.0,21.0870512522
1999,2,11,12.0,-8.5,0.0,1.75,0.0,17.3469815021
1999,2,12,14.5,1.0,0.0,7.75,0.0,22.9351456479
1999,2,13,20.5,2.5,0.0,11.5,0.0,17.8651386881
1999,2,14,23.5,1.5,0.0,12.5,0.0,16.7323029261
1999,2,15,19.5,0.0,0.0,9.75,0.0,16.7146799227
1999,2,16,18.5,-2.0,0.0,8.25,0.0,18.4793664975
1999,2,17,19.5,0.5,0.0,10.0,0.0,19.7269252403
1999,2,18,22.0,0.0,0.0,11.0,0.0,15.3859960461
1999,2,19,22.0,2.5,0.0,12.25,0.0,17.0078605277
1999,2,20,22.5,2.5,0.0,12.5,0.0,16.7323029261
1999,2,21,24.0,3.5,0.0,13.75,0.0,17.997750052
1999,2,22,20.5,6.5,0.0,13.5,0.0,23.51770361
1999,2,23,22.0,0.0,0.0,11.0,0.0,15.3859960461
1999,2,24,24.0,0.0,0.0,12.0,0.0,14.4070430038
1999,2,25,22.5,4.5,0.0,13.5,0.0,20.9046254311
1999,2,26,20.0,1.0,0.0,10.5,0.0,19.0834888575
1999,2,27,22.5,-0.5,0.0,11.0,0.0,15.3859960461
1999,2,28,24.0,1.0,0.0,12.5,0.0,16.7323029261
1999,3,1,26.0,3.0,0.0,14.5,0.0,17.1472671656
1999,3,2,25.5,2.5,0.0,14.0,0.0,15.179289735
1999,3,3,25.0,3.0,0.0,14.0,0.0,17.7091713575
1999,3,4,21.5,4.0,0.0,12.75,0.0,19.2052937354
1999,3,5,22.0,3.0,0.0,12.5,0.0,19.5210200804
1999,3,6,24.0,2.5,0.0,13.25,0.0,15.9348567695
1999,3,7,20.5,6.0,0.0,13.25,0.0,21.2464756926
1999,3,8,17.0,-0.5,5.0,8.25,0.5,18.4793664975
1999,3,9,21.0,-0.5,0.0,10.25,0.0,16.1685467094
1999,3,10,22.5,-0.5,0.0,11.0,0.0,15.3859960461
1999,3,11,20.5,1.5,0.0,11.0,0.0,18.4631952554
1999,3,12,15.0,-0.5,0.0,7.25,0.0,19.7699535383
1999,3,13,20.0,-1.0,0.0,9.5,0.0,16.995375128
1999,3,14,25.0,1.5,0.0,13.25,0.0,15.9348567695
1999,3,15,23.5,4.0,0.0,13.75,0.0,17.997750052
1999,3,16,19.0,0.0,0.0,9.5,0.0,16.995375128
1999,3,17,10.5,-1.0,6.0,4.75,0.6,23.4544741559
1999,3,18,16.0,-1.5,0.0,7.25,0.0,19.7699535383
1999,3,19,20.5,2.5,0.0,11.5,0.0,17.8651386881
1999,3,20,25.5,5.5,0.0,15.5,0.0,18.3791670481
1999,3,21,27.5,3.5,0.0,15.5,0.0,16.0817711671
1999,3,22,25.5,4.0,0.0,14.75,0.0,16.8737457492
1999,3,23,23.5,4.0,0.0,13.75,0.0,17.997750052
1999,3,24,25.0,3.5,0.0,14.25,0.0,17.4257100599
1999,3,25,26.0,4.5,0.0,15.25,0.0,18.6755310984
1999,3,26,21.5,5.0,0.0,13.25,0.0,21.2464756926
1999,3,27,20.5,0.0,0.0,10.25,0.0,16.1685467094
1999,3,28,22.5,2.0,0.0,12.25,0.0,17.0078605277
1999,3,29,27.0,4.0,0.0,15.5,0.0,16.0817711671
1999,3,30,26.5,6.5,0.0,16.5,0.0,19.4003599615
1999,3,31,23.5,6.0,0.0,14.75,0.0,19.2842808563
1999,4,1,16.0,2.0,0.0,9.0,0.0,21.0870512522
1999,4,2,8.0,-0.5,24.0,3.75,2.4,35.18983377
1999,4,3,13.0,-3.0,0.0,5.0,0.0,18.4430868853
1999,4,4,9.5,-1.5,5.0,4.0,0.5,44.4657339494
1999,4,5,17.5,-4.0,0.0,6.75,0.0,16.3618920364
1999,4,6,22.0,2.0,0.0,12.0,0.0,17.2884516045
1999,4,7,21.5,3.5,0.0,12.5,0.0,19.5210200804
1999,4,8,19.5,-0.5,0.0,9.5,0.0,16.995375128
1999,4,9,16.5,0.0,0.0,8.25,0.0,18.4793664975
1999,4,10,20.0,-3.5,0.0,8.25,0.0,14.783493198
1999,4,11,24.5,2.0,0.0,13.25,0.0,15.9348567695
1999,4,12,26.0,3.5,0.0,14.75,0.0,16.8737457492
1999,4,13,19.5,2.5,0.0,11.0,0.0,18.4631952554
1999,4,14,22.5,4.0,0.0,13.25,0.0,18.590666231
1999,4,15,24.5,4.0,0.0,14.25,0.0,17.4257100599
1999,4,16,23.5,4.0,0.0,13.75,0.0,17.997750052
1999,4,17,26.5,4.0,0.0,15.25,0.0,16.3410897111
1999,4,18,29.0,5.5,0.0,17.25,0.0,16.4448895994
1999,4,19,30.0,6.5,0.0,18.25,0.0,17.3718869058
1999,4,20,29.0,7.0,0.0,18.0,0.0,17.6466999951
1999,4,21,27.0,12.0,0.0,19.5,0.0,23.2081259625
1999,4,22,26.5,10.5,0.0,18.5,0.0,22.8024185435
1999,4,23,26.0,10.5,0.0,18.25,0.0,23.1625158744
1999,4,24,22.5,8.5,0.0,15.5,0.0,22.9739588101
1999,4,25,21.0,4.5,0.0,12.75,0.0,21.9489071261
1999,4,26,25.0,5.0,0.0,15.0,0.0,18.9772010364
1999,4,27,28.5,8.0,0.0,18.25,0.0,19.302096562
1999,4,28,25.5,11.0,0.0,18.25,0.0,23.1625158744
1999,4,29,20.5,5.5,0.0,13.0,0.0,21.5945285428
1999,4,30,21.0,-0.5,0.0,10.25,0.0,16.1685467094
1999,5,1,18.0,2.5,0.0,10.25,0.0,19.4022560513
1999,5,2,24.0,1.5,0.0,12.75,0.0,16.4616803446
1999,5,3,22.5,9.5,0.0,16.0,0.0,24.4776831495
1999,5,4,22.0,8.0,0.0,15.0,0.0,23.7215012955
1999,5,5,24.0,5.0,0.0,14.5,0.0,19.5968767607
1999,5,6,27.5,6.5,0.0,17.0,0.0,18.7952049141
1999,5,7,30.0,7.0,0.0,18.5,0.0,17.1018139076
1999,5,8,30.5,9.0,0.0,19.75,0.0,17.5772089506
1999,5,9,28.5,9.0,0.0,18.75,0.0,18.7071019045
1999,5,10,27.0,7.0,0.0,17.0,0.0,18.7952049141
1999,5,11,28.0,8.0,0.0,18.0,0.0,19.607444439
1999,5,12,31.0,8.5,0.0,19.75,0.0,17.5772089506
1999,5,13,30.0,11.0,0.0,20.5,0.0,20.1353743495
1999,5,14,29.0,12.5,0.0,20.75,0.0,21.4793377142
1999,5,15,29.0,10.0,0.0,19.5,0.0,19.6376450452
1999,5,16,28.0,9.0,0.0,18.5,0.0,19.0020154529
1999,5,17,30.5,7.0,0.0,18.75,0.0,16.8363917141
1999,5,18,33.5,9.5,0.0,21.5,0.0,17.3554426758
1999,5,19,31.5,9.0,0.0,20.25,0.0,17.0408328144
1999,5,20,31.0,9.0,0.0,20.0,0.0,17.3067142698
1999,5,21,33.0,9.5,0.0,21.25,0.0,17.6239203853
1999,5,22,32.5,9.5,0.0,21.0,0.0,17.8970185069
1999,5,23,30.5,9.0,0.0,19.75,0.0,17.5772089506
1999,5,24,30.0,8.5,0.0,19.25,0.0,18.1323907167
1999,5,25,29.5,10.0,0.0,19.75,0.0,19.3349298457
1999,5,26,30.0,11.0,0.0,20.5,0.0,20.1353743495
1999,5,27,32.5,12.0,0.0,22.25,0.0,19.5908655024
1999,5,28,34.0,15.5,0.0,24.75,0.0,20.7258819825
1999,5,29,33.0,14.0,0.0,23.5,0.0,20.9509821329
1999,5,30,31.5,13.5,0.0,22.5,0.0,20.7786125321
1999,5,31,29.5,12.5,0.0,21.0,0.0,21.1510218718
1999,6,1,31.0,11.5,0.0,21.25,0.0,19.2260949658
1999,6,2,29.0,13.5,0.0,21.25,0.0,22.4304441267
1999,6,3,30.0,10.5,0.0,20.25,0.0,20.4489993773
1999,6,4,26.0,10.0,0.0,18.0,0.0,21.568188883
1999,6,5,26.0,5.5,0.0,15.75,0.0,18.0880070504
1999,6,6,30.5,7.0,0.0,18.75,0.0,16.8363917141
1999,6,7,33.5,10.0,0.0,21.75,0.0,17.0914999454
1999,6,8,31.5,11.5,0.0,21.5,0.0,18.9332101918
1999,6,9,31.5,10.0,0.0,20.75,0.0,18.1748242197
1999,6,10,31.5,11.0,0.0,21.25,0.0,19.2260949658
1999,6,11,31.5,11.0,0.0,21.25,0.0,19.2260949658
1999,6,12,32.5,10.5,0.0,21.5,0.0,18.9332101918
1999,6,13,33.5,12.5,0.0,23.0,0.0,18.7163817193
1999,6,14,32.0,15.5,0.0,23.75,0.0,22.0123819521
1999,6,15,33.0,17.5,0.0,25.25,0.0,23.8855583768
1999,6,16,34.5,16.5,0.0,25.5,0.0,22.2928209459
1999,6,17,33.0,18.5,0.0,25.75,0.0,24.4030497019
1999,6,18,32.5,17.0,0.0,24.75,0.0,23.3166172303
1999,6,19,33.5,16.5,0.0,25.0,0.0,22.9696546261
1999,6,20,34.5,17.5,0.0,26.0,0.0,22.8402119272
1999,6,21,35.5,18.5,0.0,27.0,0.0,22.6576046797
1999,6,22,33.5,16.0,0.0,24.75,0.0,22.0212496064
1999,6,23,34.5,16.5,0.0,25.5,0.0,22.2928209459
1999,6,24,36.0,18.0,0.0,27.0,0.0,22.6576046797
1999,6,25,36.5,18.5,0.0,27.5,0.0,21.9987006416
1999,6,26,37.0,19.0,0.0,28.0,0.0,22.4291050466
1999,6,27,37.0,19.0,0.0,28.0,0.0,22.4291050466
1999,6,28,36.5,21.5,0.0,29.0,0.0,25.1831927055
1999,6,29,36.0,20.5,0.0,28.25,0.0,24.2074584987
1999,6,30,36.5,20.5,0.0,28.5,0.0,23.8554971486
1999,7,1,38.5,19.5,0.0,29.0,0.0,22.1612095808
1999,7,2,36.0,22.5,0.0,29.25,0.0,25.8116010856
1999,7,3,33.0,20.0,5.0,26.5,0.5,25.6723981825
1999,7,4,33.5,20.0,0.0,26.75,0.0,25.2947969484
1999,7,5,34.5,20.0,9.0,27.25,0.9,24.5579924612
1999,7,6,31.5,18.0,16.0,24.75,1.6,25.9073524781
1999,7,7,31.0,17.0,19.0,24.0,1.9,24.3929623942
1999,7,8,30.5,17.5,0.0,24.0,0.0,25.7481269717
1999,7,9,32.0,18.0,0.0,25.0,0.0,25.5218384735
1999,7,10,30.5,18.0,12.0,24.25,1.2,32.0375496921
1999,7,11,28.5,19.0,0.0,23.75,0.0,42.6489900321
1999,7,12,32.0,19.0,0.0,25.5,0.0,27.2467811561
1999,7,13,33.5,18.5,14.0,26.0,1.4,31.2550268478
1999,7,14,29.0,18.0,17.0,23.5,1.7,53.0758214033
1999,7,15,26.5,17.0,43.0,21.75,4.3,66.8122270592
1999,7,16,29.0,17.0,0.0,23.0,0.0,59.0285884992
1999,7,17,28.0,18.0,3.0,23.0,0.3,74.8655268771
1999,7,18,26.0,17.5,4.0,21.75,0.4,77.6886361153
1999,7,19,29.5,17.0,0.0,23.25,0.0,58.1398806968
1999,7,20,31.0,18.0,0.0,24.5,0.0,55.2286401087
1999,7,21,31.0,17.0,12.0,24.0,1.2,60.9824059856
1999,7,22,29.0,17.5,14.0,23.25,1.4,70.9022935327
1999,7,23,29.5,18.0,0.0,23.75,0.0,66.0371458562
1999,7,24,31.0,18.0,7.0,24.5,0.7,67.0633487034
1999,7,25,32.0,17.5,0.0,24.75,0.0,55.700807828
1999,7,26,31.5,18.5,3.0,25.0,0.3,67.6328719547
1999,7,27,31.5,17.5,10.0,24.5,1.0,64.4334134602
1999,7,28,28.5,16.5,17.0,22.5,1.7,69.7567706434
1999,7,29,29.5,16.5,0.0,23.0,0.0,64.7874751821
1999,7,30,28.5,16.0,0.0,22.25,0.0,66.3075447774
1999,7,31,30.5,17.0,0.0,23.75,0.0,63.2855981122
1999,8,1,32.0,17.5,0.0,24.75,0.0,59.5869106997
1999,8,2,32.5,16.5,0.0,24.5,0.0,56.5436077304
1999,8,3,31.0,18.0,0.0,24.5,0.0,64.4334134602
1999,8,4,28.0,18.5,0.0,23.25,0.0,75.1564311446
1999,8,5,26.0,17.0,26.0,21.5,2.6,75.7328407672
1999,8,6,30.0,16.0,0.0,23.0,0.0,64.7874751821
1999,8,7,31.5,16.5,0.0,24.0,0.0,60.9824059856
1999,8,8,32.5,17.5,0.0,25.0,0.0,61.2524123363
1999,8,9,31.0,17.5,15.0,24.25,1.5,66.7448951919
1999,8,10,29.5,16.5,0.0,23.0,0.0,67.6669185235
1999,8,11,30.5,15.5,0.0,23.0,0.0,63.3477535114
1999,8,12,33.0,15.0,0.0,24.0,0.0,55.5617476758
1999,8,13,34.0,16.0,0.0,25.0,0.0,56.1480446416
1999,8,14,32.5,18.0,0.0,25.25,0.0,65.3710018732
1999,8,15,31.5,18.0,0.0,24.75,0.0,67.3591164431
1999,8,16,33.0,18.0,0.0,25.5,0.0,64.4014827327
1999,8,17,34.5,17.0,0.0,25.75,0.0,58.5673192846
1999,8,18,33.5,17.0,0.0,25.25,0.0,60.3424632676
1999,8,19,33.0,17.0,0.0,25.0,0.0,61.2524123363
1999,8,20,34.0,17.5,8.0,25.75,0.8,61.0076242547
1999,8,21,35.5,16.5,0.0,26.0,0.0,56.4994716095
1999,8,22,36.5,17.0,0.0,26.75,0.0,55.1886478875
1999,8,23,35.5,17.5,0.0,26.5,0.0,58.3463595056
1999,8,24,34.5,18.0,7.0,26.25,0.7,61.5875741
1999,8,25,33.0,18.5,0.0,25.75,0.0,64.66808171
1999,8,26,32.5,19.5,0.0,26.0,0.0,68.5206357817
1999,8,27,31.0,19.0,0.0,25.0,0.0,70.185055802
1999,8,28,31.5,18.0,14.0,24.75,1.4,67.3591164431
1999,8,29,32.5,17.0,9.0,24.75,0.9,62.1776459475
1999,8,30,32.0,17.0,0.0,24.5,0.0,63.1184458385
1999,8,31,30.5,16.5,0.0,23.5,0.0,65.646410683
1999,9,1,29.5,16.0,0.0,22.75,0.0,65.7794830147
1999,9,2,28.5,16.5,0.0,22.5,0.0,69.7567706434
1999,9,3,29.5,16.0,0.0,22.75,0.0,65.7794830147
1999,9,4,31.5,13.5,0.0,22.5,0.0,57.8832777679
1999,9,5,33.5,14.0,0.0,23.75,0.0,55.0309548801
1999,9,6,34.0,17.0,0.0,25.5,0.0,59.4475225225
1999,9,7,34.5,15.0,0.0,24.75,0.0,55.700807828
1999,9,8,35.5,14.0,0.0,24.75,0.0,51.8147049562
1999,9,9,33.0,17.0,0.0,25.0,0.0,61.2524123363
1999,9,10,32.0,17.0,0.0,24.5,0.0,63.1184458385
1999,9,11,32.0,15.5,0.0,23.75,0.0,60.5340503682
1999,9,12,33.5,15.0,0.0,24.25,0.0,57.400609865
1999,9,13,32.5,15.5,0.0,24.0,0.0,59.6272414081
1999,9,14,33.5,15.0,0.0,24.25,0.0,57.400609865
1999,9,15,31.0,15.0,3.0,23.0,0.3,61.9080318407
1999,9,16,30.5,13.5,3.0,22.0,0.3,59.6771209363
1999,9,17,28.5,15.5,2.0,22.0,0.2,67.3280338768
1999,9,18,29.5,14.5,7.0,22.0,0.7,62.7374861125
1999,9,19,28.5,14.5,11.0,21.5,1.1,64.6884681553
1999,9,20,28.5,13.0,3.0,20.75,0.3,61.1334996481
1999,9,21,28.5,16.5,0.0,22.5,0.0,69.7567706434
1999,9,22,30.0,17.0,0.0,23.5,0.0,67.0431428252
1999,9,23,30.0,16.0,0.0,23.0,0.0,64.7874751821
1999,9,24,29.0,15.0,0.0,22.0,0.0,65.7978512887
1999,9,25,30.0,12.5,0.0,21.25,0.0,57.6782848973
1999,9,26,31.0,12.5,0.0,21.75,0.0,55.935818003
1999,9,27,31.5,12.0,0.0,21.75,0.0,54.3820452807
1999,9,28,32.0,12.0,0.0,22.0,0.0,53.5563905838
1999,9,29,28.0,11.5,0.0,19.75,0.0,59.762510432
1999,9,30,31.5,12.0,0.0,21.75,0.0,54.3820452807
1999,10,1,31.5,10.5,0.0,21.0,0.0,52.0640538382
1999,10,2,31.5,10.0,0.0,20.75,0.0,51.2199591646
1999,10,3,30.5,9.5,0.0,20.0,0.0,51.9201428095
1999,10,4,32.5,9.0,0.0,20.75,0.0,47.9154456701
1999,10,5,33.5,14.5,0.0,24.0,0.0,55.5617476758
1999,10,6,31.5,14.5,0.0,23.0,0.0,59.0285884992
1999,10,7,26.5,10.0,0.0,18.25,0.0,59.8364993423
1999,10,8,27.0,7.0,0.0,17.0,0.0,52.2089025391
1999,10,9,30.0,9.5,0.0,19.75,0.0,52.7316268518
1999,10,10,31.0,10.0,0.0,20.5,0.0,52.0163837362
1999,10,11,31.5,11.0,0.0,21.25,0.0,52.8717611558
1999,10,12,31.0,10.5,0.0,20.75,0.0,52.8722159118
1999,10,13,31.5,9.5,0.0,20.5,0.0,50.3384358737
1999,10,14,31.5,9.5,0.0,20.5,0.0,50.3384358737
1999,10,15,29.0,9.0,0.0,19.0,0.0,53.4100503161
1999,10,16,26.0,11.5,0.0,18.75,0.0,63.6041464754
1999,10,17,19.5,5.0,0.0,12.25,0.0,62.3621552684
1999,10,18,21.5,3.0,0.0,12.25,0.0,53.8582250045
1999,10,19,22.0,5.5,0.0,13.75,0.0,59.1354644566
1999,10,20,25.0,7.0,0.0,16.0,0.0,55.6310980671
1999,10,21,28.0,7.0,0.0,17.5,0.0,50.5858692385
1999,10,22,28.0,7.5,0.0,17.75,0.0,51.7872169252
1999,10,23,28.5,8.5,0.0,18.5,0.0,51.3054417228
1999,10,24,29.0,7.5,0.0,18.25,0.0,48.2552414051
1999,10,25,28.5,7.0,0.0,17.75,0.0,47.803584854
1999,10,26,26.5,7.0,0.0,16.75,0.0,50.9203313986
1999,10,27,25.5,7.5,0.0,16.5,0.0,51.7342932307
1999,10,28,26.5,7.0,0.0,16.75,0.0,48.7986509237
1999,10,29,25.0,6.0,0.0,15.5,0.0,50.5427093823
1999,10,30,22.5,4.0,0.0,13.25,0.0,50.46037977
1999,10,31,26.5,4.5,0.0,15.5,0.0,43.6505217392
1999,11,1,28.0,4.0,0.0,16.0,0.0,40.0543906083
1999,11,2,24.0,6.0,0.0,15.0,0.0,54.5594529796
1999,11,3,25.5,5.5,0.0,15.5,0.0,48.2453135012
1999,11,4,27.5,5.0,0.0,16.25,0.0,37.2319175613
1999,11,5,27.5,4.0,0.0,15.75,0.0,36.1760141008
1999,11,6,28.0,7.0,0.0,17.5,0.0,42.4921301603
1999,11,7,27.0,9.5,0.0,18.25,0.0,50.1854510613
1999,11,8,27.0,7.5,0.0,17.25,0.0,41.1122239985
1999,11,9,25.5,4.0,0.0,14.75,0.0,36.1580266055
1999,11,10,27.0,5.0,0.0,16.0,0.0,35.6039027629
1999,11,11,28.0,8.0,0.0,18.0,0.0,39.2148888781
1999,11,12,27.0,8.5,0.0,17.75,0.0,43.8199527828
1999,11,13,27.0,8.0,0.0,17.5,0.0,42.4921301603
1999,11,14,28.0,7.5,0.0,17.75,0.0,39.8363207117
1999,11,15,27.0,8.5,0.0,17.75,0.0,43.8199527828
1999,11,16,27.5,6.5,0.0,17.0,0.0,39.6787659297
1999,11,17,26.5,5.5,0.0,16.0,0.0,40.0543906083
1999,11,18,23.0,7.0,0.0,15.0,0.0,52.1873028501
1999,11,19,23.0,3.5,0.0,13.25,0.0,39.8371419237
1999,11,20,22.5,3.5,0.0,13.0,0.0,40.4897410178
1999,11,21,19.0,2.0,0.0,10.5,0.0,47.7087221436
1999,11,22,15.5,-0.5,0.0,7.5,0.0,50.5393621216
1999,11,23,15.5,-5.0,0.0,5.25,0.0,36.2572597064
1999,11,24,15.5,-4.5,0.0,5.5,0.0,35.6401690682
1999,11,25,16.5,-4.0,0.0,6.25,0.0,38.0896256546
1999,11,26,22.0,-1.0,0.0,10.5,0.0,31.8058147624
1999,11,27,23.0,1.0,0.0,12.0,0.0,25.9326774068
1999,11,28,24.0,1.0,0.0,12.5,0.0,16.7323029261
1999,11,29,25.0,4.0,0.0,14.5,0.0,19.5968767607
1999,11,30,23.5,4.5,0.0,14.0,0.0,22.7689346025
1999,12,1,22.0,5.5,0.0,13.75,0.0,28.2821786531
1999,12,2,19.0,1.5,0.0,10.25,0.0,25.8696747351
1999,12,3,12.5,-1.5,0.0,5.5,0.0,40.0951902017
1999,12,4,13.0,-6.0,0.0,3.5,0.0,25.576377131
1999,12,5,15.0,-3.0,0.0,6.0,0.0,25.8303717832
1999,12,6,17.0,-2.0,0.0,7.5,0.0,27.2135026808
1999,12,7,17.5,-3.0,0.0,7.25,0.0,23.723944246
1999,12,8,12.0,-2.5,0.0,4.75,0.0,37.5271586495
1999,12,9,14.0,-5.5,0.0,4.25,0.0,24.2789740812
1999,12,10,15.5,-2.0,0.0,6.75,0.0,28.6333110637
1999,12,11,11.5,-3.0,0.0,4.25,0.0,38.8463585299
1999,12,12,14.0,-6.5,0.0,3.75,0.0,25.13559555
1999,12,13,16.0,-4.0,0.0,6.0,0.0,25.8303717832
1999,12,14,13.0,-4.0,0.0,4.5,0.0,33.4079089132
1999,12,15,13.5,-4.0,0.0,4.75,0.0,28.1453689871
1999,12,16,17.0,-4.0,0.0,6.5,0.0,16.642640794
1999,12,17,19.5,-2.5,0.0,8.5,0.0,14.5371733953
1999,12,18,20.0,-0.5,0.0,9.75,0.0,16.7146799227
1999,12,19,16.0,-1.0,0.0,7.5,0.0,19.4382162006
1999,12,20,14.0,-5.5,0.0,4.25,0.0,14.5673844487
1999,12,21,14.0,-4.5,0.0,4.75,0.0,18.7635793248
1999,12,22,11.0,-1.0,0.0,5.0,0.0,32.2754020493
1999,12,23,10.5,-1.5,0.0,4.5,0.0,33.4079089132
1999,12,24,10.5,2.0,0.0,6.25,0.0,50.7861675394
1999,12,25,9.5,0.0,0.0,4.75,0.0,46.9089483119
1999,12,26,12.5,-0.5,0.0,6.0,0.0,30.135433747
1999,12,27,14.5,-1.5,0.0,6.5,0.0,20.8033009924
1999,12,28,17.5,0.5,0.0,9.0,0.0,21.0870512522
1999,12,29,17.0,1.5,0.0,9.25,0.0,20.7375527605
1999,12,30,19.0,0.0,0.0,9.5,0.0,16.995375128
1999,12,31,17.0,2.5,0.0,9.75,0.0,20.0576159073
2000,1,1,13.5,1.5,0.0,7.5,0.0,66.089935082
2000,1,2,7.5,-5.0,8.0,1.25,0.8,65.8915523419
2000,1,3,8.0,-6.5,0.0,0.75,0.0,55.856018199
2000,1,4,13.0,-5.0,0.0,4.0,0.0,54.3470081604
2000,1,5,16.5,-4.0,0.0,6.25,0.0,46.5539869111
2000,1,6,12.5,-5.5,0.0,3.5,0.0,51.1527542621
2000,1,7,13.0,-4.0,0.0,4.5,0.0,52.4981425779
2000,1,8,15.5,-5.5,0.0,5.0,0.0,46.1077172133
2000,1,9,15.5,-5.0,0.0,5.25,0.0,49.8537320964
2000,1,10,18.5,-3.0,0.0,7.75,0.0,45.8702912958
2000,1,11,20.5,-2.0,0.0,9.25,0.0,44.9313643145
2000,1,12,21.5,-1.0,0.0,10.25,0.0,45.2719307864
2000,1,13,21.5,-1.0,0.0,10.25,0.0,45.2719307864
2000,1,14,21.0,4.0,0.0,12.5,0.0,55.774343087
2000,1,15,24.0,2.5,0.0,13.25,0.0,47.8045703084
2000,1,16,25.5,2.5,0.0,14.0,0.0,45.537869205
2000,1,17,24.5,1.5,0.0,13.0,0.0,45.8883731535
2000,1,18,25.0,4.0,0.0,14.5,0.0,48.9921919018
2000,1,19,24.5,3.0,0.0,13.75,0.0,48.8510358554
2000,1,20,23.0,4.0,0.0,13.5,0.0,52.2615635778
2000,1,21,19.5,3.5,0.0,11.5,0.0,59.5504622936
2000,1,22,18.5,5.0,0.0,11.75,0.0,64.438648041
2000,1,23,20.0,0.5,0.0,10.25,0.0,45.2719307864
2000,1,24,22.0,3.5,0.0,12.75,0.0,49.3850410338
2000,1,25,23.5,4.0,0.0,13.75,0.0,46.2799287051
2000,1,26,19.0,5.5,0.0,12.25,0.0,62.3621552684
2000,1,27,16.5,-2.0,0.0,7.25,0.0,47.4478884919
2000,1,28,15.5,-3.0,0.0,6.25,0.0,42.3218062828
2000,1,29,17.0,-3.0,0.0,7.0,0.0,40.2159200112
2000,1,30,17.0,-1.5,0.0,7.75,0.0,42.0477670212
2000,1,31,15.0,2.0,0.0,8.5,0.0,58.1486935812
2000,2,1,14.5,-1.0,0.0,6.75,0.0,49.0856761093
2000,2,2,16.0,0.5,0.0,8.25,0.0,48.0463528934
2000,2,3,21.0,-0.5,0.0,10.25,0.0,32.3370934188
2000,2,4,21.0,-1.5,0.0,9.75,0.0,26.7434878764
2000,2,5,21.0,1.5,0.0,11.25,0.0,27.2421636584
2000,2,6,21.5,0.0,0.0,10.75,0.0,25.0273423119
2000,2,7,22.0,0.5,0.0,11.25,0.0,18.1614424389
2000,2,8,21.5,3.5,0.0,12.5,0.0,19.5210200804
2000,2,9,22.5,3.5,0.0,13.0,0.0,18.895212475
2000,2,10,21.5,3.0,0.0,12.25,0.0,19.842503949
2000,2,11,19.0,2.5,0.0,10.75,0.0,18.7705067339
2000,2,12,16.5,-0.5,0.0,8.0,0.0,18.7930451948
2000,2,13,17.0,0.5,0.0,8.75,0.0,21.4430759609
2000,2,14,22.0,1.5,0.0,11.75,0.0,17.5741767385
2000,2,15,24.0,3.0,0.0,13.5,0.0,18.2915472522
2000,2,16,24.5,2.0,0.0,13.25,0.0,15.9348567695
2000,2,17,18.0,4.5,0.0,11.25,0.0,24.2152565852
2000,2,18,18.0,-3.0,0.0,7.5,0.0,15.5505729605
2000,2,19,22.5,0.0,0.0,11.25,0.0,15.1345353658
2000,2,20,23.5,5.0,0.0,14.25,0.0,19.9150972113
2000,2,21,21.0,4.0,0.0,12.5,0.0,19.5210200804
2000,2,22,15.0,2.5,12.0,8.75,1.2,25.0169219544
2000,2,23,18.5,-1.0,0.0,8.75,0.0,17.8692299674
2000,2,24,15.0,3.0,5.0,9.0,0.5,24.6015597943
2000,2,25,12.0,-2.5,0.0,4.75,0.0,18.7635793248
2000,2,26,18.0,-3.5,0.0,7.25,0.0,15.8159628306
2000,2,27,24.0,0.5,0.0,12.25,0.0,17.0078605277
2000,2,28,19.5,5.5,0.0,12.5,0.0,22.3097372348
2000,2,29,19.0,1.0,0.0,10.0,0.0,19.7269252403
2000,3,1,18.5,0.5,0.0,9.5,0.0,20.3944501536
2000,3,2,20.0,-1.0,0.0,9.5,0.0,16.995375128
2000,3,3,23.5,1.5,0.0,12.5,0.0,16.7323029261
2000,3,4,23.5,3.5,0.0,13.5,0.0,18.2915472522
2000,3,5,16.5,2.5,3.0,9.5,0.3,23.7935251792
2000,3,6,12.0,2.5,0.0,7.25,0.0,35.5859163689
2000,3,7,8.5,-0.5,13.0,4.0,1.3,49.4063710549
2000,3,8,15.5,-3.0,0.0,6.25,0.0,21.1609031414
2000,3,9,17.0,-1.0,0.0,8.0,0.0,18.7930451948
2000,3,10,18.5,-1.0,0.0,8.75,0.0,17.8692299674
2000,3,11,21.5,-0.5,0.0,10.5,0.0,15.9029073812
2000,3,12,25.0,2.0,0.0,13.5,0.0,15.6784690733
2000,3,13,23.0,5.5,0.0,14.25,0.0,19.9150972113
2000,3,14,24.0,3.0,0.0,13.5,0.0,18.2915472522
2000,3,15,23.5,3.5,0.0,13.5,0.0,18.2915472522
2000,3,16,23.0,6.0,0.0,14.5,0.0,19.5968767607
2000,3,17,23.5,4.5,0.0,14.0,0.0,20.23905298
2000,3,18,23.0,3.0,0.0,13.0,0.0,18.895212475
2000,3,19,23.5,0.5,0.0,12.0,0.0,17.2884516045
2000,3,20,20.0,2.5,0.0,11.25,0.0,18.1614424389
2000,3,21,15.0,-3.0,2.0,6.0,0.2,17.2202478554
2000,3,22,12.5,-2.0,0.0,5.25,0.0,27.1929447798
2000,3,23,19.0,0.5,0.0,9.75,0.0,20.0576159073
2000,3,24,23.5,1.0,0.0,12.25,0.0,17.0078605277
2000,3,25,24.0,3.5,0.0,13.75,0.0,17.997750052
2000,3,26,25.0,4.0,0.0,14.5,0.0,17.1472671656
2000,3,27,25.5,3.5,0.0,14.5,0.0,17.1472671656
2000,3,28,20.5,7.5,1.0,14.0,0.1,27.8286978475
2000,3,29,22.0,3.0,0.0,12.5,0.0,19.5210200804
2000,3,30,22.5,4.0,0.0,13.25,0.0,18.590666231
2000,3,31,18.5,6.0,0.0,12.25,0.0,31.1810776342
2000,4,1,13.5,0.0,0.0,6.75,0.0,28.6333110637
2000,4,2,18.0,-0.5,0.0,8.75,0.0,17.8692299674
2000,4,3,23.5,2.0,0.0,12.75,0.0,16.4616803446
2000,4,4,28.5,4.5,0.0,16.5,0.0,17.2447644102
2000,4,5,29.0,7.5,0.0,18.25,0.0,17.3718869058
2000,4,6,27.0,8.0,0.0,17.5,0.0,20.2343476954
2000,4,7,28.5,5.5,0.0,17.0,0.0,16.7068488125
2000,4,8,25.0,8.0,0.0,16.5,0.0,21.5559555128
2000,4,9,28.5,11.0,0.0,19.75,0.0,21.0926507407
2000,4,10,26.5,9.5,0.0,18.0,0.0,21.568188883
2000,4,11,25.5,6.5,0.0,16.0,0.0,20.0271953041
2000,4,12,26.5,7.0,0.0,16.75,0.0,19.0951242745
2000,4,13,29.5,7.0,0.0,18.25,0.0,17.3718869058
2000,4,14,27.0,8.0,0.0,17.5,0.0,20.2343476954
2000,4,15,23.5,6.0,0.0,14.75,0.0,19.2842808563
2000,4,16,27.0,5.0,0.0,16.0,0.0,17.8019513815
2000,4,17,28.0,7.5,0.0,17.75,0.0,17.9263443202
2000,4,18,25.0,8.5,0.0,16.75,0.0,21.2168047494
2000,4,19,23.5,3.5,0.0,13.5,0.0,18.2915472522
2000,4,20,29.0,4.5,0.0,16.75,0.0,16.9734437995
2000,4,21,29.0,9.0,0.0,19.0,0.0,18.4172587297
2000,4,22,25.0,5.0,0.0,15.0,0.0,18.9772010364
2000,4,23,26.5,5.5,0.0,16.0,0.0,17.8019513815
2000,4,24,30.0,7.0,0.0,18.5,0.0,17.1018139076
2000,4,25,32.5,9.0,0.0,20.75,0.0,16.5225674725
2000,4,26,34.0,10.0,0.0,22.0,0.0,16.8320084692
2000,4,27,35.0,11.5,0.0,23.25,0.0,17.0165504478
2000,4,28,32.0,11.0,0.0,21.5,0.0,18.9332101918
2000,4,29,28.5,9.5,0.0,19.0,0.0,20.2589846027
2000,4,30,27.5,6.5,0.0,17.0,0.0,18.7952049141
2000,5,1,30.0,7.0,0.0,18.5,0.0,17.1018139076
2000,5,2,33.0,9.5,0.0,21.25,0.0,17.6239203853
2000,5,3,33.0,10.0,0.0,21.5,0.0,17.3554426758
2000,5,4,34.0,10.0,0.0,22.0,0.0,16.8320084692
2000,5,5,33.0,11.5,0.0,22.25,0.0,18.0838758484
2000,5,6,32.5,12.5,0.0,22.5,0.0,19.2944259226
2000,5,7,31.0,10.0,0.0,20.5,0.0,18.457426487
2000,5,8,30.0,14.5,0.0,22.25,0.0,22.6048448105
2000,5,9,32.0,11.5,0.0,21.75,0.0,18.6452726677
2000,5,10,32.5,14.0,0.0,23.25,0.0,21.2706880598
2000,5,11,29.5,14.5,0.0,22.0,0.0,22.9527388216
2000,5,12,27.5,9.0,0.0,18.25,0.0,19.302096562
2000,5,13,30.5,6.5,0.0,18.5,0.0,17.1018139076
2000,5,14,34.5,9.0,0.0,21.75,0.0,15.5377272231
2000,5,15,36.0,12.5,0.0,24.25,0.0,17.3536727499
2000,5,16,31.0,13.5,0.0,22.25,0.0,21.0978551564
2000,5,17,25.5,7.0,0.0,16.25,0.0,19.7110151795
2000,5,18,27.0,6.0,0.0,16.5,0.0,17.2447644102
2000,5,19,29.0,8.5,0.0,18.75,0.0,18.7071019045
2000,5,20,32.0,10.5,0.0,21.25,0.0,19.2260949658
2000,5,21,34.0,12.5,0.0,23.25,0.0,18.4345963185
2000,5,22,36.5,14.5,0.0,25.5,0.0,18.5773507883
2000,5,23,36.5,16.0,0.0,26.25,0.0,20.134399225
2000,5,24,35.0,15.5,0.0,25.25,0.0,20.1141544225
2000,5,25,32.0,13.0,0.0,22.5,0.0,20.7786125321
2000,5,26,31.5,12.5,0.0,22.0,0.0,19.8923736454
2000,5,27,34.5,13.0,0.0,23.75,0.0,19.260834208
2000,5,28,38.5,16.0,0.0,27.25,0.0,18.9766305382
2000,5,29,38.5,17.5,0.0,28.0,0.0,20.2929998041
2000,5,30,37.0,17.5,0.0,27.25,0.0,21.2091753074
2000,5,31,36.0,17.0,0.0,26.5,0.0,21.004689422
2000,6,1,34.5,17.0,0.0,25.75,0.0,21.9627447317
2000,6,2,33.0,18.0,0.0,25.5,0.0,24.769801051
2000,6,3,35.0,15.0,0.0,25.0,0.0,20.4174707788
2000,6,4,36.5,13.0,0.0,24.75,0.0,18.1351467347
2000,6,5,37.0,17.5,0.0,27.25,0.0,21.2091753074
2000,6,6,36.5,17.0,0.0,26.75,0.0,20.6957429578
2000,6,7,36.0,17.0,0.0,26.5,0.0,21.004689422
2000,6,8,32.0,18.5,0.0,25.25,0.0,25.1426930282
2000,6,9,30.5,15.0,0.0,22.75,0.0,23.3882606275
2000,6,10,32.0,12.5,0.0,22.25,0.0,19.5908655024
2000,6,11,33.5,12.5,0.0,23.0,0.0,18.7163817193
2000,6,12,36.5,14.0,0.0,25.25,0.0,18.8570197711
2000,6,13,36.5,15.0,0.0,25.75,0.0,19.5224397615
2000,6,14,37.5,18.0,0.0,27.75,0.0,21.6772670812
2000,6,15,36.5,18.5,0.0,27.5,0.0,21.9987006416
2000,6,16,36.5,18.5,0.0,27.5,0.0,21.9987006416
2000,6,17,34.5,18.0,13.0,26.25,1.3,23.6875285
2000,6,18,31.0,15.5,0.0,23.25,0.0,22.6887339305
2000,6,19,29.5,17.5,13.0,23.5,1.3,26.5379107016
2000,6,20,29.0,14.5,0.0,21.75,0.0,23.3065908346
2000,6,21,32.5,15.0,0.0,23.75,0.0,22.0123819521
2000,6,22,32.5,16.5,8.0,24.5,0.8,23.6694171894
2000,6,23,30.0,15.0,4.0,22.5,0.4,23.7469857509
2000,6,24,31.5,16.0,0.0,23.75,0.0,23.3881558241
2000,6,25,34.5,17.0,0.0,25.75,0.0,21.9627447317
2000,6,26,36.5,17.5,0.0,27.0,0.0,21.5247244457
2000,6,27,34.0,20.0,0.0,27.0,0.0,24.9233651477
2000,6,28,30.5,18.0,10.0,24.25,1.0,26.6979580768
2000,6,29,27.0,18.0,2.0,22.5,0.2,37.1046652358
2000,6,30,30.0,18.0,4.0,24.0,0.4,35.2342790139
2000,7,1,29.0,19.5,0.0,24.25,0.0,38.7120392113
2000,7,2,31.0,18.0,0.0,24.5,0.0,26.2993524327
2000,7,3,33.0,16.0,0.0,24.5,0.0,22.3544495678
2000,7,4,34.0,16.0,0.0,25.0,0.0,21.6935627025
2000,7,5,34.5,15.5,0.0,25.0,0.0,20.4174707788
2000,7,6,34.0,18.0,0.0,26.0,0.0,24.0423283445
2000,7,7,33.0,17.0,0.0,25.0,0.0,22.9696546261
2000,7,8,31.5,16.5,0.0,24.0,0.0,24.3929623942
2000,7,9,32.5,16.5,0.0,24.5,0.0,23.6694171894
2000,7,10,34.0,17.0,0.0,25.5,0.0,22.2928209459
2000,7,11,34.0,18.0,0.0,26.0,0.0,24.0423283445
2000,7,12,34.5,18.0,0.0,26.25,0.0,23.6875285
2000,7,13,32.5,20.0,0.0,26.25,0.0,26.05628135
2000,7,14,34.0,18.5,0.0,26.25,0.0,23.6875285
2000,7,15,34.5,18.0,0.0,26.25,0.0,23.6875285
2000,7,16,35.5,17.5,0.0,26.5,0.0,22.1716166121
2000,7,17,36.0,18.5,0.0,27.25,0.0,22.325447692
2000,7,18,37.5,19.0,0.0,28.25,0.0,22.1024621075
2000,7,19,38.5,20.5,0.0,29.5,0.0,22.5035331995
2000,7,20,38.0,19.5,0.0,28.75,0.0,22.4870834688
2000,7,21,36.0,20.5,0.0,28.25,0.0,24.2074584987
2000,7,22,36.0,18.5,6.0,27.25,0.6,22.325447692
2000,7,23,36.5,18.5,5.0,27.5,0.5,25.2985057378
2000,7,24,37.5,19.0,0.0,28.25,0.0,22.1024621075
2000,7,25,37.0,19.5,0.0,28.25,0.0,23.1549603031
2000,7,26,37.0,19.5,0.0,28.25,0.0,23.1549603031
2000,7,27,37.0,21.5,0.0,29.25,0.0,24.8188471977
2000,7,28,37.5,22.0,0.0,29.75,0.0,24.1076343987
2000,7,29,36.5,20.0,6.0,28.25,0.6,32.6274440635
2000,7,30,34.5,19.0,0.0,26.75,0.0,27.5943239437
2000,7,31,33.5,18.0,0.0,25.75,0.0,28.0635071572
2000,8,1,35.0,18.5,0.0,26.75,0.0,25.2947969484
2000,8,2,36.5,18.0,0.0,27.25,0.0,22.325447692
2000,8,3,36.5,21.5,0.0,29.0,0.0,30.2198312466
2000,8,4,38.0,20.5,0.0,29.25,0.0,23.8260933098
2000,8,5,35.0,19.5,8.0,27.25,0.8,39.0695334611
2000,8,6,33.0,18.5,3.0,25.75,0.3,45.1456419485
2000,8,7,31.5,17.0,6.0,24.25,0.6,46.7214266343
2000,8,8,32.0,17.0,7.0,24.5,0.7,47.3388343789
2000,8,9,34.0,18.0,0.0,26.0,0.0,37.2656089339
2000,8,10,32.0,18.5,10.0,25.25,1.0,55.313924662
2000,8,11,30.5,19.5,4.0,25.0,0.4,67.6328719547
2000,8,12,33.0,18.5,0.0,25.75,0.0,46.3657944336
2000,8,13,34.5,18.0,0.0,26.25,0.0,41.453174875
2000,8,14,34.5,17.5,0.0,26.0,0.0,39.6698417684
2000,8,15,35.5,18.0,0.0,26.75,0.0,39.0919589203
2000,8,16,36.0,19.0,0.0,27.5,0.0,40.6975961869
2000,8,17,33.0,18.5,12.0,25.75,1.2,56.1270143144
2000,8,18,30.0,17.0,15.0,23.5,1.5,64.2496785408
2000,8,19,34.0,17.0,0.0,25.5,0.0,47.0626219969
2000,8,20,34.5,16.5,0.0,25.5,0.0,44.5856418918
2000,8,21,34.5,17.5,6.0,26.0,0.6,55.2973551923
2000,8,22,33.0,17.0,11.0,25.0,1.1,58.700228489
2000,8,23,32.0,16.0,6.0,24.0,0.6,59.6272414081
2000,8,24,32.5,16.0,5.0,24.25,0.5,60.0704056727
2000,8,25,33.0,17.5,0.0,25.25,0.0,56.5710593134
2000,8,26,33.5,18.0,0.0,25.75,0.0,57.3471667995
2000,8,27,30.5,17.5,0.0,24.0,0.0,65.047899718
2000,8,28,27.5,16.5,7.0,22.0,0.7,71.9185816411
2000,8,29,27.0,15.0,10.0,21.0,1.0,69.9610723451
2000,8,30,26.5,13.0,3.0,19.75,0.3,65.0356731172
2000,8,31,28.5,12.0,0.0,20.25,0.0,56.2347482875
2000,9,1,29.5,13.0,0.0,21.25,0.0,56.0761103168
2000,9,2,31.5,14.0,0.0,22.75,0.0,54.085352701
2000,9,3,33.5,13.0,0.0,23.25,0.0,48.2135596022
2000,9,4,35.5,15.5,0.0,25.5,0.0,49.5396021021
2000,9,5,34.5,18.5,0.0,26.5,0.0,59.5132866957
2000,9,6,35.5,16.5,0.0,26.0,0.0,51.6910059406
2000,9,7,36.5,16.5,0.0,26.5,0.0,50.1778691748
2000,9,8,35.0,17.5,0.0,26.25,0.0,55.665691975
2000,9,9,34.0,17.0,0.0,25.5,0.0,56.9705424174
2000,9,10,32.5,17.5,6.0,25.0,0.6,63.8045961837
2000,9,11,32.0,14.5,0.0,23.25,0.0,56.7218348261
2000,9,12,34.5,14.0,0.0,24.25,0.0,50.7261203458
2000,9,13,36.5,14.0,0.0,25.25,0.0,46.5139821021
2000,9,14,36.5,15.0,0.0,25.75,0.0,48.8060994038
2000,9,15,33.5,17.5,0.0,25.5,0.0,61.9245026276
2000,9,16,33.0,16.5,0.0,24.75,0.0,59.5869106997
2000,9,17,33.0,16.0,0.0,24.5,0.0,57.858575352
2000,9,18,33.0,15.5,0.0,24.25,0.0,54.7308140574
2000,9,19,33.0,16.5,0.0,24.75,0.0,58.2915430758
2000,9,20,33.0,15.0,0.0,24.0,0.0,54.2065830983
2000,9,21,30.5,16.5,0.0,23.5,0.0,64.2496785408
2000,9,22,30.5,15.5,0.0,23.0,0.0,60.46831017
2000,9,23,28.5,15.5,0.0,22.0,0.0,67.3280338768
2000,9,24,28.5,11.0,0.0,19.75,0.0,54.4893477469
2000,9,25,28.5,11.0,0.0,19.75,0.0,54.4893477469
2000,9,26,31.5,15.0,0.0,23.25,0.0,58.1398806968
2000,9,27,33.0,15.5,6.0,24.25,0.6,58.7355077689
2000,9,28,34.5,16.0,0.0,25.25,0.0,52.7996553592
2000,9,29,34.0,16.0,7.0,25.0,0.7,57.4241365653
2000,9,30,34.5,15.0,0.0,24.75,0.0,50.5193373323
2000,10,1,33.5,15.0,0.0,24.25,0.0,53.3959161535
2000,10,2,33.5,14.5,0.0,24.0,0.0,52.8514185209
2000,10,3,32.5,15.0,0.0,23.75,0.0,56.4067287521
2000,10,4,30.5,14.0,1.0,22.25,0.1,58.7725965072
2000,10,5,31.5,13.0,0.0,22.25,0.0,54.2516275451
2000,10,6,33.0,13.0,0.0,23.0,0.0,50.390258475
2000,10,7,30.5,14.5,0.0,22.5,0.0,60.8516509868
2000,10,8,22.5,9.5,0.0,16.0,0.0,66.7573176805
2000,10,9,18.0,7.0,0.0,12.5,0.0,69.7179288587
2000,10,10,18.0,8.5,10.0,13.25,1.0,74.3626649241
2000,10,11,17.0,12.0,42.0,14.5,4.2,85.7363358281
2000,10,12,19.0,10.5,23.0,14.75,2.3,77.1371234251
2000,10,13,22.5,7.5,0.0,15.0,0.0,61.6759033683
2000,10,14,23.5,8.5,0.0,16.0,0.0,62.3068298351
2000,10,15,24.0,7.5,0.0,15.75,0.0,58.7860229137
2000,10,16,24.5,7.5,0.0,16.0,0.0,57.8563419898
2000,10,17,26.0,8.5,0.0,17.25,0.0,57.5571135978
2000,10,18,25.5,10.5,0.0,18.0,0.0,62.743822205
2000,10,19,23.5,10.0,7.0,16.75,0.7,65.7720947232
2000,10,20,23.0,9.0,20.0,16.0,2.0,64.5320737578
2000,10,21,19.0,10.5,3.0,14.75,0.3,77.1371234251
2000,10,22,14.0,9.0,9.0,11.5,0.9,86.3481703257
2000,10,23,15.5,6.5,25.0,11.0,2.5,73.8527810215
2000,10,24,19.0,6.5,0.0,12.75,0.0,65.8467213784
2000,10,25,21.5,5.0,0.0,13.25,0.0,58.4278081547
2000,10,26,22.0,7.0,0.0,14.5,0.0,61.2402398772
2000,10,27,17.5,7.0,6.0,12.25,0.6,70.8660855323
2000,10,28,14.5,6.0,10.0,10.25,1.0,74.3753148633
2000,10,29,18.0,2.5,0.0,10.25,0.0,58.2067681539
2000,10,30,19.5,4.5,0.0,12.0,0.0,60.5095806158
2000,10,31,15.0,2.5,7.0,8.75,0.7,64.3292278828
2000,11,1,15.0,-1.0,0.0,7.0,0.0,56.3022880157
2000,11,2,17.5,0.0,0.0,8.75,0.0,53.6076899023
2000,11,3,17.5,4.5,0.0,11.0,0.0,64.6211833938
2000,11,4,15.5,6.5,7.0,11.0,0.7,73.8527810215
2000,11,5,12.5,4.0,7.0,8.25,0.7,73.9174659899
2000,11,6,12.0,3.5,0.0,7.75,0.0,76.450485493
2000,11,7,8.5,-1.5,26.0,3.5,2.6,71.6138559669
2000,11,8,10.0,-2.5,0.0,3.75,0.0,65.3525484301
2000,11,9,15.0,-2.5,0.0,6.25,0.0,55.0183481677
2000,11,10,14.5,1.0,0.0,7.75,0.0,61.1603883944
2000,11,11,9.5,2.0,10.0,5.75,1.0,78.8279848476
2000,11,12,10.0,0.0,0.0,5.0,0.0,69.1615758199
2000,11,13,14.0,-3.5,0.0,5.25,0.0,54.3858895597
2000,11,14,15.5,0.0,0.0,7.75,0.0,57.3378641198
2000,11,15,12.5,0.0,0.0,6.25,0.0,63.4827094243
2000,11,16,12.0,-3.5,0.0,4.25,0.0,58.2695377949
2000,11,17,13.0,-4.0,0.0,4.5,0.0,52.4981425779
2000,11,18,10.5,-4.5,0.0,3.0,0.0,58.2642867902
2000,11,19,16.0,-4.0,0.0,6.0,0.0,47.3556816025
2000,11,20,17.5,1.0,0.0,9.25,0.0,55.3001406947
2000,11,21,16.5,5.0,0.0,10.75,0.0,68.8251913576
2000,11,22,19.5,4.5,0.0,12.0,0.0,60.5095806158
2000,11,23,14.0,0.0,0.0,7.0,0.0,60.3238800168
2000,11,24,16.5,-2.0,0.0,7.25,0.0,51.4018791996
2000,11,25,17.0,-1.5,0.0,7.75,0.0,53.5153398451
2000,11,26,19.5,-1.0,0.0,9.25,0.0,48.3876231079
2000,11,27,21.0,0.0,0.0,10.5,0.0,47.7087221436
2000,11,28,20.5,0.5,0.0,10.5,0.0,50.8893036199
2000,11,29,21.5,1.5,0.0,11.5,0.0,50.6178929496
2000,11,30,21.0,2.0,0.0,11.5,0.0,53.5954160642
2000,12,1,20.5,1.5,0.0,11.0,0.0,52.3123865569
2000,12,2,15.0,5.0,0.0,10.0,0.0,72.3320592143
2000,12,3,17.0,1.5,0.0,9.25,0.0,58.7563994881
2000,12,4,19.5,0.5,0.0,10.0,0.0,52.605133974
2000,12,5,19.0,2.5,0.0,10.75,0.0,56.3115202017
2000,12,6,20.0,0.5,0.0,10.25,0.0,51.7393494702
2000,12,7,20.5,1.5,0.0,11.0,0.0,52.3123865569
2000,12,8,20.0,2.5,0.0,11.25,0.0,54.4843273167
2000,12,9,17.0,0.5,0.0,8.75,0.0,57.1815358958
2000,12,10,15.0,3.0,0.0,9.0,0.0,66.7756622988
2000,12,11,17.0,-0.5,0.0,8.25,0.0,55.4380994924
2000,12,12,16.5,0.5,0.0,8.5,0.0,58.1486935812
2000,12,13,14.5,-1.0,0.0,6.75,0.0,57.2666221275
2000,12,14,15.0,-1.5,0.0,6.75,0.0,57.2666221275
2000,12,15,15.5,-1.0,0.0,7.25,0.0,55.3558699072
2000,12,16,17.5,-2.5,0.0,7.5,0.0,50.5393621216
2000,12,17,19.5,-0.5,0.0,9.5,0.0,50.9861253841
2000,12,18,15.5,-2.0,0.0,6.75,0.0,53.1761491184
2000,12,19,15.5,-2.0,0.0,6.75,0.0,53.1761491184
2000,12,20,17.5,-3.5,0.0,7.0,0.0,48.2591040134
2000,12,21,18.5,-1.5,0.0,8.5,0.0,50.8801068835
2000,12,22,20.0,0.0,0.0,10.0,0.0,49.3173131006
2000,12,23,20.0,-0.5,0.0,9.75,0.0,50.1440397682
2000,12,24,19.5,0.5,0.0,10.0,0.0,52.605133974
2000,12,25,14.0,-0.5,0.0,6.75,0.0,61.3570951366
2000,12,26,9.5,-3.5,0.0,3.0,0.0,63.5610401347
2000,12,27,13.0,-3.5,0.0,4.75,0.0,56.2907379743
2000,12,28,16.5,-3.5,0.0,6.5,0.0,49.9279223819
2000,12,29,16.5,-1.5,0.0,7.5,0.0,54.4270053617
2000,12,30,17.5,-1.5,0.0,8.0,0.0,52.6205265456
2001,1,1,17.5,-1.0,0.0,8.25,0.0,44.3504795939
2001,1,2,15.0,-0.5,0.0,7.25,0.0,51.4018791996
2001,1,3,15.5,1.5,0.0,8.5,0.0,50.8801068835
2001,1,4,18.0,1.5,0.0,9.75,0.0,43.4581677991
2001,1,5,20.0,2.5,0.0,11.25,0.0,39.349791951
2001,1,6,16.0,4.5,8.0,10.25,0.8,61.4404774958
2001,1,7,16.5,2.0,0.0,9.25,0.0,41.475105521
2001,1,8,14.5,3.5,0.0,9.0,0.0,52.7176281306
2001,1,9,11.0,2.0,17.0,6.5,1.7,70.7312233743
2001,1,10,11.0,-1.0,5.0,5.0,0.5,64.5508040986
2001,1,11,15.5,-1.5,0.0,7.0,0.0,44.2375120123
2001,1,12,13.0,-1.0,4.0,6.0,0.4,60.270867494
2001,1,13,9.0,-1.5,3.0,3.75,0.3,70.3796675401
2001,1,14,11.5,-4.5,0.0,3.5,0.0,51.1527542621
2001,1,15,12.5,-3.0,0.0,4.75,0.0,51.5998431431
2001,1,16,8.0,-3.0,5.0,2.5,0.5,65.8243651988
2001,1,17,5.5,-4.0,2.0,0.75,0.2,68.2684666877
2001,1,18,6.5,-6.0,0.0,0.25,0.0,64.3093613312
2001,1,19,9.5,-6.0,0.0,1.75,0.0,52.0409445064
2001,1,20,13.5,-3.0,0.0,5.25,0.0,49.8537320964
2001,1,21,15.0,-3.0,0.0,6.0,0.0,47.3556816025
2001,1,22,13.0,2.0,0.0,7.5,0.0,66.089935082
2001,1,23,14.5,-0.5,0.0,7.0,0.0,52.2806960146
2001,1,24,17.0,-0.5,0.0,8.25,0.0,48.0463528934
2001,1,25,14.0,0.0,0.0,7.0,0.0,56.3022880157
2001,1,26,14.5,-2.5,0.0,6.0,0.0,47.3556816025
2001,1,27,10.0,0.0,4.0,5.0,0.4,69.1615758199
2001,1,28,4.5,-3.5,3.0,0.5,0.3,75.8097415999
2001,1,29,7.0,-2.0,2.0,2.5,0.2,71.3097289654
2001,1,30,8.5,-3.5,0.0,2.5,0.0,65.8243651988
2001,1,31,10.0,-5.5,0.0,2.25,0.0,55.8243889528
2001,2,1,12.0,-2.5,0.0,4.75,0.0,56.2907379743
2001,2,2,14.5,-2.5,0.0,6.0,0.0,47.3556816025
2001,2,3,18.5,-2.0,0.0,8.25,0.0,40.6546062944
2001,2,4,22.5,1.0,0.0,11.75,0.0,38.0773829333
2001,2,5,23.0,2.5,0.0,12.75,0.0,38.4105874707
2001,2,6,21.5,2.0,0.0,11.75,0.0,41.0064123897
2001,2,7,19.0,3.0,0.0,11.0,0.0,49.2351873476
2001,2,8,11.5,-2.0,6.0,4.75,0.6,60.9816328055
2001,2,9,10.0,-7.5,6.0,1.25,0.6,53.9112700979
2001,2,10,15.0,-2.5,0.0,6.25,0.0,46.5539869111
2001,2,11,16.5,-2.0,0.0,7.25,0.0,43.4938977843
2001,2,12,19.0,-1.5,0.0,8.75,0.0,39.3123059284
2001,2,13,16.5,2.5,0.0,9.5,0.0,57.7842754353
2001,2,14,11.0,0.5,0.0,5.75,0.0,70.0693198645
2001,2,15,7.5,-3.0,5.0,2.25,0.5,66.9892667433
2001,2,16,12.0,-5.5,0.0,3.25,0.0,52.051414397
2001,2,17,15.5,-0.5,0.0,7.5,0.0,54.4270053617
2001,2,18,20.0,3.0,0.0,11.5,0.0,50.6178929496
2001,2,19,20.0,0.5,0.0,10.25,0.0,42.0382214445
2001,2,20,20.5,1.5,0.0,11.0,0.0,43.0807889292
2001,2,21,20.5,-0.5,0.0,10.0,0.0,39.4538504805
2001,2,22,22.0,0.5,0.0,11.25,0.0,39.349791951
2001,2,23,15.0,1.5,0.0,8.25,0.0,59.1339727919
2001,2,24,11.0,-1.5,6.0,4.75,0.6,65.6725276366
2001,2,25,11.5,0.0,0.0,5.75,0.0,65.689987373
2001,2,26,14.0,1.5,0.0,7.75,0.0,64.9829126691
2001,2,27,13.0,1.0,0.0,7.0,0.0,64.3454720179
2001,2,28,12.0,0.0,4.0,6.0,0.4,64.5759294579
2001,3,1,13.0,-3.0,0.0,5.0,0.0,55.3292606559
2001,3,2,13.5,-1.5,0.0,6.0,0.0,55.9658055302
2001,3,3,12.0,-2.0,0.0,5.0,0.0,59.9400323773
2001,3,4,17.5,-2.5,0.0,7.5,0.0,42.7640756413
2001,3,5,18.5,4.0,0.0,11.25,0.0,54.4843273167
2001,3,6,20.5,5.0,0.0,12.75,0.0,52.1286544245
2001,3,7,15.0,2.0,11.0,8.5,1.1,65.4172802788
2001,3,8,14.5,2.0,1.0,8.25,0.1,62.8298460914
2001,3,9,17.5,1.5,0.0,9.5,0.0,50.9861253841
2001,3,10,14.0,3.0,0.0,8.5,0.0,69.0515736276
2001,3,11,10.5,0.0,0.0,5.25,0.0,67.9823619496
2001,3,12,15.0,-2.0,0.0,6.5,0.0,45.7672621834
2001,3,13,18.0,-1.0,0.0,8.5,0.0,39.977226837
2001,3,14,17.5,1.5,0.0,9.5,0.0,47.5870503585
2001,3,15,18.0,-1.0,0.0,8.5,0.0,39.977226837
2001,3,16,19.0,-0.5,0.0,9.25,0.0,38.0188467276
2001,3,17,17.0,3.0,0.0,10.0,0.0,52.605133974
2001,3,18,20.0,-1.0,0.0,9.5,0.0,33.990750256
2001,3,19,22.5,1.5,0.0,12.0,0.0,34.576903209
2001,3,20,25.5,5.0,0.0,15.25,0.0,32.6821794222
2001,3,21,26.5,5.5,0.0,16.0,0.0,33.3786588402
2001,3,22,25.0,6.0,0.0,15.5,0.0,36.7583340962
2001,3,23,24.5,4.5,0.0,14.5,0.0,34.2945343313
2001,3,24,25.5,3.5,0.0,14.5,0.0,29.3953151411
2001,3,25,26.0,5.0,0.0,15.5,0.0,32.1635423342
2001,3,26,24.0,4.5,0.0,14.25,0.0,34.8514201198
2001,3,27,22.5,5.0,0.0,13.75,0.0,38.5666072543
2001,3,28,22.0,5.0,0.0,13.5,0.0,41.8092508622
2001,3,29,23.5,6.0,0.0,14.75,0.0,38.5685617125
2001,3,30,23.0,9.0,0.0,16.0,0.0,48.955366299
2001,3,31,24.5,4.5,0.0,14.5,0.0,34.2945343313
2001,4,1,25.5,6.0,0.0,15.75,0.0,33.9150132195
2001,4,2,23.5,8.0,0.0,15.75,0.0,42.9590167447
2001,4,3,23.5,7.5,0.0,15.5,0.0,41.3531258582
2001,4,4,24.0,7.5,0.0,15.75,0.0,40.6980158634
2001,4,5,20.0,8.5,0.0,14.25,0.0,57.2559044825
2001,4,6,12.5,2.5,24.0,7.5,2.4,69.9775783222
2001,4,7,19.0,0.0,0.0,9.5,0.0,40.7889003072
2001,4,8,18.5,3.0,0.0,10.75,0.0,46.9262668347
2001,4,9,20.5,2.0,0.0,11.25,0.0,39.349791951
2001,4,10,13.5,0.5,2.0,7.0,0.2,52.2806960146
2001,4,11,14.5,-2.5,0.0,6.0,0.0,38.7455576747
2001,4,12,17.0,-0.5,0.0,8.25,0.0,36.9587329949
2001,4,13,24.0,0.0,0.0,12.0,0.0,23.051268806
2001,4,14,24.5,3.0,0.0,13.75,0.0,25.7110715029
2001,4,15,26.5,3.5,0.0,15.0,0.0,23.7215012955
2001,4,16,29.0,5.0,0.0,17.0,0.0,20.8835610156
2001,4,17,29.5,7.0,0.0,18.25,0.0,21.2323062182
2001,4,18,30.0,12.0,0.0,21.0,0.0,27.6590286016
2001,4,19,29.0,12.5,0.0,20.75,0.0,31.3928781977
2001,4,20,25.5,12.5,0.0,19.0,0.0,42.3596950783
2001,4,21,22.5,6.0,0.0,14.25,0.0,32.3620329683
2001,4,22,18.5,0.5,9.0,9.5,0.9,37.3898252816
2001,4,23,22.0,1.0,0.0,11.5,0.0,26.7977080321
2001,4,24,27.5,7.5,0.0,17.5,0.0,26.304652004
2001,4,25,29.0,12.5,0.0,20.75,0.0,33.0451349449
2001,4,26,29.5,11.0,0.0,20.25,0.0,28.9694157845
2001,4,27,28.5,11.5,0.0,20.0,0.0,32.8827571127
2001,4,28,29.0,8.5,0.0,18.75,0.0,24.3192324759
2001,4,29,28.5,7.5,0.0,18.0,0.0,21.568188883
2001,4,30,30.0,6.5,0.0,18.25,0.0,17.3718869058
2001,5,1,30.5,9.0,0.0,19.75,0.0,21.0926507407
2001,5,2,28.5,9.0,0.0,18.75,0.0,24.3192324759
2001,5,3,24.5,8.5,0.0,16.5,0.0,32.3339332692
2001,5,4,20.5,6.5,0.0,13.5,0.0,39.1961726834
2001,5,5,23.0,4.0,0.0,13.5,0.0,26.1307817889
2001,5,6,27.5,6.0,0.0,16.75,0.0,21.2168047494
2001,5,7,31.5,8.0,0.0,19.75,0.0,17.5772089506
2001,5,8,33.0,11.5,0.0,22.25,0.0,19.5908655024
2001,5,9,33.5,13.5,0.0,23.5,0.0,22.3477142751
2001,5,10,32.5,12.5,0.0,22.5,0.0,19.2944259226
2001,5,11,34.0,12.0,0.0,23.0,0.0,18.7163817193
2001,5,12,32.0,15.5,2.0,23.75,0.2,23.3881558241
2001,5,13,29.0,14.0,5.0,21.5,0.5,39.4441878996
2001,5,14,29.5,13.5,0.0,21.5,0.0,28.3998152877
2001,5,15,30.5,10.0,0.0,20.25,0.0,18.7449160958
2001,5,16,32.0,9.5,0.0,20.75,0.0,18.1748242197
2001,5,17,32.5,10.5,0.0,21.5,0.0,18.9332101918
2001,5,18,31.0,12.5,0.0,21.75,0.0,20.19904539
2001,5,19,26.5,12.5,6.0,19.5,0.6,41.060530549
2001,5,20,27.5,13.0,0.0,20.25,0.0,32.3775823473
2001,5,21,31.5,12.5,0.0,22.0,0.0,21.4225562335
2001,5,22,33.0,12.5,0.0,22.75,0.0,19.0029617598
2001,5,23,34.5,12.5,0.0,23.5,0.0,18.1575178485
2001,5,24,35.5,14.0,0.0,24.75,0.0,19.4305143586
2001,5,25,35.0,14.5,0.0,24.75,0.0,19.4305143586
2001,5,26,35.0,13.0,0.0,24.0,0.0,18.9723040844
2001,5,27,35.0,13.5,0.0,24.25,0.0,18.6885706537
2001,5,28,32.0,12.0,0.0,22.0,0.0,19.8923736454
2001,5,29,32.0,10.0,0.0,21.0,0.0,17.8970185069
2001,5,30,34.5,12.0,0.0,23.25,0.0,18.4345963185
2001,5,31,36.0,15.0,0.0,25.5,0.0,19.8158408408
2001,6,1,35.5,14.5,0.0,25.0,0.0,19.1413788551
2001,6,2,33.5,14.5,0.0,24.0,0.0,20.3274686619
2001,6,3,32.0,13.5,0.0,22.75,0.0,20.464728049
2001,6,4,31.0,11.5,0.0,21.25,0.0,19.2260949658
2001,6,5,32.5,10.0,0.0,21.25,0.0,17.6239203853
2001,6,6,35.0,11.0,0.0,23.0,0.0,17.2766600486
2001,6,7,36.5,13.5,0.0,25.0,0.0,17.8652869314
2001,6,8,37.5,14.5,0.0,26.0,0.0,18.0317462584
2001,6,9,36.5,17.0,0.0,26.75,0.0,20.6957429578
2001,6,10,36.5,15.5,0.0,26.0,0.0,19.2338626756
2001,6,11,36.0,15.5,0.0,25.75,0.0,19.5224397615
2001,6,12,33.5,16.0,0.0,24.75,0.0,22.0212496064
2001,6,13,31.0,13.5,0.0,22.25,0.0,21.0978551564
2001,6,14,30.5,12.0,0.0,21.25,0.0,20.8282695462
2001,6,15,34.5,11.0,0.0,22.75,0.0,17.5411954706
2001,6,16,37.5,14.0,0.0,25.75,0.0,18.3022872764
2001,6,17,37.5,17.0,0.0,27.25,0.0,20.0929029228
2001,6,18,36.5,16.5,0.0,26.5,0.0,21.004689422
2001,6,19,36.0,19.5,0.0,27.75,0.0,23.8449937893
2001,6,20,35.5,19.5,2.0,27.5,0.2,24.1985707057
2001,6,21,34.5,16.5,12.0,25.5,1.2,22.2928209459
2001,6,22,35.0,17.0,6.0,26.0,0.6,28.8507940134
2001,6,23,34.5,17.5,0.0,26.0,0.0,24.0423283445
2001,6,24,34.5,17.5,0.0,26.0,0.0,24.0423283445
2001,6,25,32.0,18.5,3.0,25.25,0.3,45.2568474507
2001,6,26,31.5,15.0,0.0,23.25,0.0,26.9428715424
2001,6,27,33.5,16.0,0.0,24.75,0.0,24.6119848542
2001,6,28,36.5,17.0,0.0,26.75,0.0,20.6957429578
2001,6,29,37.5,17.5,0.0,27.5,0.0,20.8987656095
2001,6,30,37.5,19.5,0.0,28.5,0.0,22.8183016204
2001,7,1,36.5,21.0,0.0,28.75,0.0,29.6420645725
2001,7,2,38.5,18.5,0.0,28.5,0.0,20.743910564
2001,7,3,35.0,20.5,0.0,27.75,0.0,31.4320372677
2001,7,4,35.0,19.0,0.0,27.0,0.0,27.1891256157
2001,7,5,33.5,18.0,7.0,25.75,0.7,39.044879523
2001,7,6,28.5,17.0,8.0,22.75,0.8,42.3912223873
2001,7,7,28.5,18.0,3.0,23.25,0.3,52.4676972142
2001,7,8,29.0,16.0,14.0,22.5,1.4,43.0414116736
2001,7,9,30.5,17.5,0.0,24.0,0.0,39.2997727463
2001,7,10,31.0,16.0,0.0,23.5,0.0,30.7281071282
2001,7,11,32.5,16.5,0.0,24.5,0.0,28.929287676
2001,7,12,33.5,18.0,0.0,25.75,0.0,29.2836596423
2001,7,13,34.5,20.0,0.0,27.25,0.0,32.3718991535
2001,7,14,34.5,20.0,0.0,27.25,0.0,32.3718991535
2001,7,15,32.5,18.0,0.0,25.25,0.0,32.6855009366
2001,7,16,33.5,17.0,3.0,25.25,0.3,36.4569048909
2001,7,17,30.0,18.0,12.0,24.0,1.2,52.8514185209
2001,7,18,31.0,17.5,0.0,24.25,0.0,41.381835019
2001,7,19,33.0,17.0,0.0,25.0,0.0,33.1783900155
2001,7,20,30.5,18.5,0.0,24.5,0.0,46.0238667573
2001,7,21,30.0,19.0,0.0,24.5,0.0,49.9687696222
2001,7,22,32.5,19.5,0.0,26.0,0.0,38.4677253511
2001,7,23,33.0,20.0,0.0,26.5,0.0,38.5085972737
2001,7,24,34.5,17.5,0.0,26.0,0.0,27.6486775961
2001,7,25,33.0,18.5,4.0,25.75,0.4,43.9254894634
2001,7,26,31.5,17.5,0.0,24.5,0.0,36.8190934058
2001,7,27,33.0,19.0,0.0,26.0,0.0,37.2656089339
2001,7,28,34.0,18.5,0.0,26.25,0.0,33.1625399
2001,7,29,30.0,18.5,9.0,24.25,0.9,56.0657119612
2001,7,30,31.0,17.5,0.0,24.25,0.0,41.381835019
2001,7,31,29.5,17.5,0.0,23.5,0.0,46.0921606923
2001,8,1,31.0,17.0,0.0,24.0,0.0,39.2997727463
2001,8,2,34.0,17.5,4.0,25.75,0.4,42.7053369783
2001,8,3,34.0,19.0,0.0,26.5,0.0,38.5085972737
2001,8,4,34.0,18.0,0.0,26.0,0.0,36.0634925167
2001,8,5,33.0,17.5,0.0,25.25,0.0,37.7140395423
2001,8,6,35.5,17.5,0.0,26.5,0.0,32.6739613231
2001,8,7,35.5,18.0,0.0,26.75,0.0,33.343141432
2001,8,8,29.5,19.0,0.0,24.25,0.0,56.0657119612
2001,8,9,28.5,18.0,0.0,23.25,0.0,55.3037889555
2001,8,10,30.5,17.5,0.0,24.0,0.0,46.0755956336
2001,8,11,32.0,18.5,12.0,25.25,1.2,52.7996553592
2001,8,12,32.0,16.5,10.0,24.25,1.0,49.391222442
2001,8,13,32.5,18.0,11.0,25.25,1.1,55.313924662
2001,8,14,30.0,17.5,13.0,23.75,1.3,63.2855981122
2001,8,15,31.5,18.5,7.0,25.0,0.7,65.0806881074
2001,8,16,32.5,18.0,0.0,25.25,0.0,54.0567900106
2001,8,17,32.5,17.0,7.0,24.75,0.7,58.2915430758
2001,8,18,32.0,18.0,0.0,25.0,0.0,56.1480446416
2001,8,19,33.0,17.5,0.0,25.25,0.0,51.5425207078
2001,8,20,32.0,17.0,0.0,24.5,0.0,52.5987048654
2001,8,21,33.0,17.0,0.0,25.0,0.0,51.0436769469
2001,8,22,33.0,15.5,0.0,24.25,0.0,46.7214266343
2001,8,23,34.0,14.5,0.0,24.25,0.0,42.7167329228
2001,8,24,36.5,15.5,0.0,26.0,0.0,40.8719581856
2001,8,25,37.0,16.0,0.0,26.5,0.0,40.8424516539
2001,8,26,37.5,17.5,0.0,27.5,0.0,42.8974662511
2001,8,27,37.5,17.5,0.0,27.5,0.0,42.8974662511
2001,8,28,36.5,19.0,0.0,27.75,0.0,48.7738509326
2001,8,29,33.5,16.0,9.0,24.75,0.9,55.700807828
2001,8,30,30.0,15.5,20.0,22.75,2.0,64.3177167255
2001,8,31,31.5,15.5,0.0,23.5,0.0,57.2660178298
2001,9,1,31.5,14.0,0.0,22.75,0.0,54.085352701
2001,9,2,32.5,16.0,0.0,24.25,0.0,56.0657119612
2001,9,3,34.0,15.5,0.0,24.75,0.0,51.8147049562
2001,9,4,35.5,15.5,0.0,25.5,0.0,48.3011120495
2001,9,5,35.0,16.5,0.0,25.75,0.0,52.4665568591
2001,9,6,33.5,16.5,0.0,25.0,0.0,56.1480446416
2001,9,7,32.0,15.0,0.0,23.5,0.0,55.8692856876
2001,9,8,31.5,13.5,0.0,22.5,0.0,53.4307179396
2001,9,9,32.5,12.0,0.0,22.25,0.0,48.223668929
2001,9,10,33.0,16.0,0.0,24.5,0.0,56.5436077304
2001,9,11,32.5,16.0,0.0,24.25,0.0,58.7355077689
2001,9,12,33.0,18.0,0.0,25.5,0.0,63.1629926801
2001,9,13,28.5,17.5,9.0,23.0,0.9,71.9860835357
2001,9,14,26.5,18.0,18.0,22.25,1.8,78.3634620096
2001,9,15,30.5,18.0,0.0,24.25,0.0,69.4146909996
2001,9,16,31.0,17.0,20.0,24.0,2.0,65.047899718
2001,9,17,31.5,16.0,0.0,23.75,0.0,61.9098242402
2001,9,18,32.0,14.5,0.0,23.25,0.0,58.1398806968
2001,9,19,33.0,14.0,0.0,23.5,0.0,55.8692856876
2001,9,20,33.0,14.5,0.0,23.75,0.0,56.4067287521
2001,9,21,33.5,14.0,0.0,23.75,0.0,55.0309548801
2001,9,22,34.0,13.5,0.0,23.75,0.0,52.2794071361
2001,9,23,34.0,13.0,0.0,23.5,0.0,51.6790892611
2001,9,24,30.0,15.5,0.0,22.75,0.0,64.3177167255
2001,9,25,30.5,14.0,0.0,22.25,0.0,60.2795861613
2001,9,26,30.0,12.0,0.0,21.0,0.0,56.9450588856
2001,9,27,32.5,12.0,0.0,22.25,0.0,52.7446378911
2001,9,28,33.0,13.0,0.0,23.0,0.0,53.2697018164
2001,9,29,32.0,14.0,0.0,23.0,0.0,57.5888668285
2001,9,30,27.0,13.0,0.0,20.0,0.0,64.0348427983
2001,10,1,23.0,13.5,2.0,18.25,0.2,75.278176592
2001,10,2,26.0,12.5,0.0,19.25,0.0,65.2766065802
2001,10,3,27.0,13.0,0.0,20.0,0.0,64.0348427983
2001,10,4,26.5,11.5,8.0,19.0,0.8,62.618679681
2001,10,5,27.5,11.5,0.0,19.5,0.0,60.6981755942
2001,10,6,26.5,10.5,5.0,18.5,0.5,60.8064494492
2001,10,7,25.5,11.0,7.0,18.25,0.7,63.6969186547
2001,10,8,22.0,9.5,9.0,15.75,0.9,67.8300264389
2001,10,9,23.0,8.0,4.0,15.5,0.4,62.0296887873
2001,10,10,23.5,8.0,0.0,15.75,0.0,61.047023795
2001,10,11,25.5,6.0,0.0,15.75,0.0,52.0030202699
2001,10,12,24.0,6.5,0.0,15.25,0.0,56.0265932953
2001,10,13,26.0,3.5,0.0,14.75,0.0,48.2107021407
2001,10,14,28.5,6.0,0.0,17.25,0.0,47.2790575982
2001,10,15,29.0,6.5,0.0,17.75,0.0,47.803584854
2001,10,16,28.0,10.0,0.0,19.0,0.0,57.0935020621
2001,10,17,30.5,10.5,0.0,20.5,0.0,53.6943315986
2001,10,18,29.0,8.0,0.0,18.5,0.0,51.3054417228
2001,10,19,30.5,7.5,0.0,19.0,0.0,47.8848726972
2001,10,20,30.0,9.0,0.0,19.5,0.0,51.7719733009
2001,10,21,29.5,7.5,0.0,18.5,0.0,49.4052401775
2001,10,22,27.0,10.5,0.0,18.75,0.0,59.8627260945
2001,10,23,26.0,8.0,0.0,17.0,0.0,56.3856147422
2001,10,24,27.0,7.5,0.0,17.25,0.0,53.445891198
2001,10,25,28.5,7.0,0.0,17.75,0.0,49.7954008896
2001,10,26,30.0,11.0,0.0,20.5,0.0,55.3722794611
2001,10,27,29.0,13.5,0.0,21.25,0.0,62.4848086387
2001,10,28,29.0,11.5,0.0,20.25,0.0,57.9388315689
2001,10,29,30.0,10.0,0.0,20.0,0.0,53.6508142364
2001,10,30,30.5,10.0,0.0,20.25,0.0,52.8265817246
2001,10,31,28.0,10.5,0.0,19.25,0.0,58.0236502935
2001,11,1,25.0,9.0,0.0,17.0,0.0,60.5623269453
2001,11,2,25.5,7.0,0.0,16.25,0.0,54.752819943
2001,11,3,27.5,8.0,0.0,17.75,0.0,53.7790329607
2001,11,4,26.0,15.5,0.0,20.75,0.0,72.6992968788
2001,11,5,22.0,12.5,2.0,17.25,0.2,74.0020031972
2001,11,6,23.0,10.0,3.0,16.5,0.3,66.8234620897
2001,11,7,24.0,7.0,0.0,15.5,0.0,57.4348970253
2001,11,8,24.5,6.0,0.0,15.25,0.0,53.692151908
2001,11,9,21.5,10.0,0.0,15.75,0.0,70.0910273202
2001,11,10,24.5,11.0,0.0,17.75,0.0,65.7299291742
2001,11,11,25.5,7.0,0.0,16.25,0.0,54.752819943
2001,11,12,26.0,5.5,0.0,15.75,0.0,52.0030202699
2001,11,13,21.0,6.0,0.0,13.5,0.0,60.1007981145
2001,11,14,17.5,1.5,0.0,9.5,0.0,57.7842754353
2001,11,15,19.0,2.5,0.0,10.75,0.0,56.3115202017
2001,11,16,21.5,2.5,0.0,12.0,0.0,51.8653548135
2001,11,17,22.5,4.5,0.0,13.5,0.0,54.8746417567
2001,11,18,23.0,4.5,0.0,13.75,0.0,53.993250156
2001,11,19,23.0,5.0,0.0,14.0,0.0,55.657395695
2001,11,20,19.5,6.0,0.0,12.75,0.0,63.1031079876
2001,11,21,20.5,3.0,0.0,11.75,0.0,55.6515596718
2001,11,22,20.5,3.5,0.0,12.0,0.0,57.628172015
2001,11,23,18.5,6.0,0.0,12.25,0.0,65.1967986897
2001,11,24,19.0,-2.0,0.0,8.5,0.0,47.2458135347
2001,11,25,16.5,3.0,0.0,9.75,0.0,63.5157837063
2001,11,26,13.5,1.5,0.0,7.5,0.0,66.089935082
2001,11,27,10.0,-5.5,0.0,2.25,0.0,55.8243889528
2001,11,28,8.0,-6.5,0.0,0.75,0.0,55.856018199
2001,11,29,11.0,-3.0,0.0,4.0,0.0,59.2876452659
2001,11,30,14.0,-0.5,0.0,6.75,0.0,61.3570951366
2001,12,1,17.0,-1.5,0.0,7.75,0.0,49.6928155705
2001,12,2,21.0,0.0,0.0,10.5,0.0,44.5281406674
2001,12,3,21.5,1.0,0.0,11.25,0.0,45.4036060973
2001,12,4,16.0,-1.5,6.0,7.25,0.6,55.3558699072
2001,12,5,14.5,-4.5,0.0,5.0,0.0,50.7184889346
2001,12,6,18.0,-4.5,0.0,6.75,0.0,44.9952031002
2001,12,7,18.5,-3.5,0.0,7.5,0.0,46.6517188814
2001,12,8,13.0,-2.5,0.0,5.25,0.0,58.918047023
2001,12,9,14.5,-2.0,0.0,6.25,0.0,55.0183481677
2001,12,10,14.5,-2.5,0.0,6.0,0.0,55.9658055302
2001,12,11,8.5,-1.5,6.0,3.5,0.6,71.6138559669
2001,12,12,4.0,-2.0,8.0,1.0,0.8,79.2626503402
2001,12,13,7.0,-6.0,0.0,0.5,0.0,63.1747846666
2001,12,14,12.0,-5.5,0.0,3.25,0.0,52.051414397
2001,12,15,8.0,-2.5,6.0,2.75,0.6,70.0719261213
2001,12,16,8.0,-4.5,0.0,1.75,0.0,63.6055988412
2001,12,17,15.0,-4.0,0.0,5.5,0.0,44.5502113353
2001,12,18,16.5,-2.5,0.0,7.0,0.0,44.2375120123
2001,12,19,18.5,-1.0,0.0,8.75,0.0,42.8861519218
2001,12,20,19.5,0.5,0.0,10.0,0.0,46.0294922273
2001,12,21,13.5,-1.0,0.0,6.25,0.0,59.250528796
2001,12,22,11.5,-4.5,0.0,3.5,0.0,56.2680296883
2001,12,23,13.5,-5.5,0.0,4.0,0.0,44.4657339494
2001,12,24,12.5,-4.5,0.0,4.0,0.0,49.4063710549
2001,12,25,13.5,-5.0,0.0,4.25,0.0,48.5579481624
2001,12,26,16.0,-5.0,0.0,5.5,0.0,40.0951902017
2001,12,27,15.5,-4.0,0.0,5.75,0.0,43.7933249153
2001,12,28,17.0,-3.0,0.0,7.0,0.0,44.2375120123
2001,12,29,17.5,2.5,0.0,10.0,0.0,55.8929548474
2001,12,30,16.5,2.5,0.0,9.5,0.0,61.1833504609
2001,12,31,15.0,1.0,0.0,8.0,0.0,60.1377446235
2002,1,1,14.0,-0.5,0.0,6.75,0.0,44.9952031002
2002,1,2,13.0,-1.5,0.0,5.75,0.0,48.1726574069
2002,1,3,14.0,-0.5,0.0,6.75,0.0,44.9952031002
2002,1,4,12.5,-2.0,0.0,5.25,0.0,45.321574633
2002,1,5,14.0,-4.5,0.0,4.75,0.0,37.5271586495
2002,1,6,17.5,-2.5,0.0,7.5,0.0,31.101145921
2002,1,7,20.0,0.0,0.0,10.0,0.0,29.5903878604
2002,1,8,23.5,2.0,0.0,12.75,0.0,27.4361339077
2002,1,9,21.0,2.5,0.0,11.75,0.0,32.2193240205
2002,1,10,18.0,2.5,0.0,10.25,0.0,42.0382214445
2002,1,11,15.0,2.0,0.0,8.5,0.0,50.8801068835
2002,1,12,18.5,-1.0,0.0,8.75,0.0,32.1646139414
2002,1,13,19.5,-1.5,0.0,9.0,0.0,28.1160683363
2002,1,14,20.5,-2.5,0.0,9.0,0.0,24.6015597943
2002,1,15,18.0,0.5,0.0,9.25,0.0,34.5625879342
2002,1,16,14.5,5.0,0.0,9.75,0.0,63.5157837063
2002,1,17,15.5,3.5,0.0,9.5,0.0,50.9861253841
2002,1,18,14.0,0.0,0.0,7.0,0.0,44.2375120123
2002,1,19,15.0,-5.0,0.0,5.0,0.0,32.2754020493
2002,1,20,13.0,-4.0,0.0,4.5,0.0,38.1804673294
2002,1,21,18.0,-4.5,0.0,6.75,0.0,24.5428380546
2002,1,22,17.5,-3.5,0.0,7.0,0.0,28.1511440078
2002,1,23,12.0,-3.5,0.0,4.25,0.0,38.8463585299
2002,1,24,11.0,-6.5,0.0,2.25,0.0,33.4946333717
2002,1,25,14.0,-3.5,0.0,5.25,0.0,36.2572597064
2002,1,26,18.5,-2.5,0.0,8.0,0.0,26.3102632728
2002,1,27,19.5,1.5,0.0,10.5,0.0,31.8058147624
2002,1,28,16.0,4.5,0.0,10.25,0.0,51.7393494702
2002,1,29,11.5,3.5,0.0,7.5,0.0,69.9775783222
2002,1,30,8.5,-3.0,4.0,2.75,0.4,59.2916297949
2002,1,31,8.0,-9.5,0.0,-0.75,0.0,41.4466205302
2002,2,1,12.0,-6.0,0.0,3.0,0.0,37.0772734119
2002,2,2,11.0,2.5,0.0,6.75,0.0,69.5380411548
2002,2,3,10.5,3.0,0.0,6.75,0.0,73.6285141639
2002,2,4,11.0,5.0,6.0,8.0,0.6,82.6893988573
2002,2,5,13.5,2.0,0.0,7.75,0.0,53.5153398451
2002,2,6,15.5,-3.5,0.0,6.0,0.0,34.4404957109
2002,2,7,18.0,-2.5,0.0,7.75,0.0,30.5801941972
2002,2,8,19.5,-1.0,0.0,9.25,0.0,27.6500703474
2002,2,9,17.0,-2.0,0.0,7.5,0.0,31.101145921
2002,2,10,12.0,-1.5,0.0,5.25,0.0,45.321574633
2002,2,11,15.0,-1.0,0.0,7.0,0.0,40.2159200112
2002,2,12,21.0,-2.0,0.0,9.5,0.0,23.7935251792
2002,2,13,20.0,-1.5,0.0,9.25,0.0,27.6500703474
2002,2,14,20.5,1.5,0.0,11.0,0.0,30.7719920923
2002,2,15,20.5,1.5,0.0,11.0,0.0,30.7719920923
2002,2,16,21.5,5.0,0.0,13.25,0.0,34.5255230005
2002,2,17,21.5,5.0,0.0,13.25,0.0,34.5255230005
2002,2,18,16.0,3.0,0.0,9.5,0.0,44.1879753329
2002,2,19,14.5,-3.5,0.0,5.5,0.0,31.1851479347
2002,2,20,19.0,-1.5,0.0,8.75,0.0,25.0169219544
2002,2,21,20.5,0.5,0.0,10.5,0.0,25.4446518099
2002,2,22,22.0,2.0,0.0,12.0,0.0,25.9326774068
2002,2,23,25.5,2.0,0.0,13.75,0.0,20.5688572023
2002,2,24,24.0,4.0,0.0,14.0,0.0,25.298816225
2002,2,25,23.0,0.0,0.0,11.5,0.0,20.8426618028
2002,2,26,23.0,0.5,0.0,11.75,0.0,20.5032061949
2002,2,27,21.5,0.5,0.0,11.0,0.0,24.6175936738
2002,2,28,21.0,4.0,0.0,12.5,0.0,30.6758886978
2002,3,1,18.5,2.5,0.0,10.5,0.0,31.8058147624
2002,3,2,13.5,-3.5,0.0,5.0,0.0,32.2754020493
2002,3,3,11.0,-7.5,0.0,1.75,0.0,28.9116358369
2002,3,4,16.5,-4.5,0.0,6.0,0.0,17.2202478554
2002,3,5,20.0,-3.5,0.0,8.25,0.0,14.783493198
2002,3,6,21.5,-1.5,0.0,10.0,0.0,16.4391043669
2002,3,7,20.5,3.0,0.0,11.75,0.0,20.5032061949
2002,3,8,17.5,4.0,6.0,10.75,0.6,37.5410134678
2002,3,9,22.5,1.0,0.0,11.75,0.0,17.5741767385
2002,3,10,25.0,4.0,0.0,14.5,0.0,17.1472671656
2002,3,11,24.0,3.5,0.0,13.75,0.0,17.997750052
2002,3,12,25.0,2.5,0.0,13.75,0.0,15.4266429017
2002,3,13,25.5,4.5,0.0,15.0,0.0,18.9772010364
2002,3,14,21.5,4.0,0.0,12.75,0.0,19.2052937354
2002,3,15,16.5,-2.5,0.0,7.0,0.0,20.1079600056
2002,3,16,13.5,-4.0,0.0,4.75,0.0,23.4544741559
2002,3,17,16.5,-2.5,0.0,7.0,0.0,20.1079600056
2002,3,18,15.5,-0.5,0.0,7.5,0.0,19.4382162006
2002,3,19,16.5,-1.5,0.0,7.5,0.0,19.4382162006
2002,3,20,23.0,-0.5,0.0,11.25,0.0,15.1345353658
2002,3,21,26.0,4.5,0.0,15.25,0.0,18.6755310984
2002,3,22,27.0,6.5,0.0,16.75,0.0,19.0951242745
2002,3,23,24.5,5.0,0.0,14.75,0.0,19.2842808563
2002,3,24,21.0,5.0,0.0,13.0,0.0,21.5945285428
2002,3,25,19.5,-0.5,0.0,9.5,0.0,16.995375128
2002,3,26,24.0,1.5,0.0,12.75,0.0,16.4616803446
2002,3,27,25.5,4.0,0.0,14.75,0.0,16.8737457492
2002,3,28,26.0,7.0,0.0,16.5,0.0,19.4003599615
2002,3,29,21.0,4.5,0.0,12.75,0.0,21.9489071261
2002,3,30,24.0,5.0,0.0,14.5,0.0,19.5968767607
2002,3,31,27.5,6.0,0.0,16.75,0.0,16.9734437995
2002,4,1,28.0,7.5,0.0,17.75,0.0,17.9263443202
2002,4,2,28.0,7.5,0.0,17.75,0.0,17.9263443202
2002,4,3,28.0,7.5,0.0,17.75,0.0,17.9263443202
2002,4,4,28.0,7.5,0.0,17.75,0.0,17.9263443202
2002,4,5,28.0,9.0,0.0,18.5,0.0,19.0020154529
2002,4,6,25.5,8.0,0.0,16.75,0.0,21.2168047494
2002,4,7,20.5,5.5,0.0,13.0,0.0,21.5945285428
2002,4,8,24.0,5.0,0.0,14.5,0.0,19.5968767607
2002,4,9,26.5,6.5,0.0,16.5,0.0,19.4003599615
2002,4,10,28.5,8.5,0.0,18.5,0.0,19.0020154529
2002,4,11,29.5,8.5,0.0,19.0,0.0,18.4172587297
2002,4,12,30.0,10.0,0.0,20.0,0.0,19.0373856968
2002,4,13,30.5,10.0,0.0,20.25,0.0,18.7449160958
2002,4,14,31.5,10.5,0.0,21.0,0.0,19.5240201893
2002,4,15,28.5,13.0,0.0,20.75,0.0,23.1315944614
2002,4,16,24.5,9.5,0.0,17.0,0.0,22.9719171172
2002,4,17,25.0,8.5,0.0,16.75,0.0,21.2168047494
2002,4,18,26.0,8.0,0.0,17.0,0.0,20.8835610156
2002,4,19,26.5,7.0,0.0,16.75,0.0,19.0951242745
2002,4,20,22.5,6.5,0.0,14.5,0.0,22.0464863558
2002,4,21,25.5,1.0,0.0,13.25,0.0,15.9348567695
2002,4,22,29.5,4.5,0.0,17.0,0.0,16.7068488125
2002,4,23,30.0,7.5,0.0,18.75,0.0,16.8363917141
2002,4,24,30.0,11.0,0.0,20.5,0.0,20.1353743495
2002,4,25,29.0,14.5,0.0,21.75,0.0,23.3065908346
2002,4,26,26.5,10.0,0.0,18.25,0.0,21.2323062182
2002,4,27,24.5,4.0,0.0,14.25,0.0,17.4257100599
2002,4,28,28.0,6.0,0.0,17.0,0.0,16.7068488125
2002,4,29,29.0,12.0,0.0,20.5,0.0,21.8133222119
2002,4,30,29.5,12.0,0.0,20.75,0.0,21.4793377142
2002,5,1,26.0,9.5,0.0,17.75,0.0,21.9099763914
2002,5,2,22.5,6.5,0.0,14.5,0.0,22.0464863558
2002,5,3,26.0,3.5,0.0,14.75,0.0,16.8737457492
2002,5,4,29.0,5.5,0.0,17.25,0.0,16.4448895994
2002,5,5,29.5,7.5,0.0,18.5,0.0,17.1018139076
2002,5,6,30.0,7.5,0.0,18.75,0.0,16.8363917141
2002,5,7,29.0,7.0,0.0,18.0,0.0,17.6466999951
2002,5,8,28.5,8.5,0.0,18.5,0.0,19.0020154529
2002,5,9,30.5,8.5,0.0,19.5,0.0,17.8524045865
2002,5,10,31.0,10.0,0.0,20.5,0.0,18.457426487
2002,5,11,30.5,10.5,0.0,20.5,0.0,20.1353743495
2002,5,12,30.5,7.5,0.0,19.0,0.0,16.5755328567
2002,5,13,32.0,11.0,0.0,21.5,0.0,18.9332101918
2002,5,14,33.0,15.0,0.0,24.0,0.0,21.6826332393
2002,5,15,32.5,13.0,0.0,22.75,0.0,20.464728049
2002,5,16,32.0,11.0,0.0,21.5,0.0,18.9332101918
2002,5,17,33.0,9.5,0.0,21.25,0.0,17.6239203853
2002,5,18,33.5,10.5,0.0,22.0,0.0,18.3621910573
2002,5,19,32.5,13.0,0.0,22.75,0.0,20.464728049
2002,5,20,31.5,11.0,0.0,21.25,0.0,19.2260949658
2002,5,21,27.5,10.5,0.0,19.0,0.0,22.1007104756
2002,5,22,26.5,5.5,0.0,16.0,0.0,17.8019513815
2002,5,23,28.0,7.0,0.0,17.5,0.0,18.2109129259
2002,5,24,30.0,9.0,0.0,19.5,0.0,17.8524045865
2002,5,25,31.5,10.0,0.0,20.75,0.0,18.1748242197
2002,5,26,30.0,11.0,0.0,20.5,0.0,20.1353743495
2002,5,27,30.0,11.0,0.0,20.5,0.0,20.1353743495
2002,5,28,32.0,10.5,0.0,21.25,0.0,19.2260949658
2002,5,29,35.5,12.5,0.0,24.0,0.0,17.617139507
2002,5,30,38.0,15.0,0.0,26.5,0.0,18.6708350418
2002,5,31,39.0,16.0,0.0,27.5,0.0,18.6988955454
2002,6,1,37.0,17.5,0.0,27.25,0.0,21.2091753074
2002,6,2,35.0,16.0,0.0,25.5,0.0,21.0543308934
2002,6,3,32.0,14.5,0.0,23.25,0.0,21.2706880598
2002,6,4,31.0,11.5,0.0,21.25,0.0,19.2260949658
2002,6,5,33.0,13.0,0.0,23.0,0.0,20.15610339
2002,6,6,35.0,14.5,0.0,24.75,0.0,19.4305143586
2002,6,7,36.0,18.5,0.0,27.25,0.0,22.325447692
2002,6,8,36.0,16.5,0.0,26.25,0.0,21.31877565
2002,6,9,35.0,17.5,0.0,26.25,0.0,22.503152075
2002,6,10,34.5,14.5,0.0,24.5,0.0,19.7245143245
2002,6,11,34.5,14.0,0.0,24.25,0.0,20.0234685576
2002,6,12,35.5,16.5,0.0,26.0,0.0,21.63809551
2002,6,13,37.0,16.5,0.0,26.75,0.0,20.6957429578
2002,6,14,38.0,18.0,0.0,28.0,0.0,21.3610524254
2002,6,15,37.5,19.0,0.0,28.25,0.0,22.1024621075
2002,6,16,37.0,18.5,0.0,27.75,0.0,21.6772670812
2002,6,17,38.0,18.0,0.0,28.0,0.0,21.3610524254
2002,6,18,38.0,16.5,0.0,27.25,0.0,20.0929029228
2002,6,19,38.0,16.5,0.0,27.25,0.0,20.0929029228
2002,6,20,38.0,17.5,0.0,27.75,0.0,20.5934037271
2002,6,21,38.0,18.0,0.0,28.0,0.0,21.3610524254
2002,6,22,38.0,17.0,0.0,27.5,0.0,19.7988305774
2002,6,23,38.5,16.0,0.0,27.25,0.0,18.9766305382
2002,6,24,38.5,16.5,0.0,27.5,0.0,19.7988305774
2002,6,25,39.5,18.5,0.0,29.0,0.0,20.1465541644
2002,6,26,39.0,20.5,0.0,29.75,0.0,22.1790236468
2002,6,27,38.5,19.0,0.0,28.75,0.0,21.4649433111
2002,6,28,38.0,18.0,0.0,28.0,0.0,21.3610524254
2002,6,29,38.0,19.0,0.0,28.5,0.0,21.7811060922
2002,6,30,37.5,19.0,0.0,28.25,0.0,22.1024621075
2002,7,1,38.0,20.5,0.0,29.25,0.0,22.8333394219
2002,7,2,38.5,21.5,0.0,30.0,0.0,23.7605626095
2002,7,3,38.0,21.0,0.0,29.5,0.0,23.4819476865
2002,7,4,36.0,18.5,0.0,27.25,0.0,22.325447692
2002,7,5,35.5,16.0,0.0,25.75,0.0,20.7425922466
2002,7,6,37.0,17.0,0.0,27.0,0.0,20.3918442118
2002,7,7,38.0,16.5,0.0,27.25,0.0,20.0929029228
2002,7,8,36.5,22.0,0.0,29.25,0.0,24.8188471977
2002,7,9,35.0,20.5,3.0,27.75,0.3,24.9288571433
2002,7,10,36.5,18.5,0.0,27.5,0.0,21.9987006416
2002,7,11,37.0,19.5,0.0,28.25,0.0,23.1549603031
2002,7,12,37.0,19.5,0.0,28.25,0.0,23.1549603031
2002,7,13,38.5,18.5,0.0,28.5,0.0,20.743910564
2002,7,14,36.5,19.5,0.0,28.0,0.0,23.4971576679
2002,7,15,32.0,18.0,0.0,25.0,0.0,25.5218384735
2002,7,16,31.5,19.0,6.0,25.25,0.6,26.3998276796
2002,7,17,30.0,17.5,0.0,23.75,0.0,26.1397035681
2002,7,18,31.5,18.0,0.0,24.75,0.0,25.9073524781
2002,7,19,32.5,18.5,16.0,25.5,1.6,24.769801051
2002,7,20,33.0,18.0,0.0,25.5,0.0,24.769801051
2002,7,21,33.5,20.0,0.0,26.75,0.0,25.2947969484
2002,7,22,32.5,18.5,0.0,25.5,0.0,24.769801051
2002,7,23,32.5,18.0,8.0,25.25,0.8,25.1426930282
2002,7,24,35.0,18.5,0.0,26.75,0.0,22.9952699531
2002,7,25,34.5,19.0,0.0,26.75,0.0,24.1450334508
2002,7,26,33.5,19.5,17.0,26.5,1.7,25.6723981825
2002,7,27,27.0,17.5,20.0,22.25,2.0,48.223668929
2002,7,28,30.5,16.5,0.0,23.5,0.0,30.7281071282
2002,7,29,32.5,19.0,0.0,25.75,0.0,31.7239646125
2002,7,30,31.0,20.0,0.0,25.5,0.0,40.8701717342
2002,7,31,31.5,19.0,0.0,25.25,0.0,35.1997702394
2002,8,1,33.5,19.0,0.0,26.25,0.0,28.4250342
2002,8,2,31.5,18.5,8.0,25.0,0.8,43.3871254049
2002,8,3,29.5,18.0,6.0,23.75,0.6,53.6551810081
2002,8,4,28.5,18.0,13.0,23.25,1.3,59.5579265675
2002,8,5,30.5,16.0,0.0,23.25,0.0,39.7052843783
2002,8,6,29.5,14.5,0.0,22.0,0.0,38.2545647027
2002,8,7,30.5,16.5,0.0,23.5,0.0,40.5052321235
2002,8,8,34.0,18.0,0.0,26.0,0.0,36.0634925167
2002,8,9,34.5,19.0,0.0,26.75,0.0,36.792431925
2002,8,10,36.0,18.0,0.0,27.0,0.0,31.7206465516
2002,8,11,35.5,19.0,0.0,27.25,0.0,34.6044439227
2002,8,12,35.5,19.0,0.0,27.25,0.0,34.6044439227
2002,8,13,35.5,20.5,0.0,28.0,0.0,39.5179469869
2002,8,14,35.5,20.0,0.0,27.75,0.0,37.9352173921
2002,8,15,36.0,19.5,0.0,27.75,0.0,35.7674906839
2002,8,16,34.5,18.0,0.0,26.25,0.0,35.53129275
2002,8,17,35.0,16.5,0.0,25.75,0.0,31.7239646125
2002,8,18,34.0,18.0,0.0,26.0,0.0,37.2656089339
2002,8,19,30.5,18.0,0.0,24.25,0.0,48.0563245382
2002,8,20,30.5,18.5,0.0,24.5,0.0,49.9687696222
2002,8,21,31.0,16.5,0.0,23.75,0.0,41.2732161601
2002,8,22,33.0,16.0,0.0,24.5,0.0,35.5041257842
2002,8,23,34.0,14.5,0.0,24.25,0.0,30.7026517883
2002,8,24,35.5,13.5,0.0,24.5,0.0,27.6143200544
2002,8,25,38.0,15.0,0.0,26.5,0.0,25.6723981825
2002,8,26,38.0,15.5,0.0,26.75,0.0,27.5943239437
2002,8,27,37.5,15.0,0.0,26.25,0.0,27.240657775
2002,8,28,36.0,18.0,0.0,27.0,0.0,36.2521674876
2002,8,29,32.5,17.0,17.0,24.75,1.7,50.5193373323
2002,8,30,34.5,16.0,0.0,25.25,0.0,40.2283088451
2002,8,31,34.5,19.5,0.0,27.0,0.0,49.8467302954
2002,9,1,33.5,20.0,0.0,26.75,0.0,55.1886478875
2002,9,2,34.5,19.0,0.0,26.75,0.0,48.2900669015
2002,9,3,35.0,19.0,0.0,27.0,0.0,47.5809698274
2002,9,4,35.0,19.0,0.0,27.0,0.0,47.5809698274
2002,9,5,35.5,19.5,0.0,27.5,0.0,48.3971414115
2002,9,6,35.0,17.5,0.0,26.25,0.0,43.821927725
2002,9,7,32.0,16.5,3.0,24.25,0.3,57.400609865
2002,9,8,29.5,17.5,9.0,23.5,0.9,69.8366071096
2002,9,9,28.5,16.5,6.0,22.5,0.6,69.7567706434
2002,9,10,31.0,16.5,13.0,23.75,1.3,63.2855981122
2002,9,11,29.5,17.0,12.0,23.25,1.2,68.0662017914
2002,9,12,30.0,16.0,0.0,23.0,0.0,63.3477535114
2002,9,13,30.5,13.5,0.0,22.0,0.0,53.5563905838
2002,9,14,31.0,13.5,0.0,22.25,0.0,52.7446378911
2002,9,15,29.5,17.0,0.0,23.25,0.0,68.0662017914
2002,9,16,31.5,15.5,0.0,23.5,0.0,57.2660178298
2002,9,17,31.5,17.0,0.0,24.25,0.0,61.4053035765
2002,9,18,29.0,18.0,0.0,23.5,0.0,72.6300713939
2002,9,19,29.5,14.0,0.0,21.75,0.0,59.0433634476
2002,9,20,30.0,13.5,0.0,21.75,0.0,55.935818003
2002,9,21,32.0,12.5,0.0,22.25,0.0,49.730658583
2002,9,22,33.5,12.5,0.0,23.0,0.0,46.0710934628
2002,9,23,33.0,14.5,0.0,23.75,0.0,52.2794071361
2002,9,24,33.0,14.5,0.0,23.75,0.0,52.2794071361
2002,9,25,33.5,14.0,0.0,23.75,0.0,49.5278593921
2002,9,26,33.5,13.5,0.0,23.5,0.0,48.8856249767
2002,9,27,31.5,14.5,0.0,23.0,0.0,56.1491451578
2002,9,28,29.0,13.5,0.0,21.25,0.0,60.8826340582
2002,9,29,29.0,13.0,0.0,21.0,0.0,58.572060568
2002,9,30,28.0,11.5,0.0,19.75,0.0,58.004789537
2002,10,1,27.0,14.0,0.0,20.5,0.0,67.1179144983
2002,10,2,25.5,10.0,0.0,17.75,0.0,59.7544810675
2002,10,3,22.5,5.5,0.0,14.0,0.0,55.657395695
2002,10,4,26.5,2.5,0.0,14.5,0.0,41.6433631165
2002,10,5,28.5,7.5,0.0,18.0,0.0,47.0578666537
2002,10,6,30.0,8.0,0.0,19.0,0.0,46.0431468242
2002,10,7,26.0,12.0,0.0,19.0,0.0,64.4604055539
2002,10,8,26.5,9.5,0.0,18.0,0.0,56.8615888732
2002,10,9,28.5,9.5,0.0,19.0,0.0,53.4100503161
2002,10,10,30.0,10.0,0.0,20.0,0.0,50.1894713825
2002,10,11,29.5,10.5,0.0,20.0,0.0,53.6508142364
2002,10,12,28.0,10.5,0.0,19.25,0.0,58.0236502935
2002,10,13,24.0,12.5,0.0,18.25,0.0,69.4875476233
2002,10,14,27.0,11.0,0.0,19.0,0.0,60.776953808
2002,10,15,28.5,11.5,0.0,20.0,0.0,58.8428285174
2002,10,16,28.0,10.5,0.0,19.25,0.0,58.0236502935
2002,10,17,25.0,12.0,0.0,18.5,0.0,66.5070540851
2002,10,18,20.5,5.0,0.0,12.75,0.0,60.3594945968
2002,10,19,23.0,5.5,0.0,14.25,0.0,54.766517331
2002,10,20,24.0,7.5,0.0,15.75,0.0,58.7860229137
2002,10,21,24.5,9.5,0.0,17.0,0.0,62.6506830469
2002,10,22,23.5,7.5,0.0,15.5,0.0,59.7322929063
2002,10,23,24.5,9.0,0.0,16.75,0.0,59.4070532984
2002,10,24,22.5,6.0,0.0,14.25,0.0,57.2559044825
2002,10,25,23.5,4.5,0.0,14.0,0.0,48.0677508275
2002,10,26,22.0,6.5,0.0,14.25,0.0,52.2771301796
2002,10,27,18.0,5.5,0.0,11.75,0.0,64.438648041
2002,10,28,18.0,3.0,0.0,10.5,0.0,54.0698850961
2002,10,29,20.0,2.5,0.0,11.25,0.0,48.4305131704
2002,10,30,22.0,3.0,0.0,12.5,0.0,44.6194744696
2002,10,31,23.0,4.0,0.0,13.5,0.0,44.4223290411
2002,11,1,24.0,6.0,0.0,15.0,0.0,45.0708524614
2002,11,2,23.0,6.5,0.0,14.75,0.0,48.2107021407
2002,11,3,21.5,6.5,0.0,14.0,0.0,45.537869205
2002,11,4,21.0,5.5,0.0,13.25,0.0,45.1487608468
2002,11,5,21.0,-0.5,0.0,10.25,0.0,32.3370934188
2002,11,6,23.0,2.0,0.0,12.5,0.0,33.4646058522
2002,11,7,24.5,4.5,0.0,14.5,0.0,34.2945343313
2002,11,8,22.0,6.5,0.0,14.25,0.0,44.8089687254
2002,11,9,21.5,8.0,0.0,14.75,0.0,53.0317723547
2002,11,10,19.5,9.0,0.0,14.25,0.0,64.7240659367
2002,11,11,19.5,2.5,0.0,11.0,0.0,43.0807889292
2002,11,12,19.5,2.0,0.0,10.75,0.0,40.6694312568
2002,11,13,23.0,4.0,0.0,13.5,0.0,39.1961726834
2002,11,14,21.5,2.0,0.0,11.75,0.0,38.0773829333
2002,11,15,19.0,0.5,0.0,9.75,0.0,40.1152318145
2002,11,16,18.0,1.5,0.0,9.75,0.0,46.8011037836
2002,11,17,23.0,2.0,0.0,12.5,0.0,36.2533230065
2002,11,18,22.0,1.0,0.0,11.5,0.0,35.7302773762
2002,11,19,21.5,2.0,0.0,11.75,0.0,38.0773829333
2002,11,20,22.0,3.5,0.0,12.75,0.0,41.1542008615
2002,11,21,24.5,4.0,0.0,14.25,0.0,37.3408072712
2002,11,22,25.0,4.0,0.0,14.5,0.0,36.7441439263
2002,11,23,24.5,3.0,0.0,13.75,0.0,35.995500104
2002,11,24,22.0,2.0,0.0,12.0,0.0,40.3397204105
2002,11,25,18.5,0.0,0.0,9.25,0.0,41.475105521
2002,11,26,15.0,3.0,0.0,9.0,0.0,63.2611537567
2002,11,27,14.5,1.5,0.0,8.0,0.0,60.1377446235
2002,11,28,14.0,3.5,0.0,8.75,0.0,60.7553818893
2002,11,29,15.0,3.5,0.0,9.25,0.0,55.3001406947
2002,11,30,17.5,6.0,4.0,11.75,0.4,64.438648041
2002,12,1,18.5,4.5,0.0,11.5,0.0,50.6178929496
2002,12,2,15.0,5.5,4.0,10.25,0.4,74.3753148633
2002,12,3,13.0,4.0,9.0,8.5,0.9,72.6858669764
2002,12,4,15.0,-0.5,0.0,7.25,0.0,51.4018791996
2002,12,5,14.5,1.0,0.0,7.75,0.0,57.3378641198
2002,12,6,16.0,1.0,0.0,8.5,0.0,54.5144002323
2002,12,7,16.0,0.5,0.0,8.25,0.0,51.7422261929
2002,12,8,15.0,-1.0,0.0,7.0,0.0,44.2375120123
2002,12,9,13.5,0.0,0.0,6.75,0.0,49.0856761093
2002,12,10,15.5,-0.5,0.0,7.5,0.0,31.101145921
2002,12,11,14.5,-2.0,0.0,6.25,0.0,21.1609031414
2002,12,12,15.5,-2.5,0.0,6.5,0.0,16.642640794
2002,12,13,17.0,-2.0,0.0,7.5,0.0,19.4382162006
2002,12,14,18.5,-1.5,0.0,8.5,0.0,18.1714667441
2002,12,15,18.0,0.5,0.0,9.25,0.0,20.7375527605
2002,12,16,18.5,-0.5,0.0,9.0,0.0,17.5725427102
2002,12,17,15.5,2.5,7.0,9.0,0.7,35.1450854204
2002,12,18,8.0,0.0,7.0,4.0,0.7,69.1689194769
2002,12,19,10.5,-4.5,0.0,3.0,0.0,37.0772734119
2002,12,20,14.0,-5.0,0.0,4.5,0.0,28.635350497
2002,12,21,11.0,-4.5,0.0,3.25,0.0,36.4359900779
2002,12,22,10.0,-2.5,0.0,3.75,0.0,45.24407199
2002,12,23,7.0,-2.0,11.0,2.5,1.1,65.8243651988
2002,12,24,7.5,-4.0,0.0,1.75,0.0,57.8232716738
2002,12,25,9.0,-5.0,0.0,2.0,0.0,45.4513054461
2002,12,26,11.0,-6.5,0.0,2.25,0.0,39.0770722669
2002,12,27,13.0,-4.0,0.0,4.5,0.0,38.1804673294
2002,12,28,17.5,-0.5,0.0,8.5,0.0,36.3429334882
2002,12,29,16.5,0.5,0.0,8.5,0.0,39.977226837
2002,12,30,14.5,-0.5,0.0,7.0,0.0,44.2375120123
2002,12,31,15.5,-3.5,0.0,6.0,0.0,34.4404957109
2003,1,1,15.5,-2.0,0.0,6.75,0.0,49.0856761093
2003,1,2,16.0,0.0,0.0,8.0,0.0,52.6205265456
2003,1,3,18.0,0.0,0.0,9.0,0.0,45.6886110465
2003,1,4,21.5,1.0,0.0,11.25,0.0,42.3766990241
2003,1,5,22.0,1.5,0.0,11.75,0.0,41.0064123897
2003,1,6,17.0,4.5,0.0,10.75,0.0,62.5683557797
2003,1,7,16.0,6.0,0.0,11.0,0.0,70.7755818122
2003,1,8,16.0,6.5,2.0,11.25,0.2,72.6457697556
2003,1,9,16.0,2.5,1.0,9.25,0.1,51.8438819013
2003,1,10,18.5,-0.5,0.0,9.0,0.0,38.6595939624
2003,1,11,17.5,0.0,0.0,8.75,0.0,39.3123059284
2003,1,12,17.5,-1.0,0.0,8.25,0.0,36.9587329949
2003,1,13,20.0,0.0,0.0,10.0,0.0,32.8782087338
2003,1,14,22.0,2.0,0.0,12.0,0.0,34.576903209
2003,1,15,21.0,1.0,0.0,11.0,0.0,33.8491913015
2003,1,16,20.5,1.0,0.0,10.75,0.0,34.4125956788
2003,1,17,21.5,3.0,0.0,12.25,0.0,36.8503644768
2003,1,18,21.0,1.0,0.0,11.0,0.0,33.8491913015
2003,1,19,21.5,1.5,0.0,11.5,0.0,32.7527542615
2003,1,20,18.0,2.0,1.0,10.0,0.1,42.7416713539
2003,1,21,16.5,0.5,0.0,8.5,0.0,43.6115201859
2003,1,22,18.0,0.0,0.0,9.0,0.0,38.6595939624
2003,1,23,19.5,0.5,0.0,10.0,0.0,36.1660296071
2003,1,24,22.0,3.5,0.0,12.75,0.0,35.66697408
2003,1,25,21.0,3.0,0.0,12.0,0.0,37.4583118098
2003,1,26,20.5,2.0,0.0,11.25,0.0,36.3228848778
2003,1,27,23.0,2.0,0.0,12.5,0.0,30.6758886978
2003,1,28,22.0,1.0,0.0,11.5,0.0,29.7752311468
2003,1,29,22.0,1.0,0.0,11.5,0.0,29.7752311468
2003,1,30,22.0,0.5,0.0,11.25,0.0,27.2421636584
2003,1,31,23.5,2.0,0.0,12.75,0.0,27.4361339077
2003,2,1,24.5,3.0,0.0,13.75,0.0,28.2821786531
2003,2,2,21.5,2.5,0.0,12.0,0.0,31.6954946083
2003,2,3,16.0,-3.0,0.0,6.5,0.0,33.2852815879
2003,2,4,17.0,-2.5,0.0,7.25,0.0,31.6319256613
2003,2,5,14.0,2.0,0.0,8.0,0.0,52.6205265456
2003,2,6,14.0,-5.0,0.0,4.5,0.0,33.4079089132
2003,2,7,14.5,-3.5,0.0,5.5,0.0,35.6401690682
2003,2,8,11.0,-0.5,3.0,5.25,0.3,63.4502044863
2003,2,9,13.0,-3.5,0.0,4.75,0.0,42.2180534807
2003,2,10,16.5,-2.5,0.0,7.0,0.0,32.172736009
2003,2,11,17.5,3.5,0.0,10.5,0.0,34.9863962387
2003,2,12,17.0,6.0,7.0,11.5,0.7,35.7302773762
2003,2,13,15.0,7.5,5.0,11.25,0.5,63.5650485362
2003,2,14,13.5,5.5,6.0,9.5,0.6,67.9815005121
2003,2,15,16.0,3.5,0.0,9.75,0.0,40.1152318145
2003,2,16,19.0,2.0,0.0,10.5,0.0,25.4446518099
2003,2,17,21.0,2.5,0.0,11.75,0.0,23.4322356513
2003,2,18,18.0,5.0,0.0,11.5,0.0,35.7302773762
2003,2,19,19.0,0.5,0.0,9.75,0.0,23.4005518918
2003,2,20,16.0,2.0,0.0,9.0,0.0,31.6305768784
2003,2,21,16.5,0.0,0.0,8.25,0.0,25.8711130965
2003,2,22,17.5,0.0,0.0,8.75,0.0,25.0169219544
2003,2,23,18.0,0.0,0.0,9.0,0.0,21.0870512522
2003,2,24,16.5,5.5,0.0,11.0,0.0,40.00358972
2003,2,25,13.5,4.5,5.0,9.0,0.5,63.2611537567
2003,2,26,11.0,3.0,7.0,7.0,0.7,72.3886560202
2003,2,27,11.5,1.5,0.0,6.5,0.0,54.0885825804
2003,2,28,11.0,-0.5,3.0,5.25,0.3,58.918047023
2003,3,1,9.5,1.0,0.0,5.25,0.0,63.4502044863
2003,3,2,9.0,0.5,6.0,4.75,0.6,70.3634224678
2003,3,3,13.0,-3.0,4.0,5.0,0.4,46.1077172133
2003,3,4,13.5,1.0,0.0,7.25,0.0,47.4478884919
2003,3,5,12.0,1.5,0.0,6.75,0.0,53.1761491184
2003,3,6,16.0,-2.0,0.0,7.0,0.0,32.172736009
2003,3,7,20.5,-1.0,0.0,9.75,0.0,26.7434878764
2003,3,8,21.5,1.5,0.0,11.5,0.0,26.7977080321
2003,3,9,24.0,1.5,0.0,12.75,0.0,21.9489071261
2003,3,10,25.0,3.0,0.0,14.0,0.0,20.23905298
2003,3,11,25.0,4.0,0.0,14.5,0.0,22.0464863558
2003,3,12,25.0,4.0,0.0,14.5,0.0,22.0464863558
2003,3,13,25.5,5.0,0.0,15.25,0.0,18.6755310984
2003,3,14,25.0,8.0,0.0,16.5,0.0,23.7115510641
2003,3,15,23.5,5.0,0.0,14.25,0.0,22.4044843627
2003,3,16,18.0,6.0,5.0,12.0,0.5,48.9839462128
2003,3,17,12.0,2.5,7.0,7.25,0.7,67.2178420302
2003,3,18,10.0,1.5,3.0,5.75,0.3,74.4486523561
2003,3,19,13.0,3.0,0.0,8.0,0.0,56.3791355845
2003,3,20,17.0,0.0,0.0,8.5,0.0,32.7086401394
2003,3,21,17.0,3.5,0.0,10.25,0.0,42.0382214445
2003,3,22,21.0,2.5,0.0,11.75,0.0,29.2902945641
2003,3,23,25.0,3.0,0.0,14.0,0.0,22.7689346025
2003,3,24,24.0,4.5,0.0,14.25,0.0,24.8938715141
2003,3,25,23.5,4.5,0.0,14.0,0.0,27.8286978475
2003,3,26,26.5,4.0,0.0,15.25,0.0,21.0099724857
2003,3,27,24.0,6.5,0.0,15.25,0.0,28.0132966476
2003,3,28,19.5,1.5,0.0,10.5,0.0,28.6252332862
2003,3,29,16.5,3.0,0.0,9.75,0.0,40.1152318145
2003,3,30,21.0,2.5,0.0,11.75,0.0,26.3612651077
2003,3,31,26.5,6.0,0.0,16.25,0.0,21.9011279772
2003,4,1,27.5,7.0,0.0,17.25,0.0,22.6117231991
2003,4,2,23.5,10.0,0.0,16.75,0.0,38.190248549
2003,4,3,20.0,3.5,0.0,11.75,0.0,32.2193240205
2003,4,4,20.0,-0.5,0.0,9.75,0.0,23.4005518918
2003,4,5,18.5,0.5,0.0,9.5,0.0,27.1926002048
2003,4,6,19.0,-1.0,0.0,9.0,0.0,24.6015597943
2003,4,7,21.5,0.5,0.0,11.0,0.0,21.5403944646
2003,4,8,22.5,3.5,0.0,13.0,0.0,24.2938446107
2003,4,9,25.5,9.0,0.0,17.25,0.0,26.722945599
2003,4,10,27.5,8.0,0.0,17.75,0.0,19.9181603558
2003,4,11,26.5,6.0,0.0,16.25,0.0,19.7110151795
2003,4,12,27.5,7.0,0.0,17.25,0.0,18.5005007993
2003,4,13,27.5,8.0,0.0,17.75,0.0,19.9181603558
2003,4,14,26.0,9.0,0.0,17.5,0.0,24.2812172345
2003,4,15,19.5,4.5,3.0,12.0,0.3,40.3397204105
2003,4,16,24.0,0.5,0.0,12.25,0.0,17.0078605277
2003,4,17,23.0,6.5,0.0,14.75,0.0,28.9264212844
2003,4,18,20.0,2.0,0.0,11.0,0.0,24.6175936738
2003,4,19,19.0,2.5,0.0,10.75,0.0,28.1557601008
2003,4,20,26.0,3.5,0.0,14.75,0.0,16.8737457492
2003,4,21,26.0,5.5,0.0,15.75,0.0,20.3490079317
2003,4,22,22.5,5.5,0.0,14.0,0.0,25.298816225
2003,4,23,20.0,3.0,0.0,11.5,0.0,26.7977080321
2003,4,24,24.0,2.0,0.0,13.0,0.0,18.895212475
2003,4,25,26.0,5.0,0.0,15.5,0.0,18.3791670481
2003,4,26,27.5,6.5,0.0,17.0,0.0,18.7952049141
2003,4,27,28.5,11.5,0.0,20.0,0.0,24.2293999777
2003,4,28,28.0,9.0,0.0,18.5,0.0,20.9022169982
2003,4,29,27.0,9.0,0.0,18.0,0.0,23.5289333269
2003,4,30,25.5,6.0,0.0,15.75,0.0,20.3490079317
2003,5,1,27.0,5.5,0.0,16.25,0.0,17.5209023818
2003,5,2,28.5,6.0,0.0,17.25,0.0,16.4448895994
2003,5,3,27.5,8.5,0.0,18.0,0.0,21.568188883
2003,5,4,24.0,9.0,0.0,16.5,0.0,30.1783377179
2003,5,5,24.0,4.5,0.0,14.25,0.0,19.9150972113
2003,5,6,26.0,6.5,0.0,16.25,0.0,19.7110151795
2003,5,7,25.5,9.0,0.0,17.25,0.0,24.6673343991
2003,5,8,24.5,7.5,0.0,16.0,0.0,24.4776831495
2003,5,9,25.5,7.0,0.0,16.25,0.0,21.9011279772
2003,5,10,25.5,3.5,0.0,14.5,0.0,17.1472671656
2003,5,11,30.0,4.0,0.0,17.0,0.0,14.6184927109
2003,5,12,32.5,7.5,0.0,20.0,0.0,15.5760428428
2003,5,13,33.0,10.0,0.0,21.5,0.0,17.3554426758
2003,5,14,34.0,12.0,0.0,23.0,0.0,18.7163817193
2003,5,15,31.0,14.0,0.0,22.5,0.0,22.2627991415
2003,5,16,33.5,10.5,0.0,22.0,0.0,18.3621910573
2003,5,17,35.5,11.5,0.0,23.5,0.0,16.7607857063
2003,5,18,34.0,12.0,0.0,23.0,0.0,18.7163817193
2003,5,19,32.5,11.0,0.0,21.75,0.0,18.6452726677
2003,5,20,32.0,11.5,0.0,21.75,0.0,18.6452726677
2003,5,21,33.0,16.0,0.0,24.5,0.0,22.3544495678
2003,5,22,34.0,16.0,0.0,25.0,0.0,21.6935627025
2003,5,23,35.0,14.5,0.0,24.75,0.0,19.4305143586
2003,5,24,35.0,14.0,0.0,24.5,0.0,19.7245143245
2003,5,25,33.0,10.5,0.0,21.75,0.0,18.6452726677
2003,5,26,34.0,11.5,0.0,22.75,0.0,17.5411954706
2003,5,27,35.0,14.5,0.0,24.75,0.0,19.4305143586
2003,5,28,33.0,17.0,0.0,25.0,0.0,22.9696546261
2003,5,29,34.0,16.5,0.0,25.25,0.0,22.6284237254
2003,5,30,33.5,15.0,5.0,24.25,0.5,21.3583664614
2003,5,31,33.5,13.5,0.0,23.5,0.0,19.5542499907
2003,6,1,35.0,14.5,0.0,24.75,0.0,19.4305143586
2003,6,2,36.5,15.5,0.0,26.0,0.0,19.2338626756
2003,6,3,35.5,15.5,0.0,25.5,0.0,19.8158408408
2003,6,4,35.0,15.5,0.0,25.25,0.0,20.1141544225
2003,6,5,34.5,15.5,0.0,25.0,0.0,20.4174707788
2003,6,6,34.5,15.0,0.0,24.75,0.0,20.7258819825
2003,6,7,35.5,14.5,0.0,25.0,0.0,19.1413788551
2003,6,8,36.5,15.0,0.0,25.75,0.0,19.5224397615
2003,6,9,34.0,17.5,0.0,25.75,0.0,23.1828972168
2003,6,10,32.5,12.5,0.0,22.5,0.0,19.2944259226
2003,6,11,31.5,12.5,0.0,22.0,0.0,19.8923736454
2003,6,12,32.0,13.0,0.0,22.5,0.0,20.7786125321
2003,6,13,33.5,12.5,0.0,23.0,0.0,18.7163817193
2003,6,14,35.5,12.0,0.0,23.75,0.0,17.885060336
2003,6,15,38.0,14.0,0.0,26.0,0.0,18.0317462584
2003,6,16,38.0,15.5,0.0,26.75,0.0,18.3962159625
2003,6,17,36.0,19.0,0.0,27.5,0.0,23.0986356737
2003,6,18,34.5,16.5,0.0,25.5,0.0,22.2928209459
2003,6,19,35.0,16.0,0.0,25.5,0.0,21.0543308934
2003,6,20,33.0,14.5,0.0,23.75,0.0,20.6366080801
2003,6,21,33.5,12.5,0.0,23.0,0.0,18.7163817193
2003,6,22,35.0,14.0,0.0,24.5,0.0,19.7245143245
2003,6,23,35.0,14.0,0.0,24.5,0.0,19.7245143245
2003,6,24,33.5,14.5,0.0,24.0,0.0,20.3274686619
2003,6,25,35.5,13.0,0.0,24.25,0.0,18.6885706537
2003,6,26,36.5,14.5,0.0,25.5,0.0,18.5773507883
2003,6,27,37.5,17.5,0.0,27.5,0.0,20.8987656095
2003,6,28,37.5,18.5,0.0,28.0,0.0,21.3610524254
2003,6,29,37.5,17.5,0.0,27.5,0.0,20.8987656095
2003,6,30,37.5,18.0,0.0,27.75,0.0,21.6772670812
2003,7,1,37.0,18.0,0.0,27.5,0.0,21.9987006416
2003,7,2,36.5,19.0,0.0,27.75,0.0,22.7611304352
2003,7,3,38.0,19.0,0.0,28.5,0.0,21.7811060922
2003,7,4,39.0,19.0,0.0,29.0,0.0,21.1538818726
2003,7,5,38.5,20.0,0.0,29.25,0.0,21.840585534
2003,7,6,38.0,20.0,0.0,29.0,0.0,22.1612095808
2003,7,7,37.5,19.0,0.0,28.25,0.0,22.1024621075
2003,7,8,38.5,19.0,0.0,28.75,0.0,21.4649433111
2003,7,9,40.0,19.0,0.0,29.5,0.0,20.5467042257
2003,7,10,39.5,20.0,0.0,29.75,0.0,21.2147182709
2003,7,11,38.0,20.0,17.0,29.0,1.7,22.1612095808
2003,7,12,38.5,19.5,0.0,29.0,0.0,22.1612095808
2003,7,13,39.0,19.0,0.0,29.0,0.0,21.1538818726
2003,7,14,39.5,19.5,0.0,29.5,0.0,21.5251187126
2003,7,15,38.5,20.5,0.0,29.5,0.0,22.5035331995
2003,7,16,38.0,18.5,0.0,28.25,0.0,21.0499639119
2003,7,17,33.0,20.0,0.0,26.5,0.0,25.6723981825
2003,7,18,33.0,17.0,0.0,25.0,0.0,22.9696546261
2003,7,19,35.0,18.0,0.0,26.5,0.0,23.3385438022
2003,7,20,36.5,20.5,0.0,28.5,0.0,23.8554971486
2003,7,21,35.0,20.0,0.0,27.5,0.0,24.1985707057
2003,7,22,35.5,19.0,0.0,27.25,0.0,23.4417200766
2003,7,23,36.5,19.0,0.0,27.75,0.0,22.7611304352
2003,7,24,37.5,19.5,0.0,28.5,0.0,22.8183016204
2003,7,25,36.0,18.5,8.0,27.25,0.8,22.325447692
2003,7,26,35.5,18.0,6.0,26.75,0.6,22.9952699531
2003,7,27,34.0,18.0,0.0,26.0,0.0,24.0423283445
2003,7,28,33.5,17.5,0.0,25.5,0.0,23.5313109985
2003,7,29,32.5,16.5,9.0,24.5,0.9,23.6694171894
2003,7,30,31.5,17.0,0.0,24.25,0.0,24.0281622691
2003,7,31,32.5,18.0,0.0,25.25,0.0,25.1426930282
2003,8,1,30.5,18.0,0.0,24.25,0.0,26.6979580768
2003,8,2,31.5,18.5,0.0,25.0,0.0,25.5218384735
2003,8,3,33.5,18.0,0.0,25.75,0.0,24.4030497019
2003,8,4,35.5,17.5,0.0,26.5,0.0,22.1716166121
2003,8,5,37.0,18.0,0.0,27.5,0.0,21.9987006416
2003,8,6,36.5,19.5,0.0,28.0,0.0,23.4971576679
2003,8,7,36.5,21.0,0.0,28.75,0.0,24.5313637841
2003,8,8,36.5,20.5,0.0,28.5,0.0,23.8554971486
2003,8,9,37.5,19.0,0.0,28.25,0.0,22.1024621075
2003,8,10,39.0,21.0,0.0,30.0,0.0,22.8101401051
2003,8,11,37.0,21.0,0.0,29.0,0.0,24.1758649973
2003,8,12,37.5,20.0,0.0,28.75,0.0,22.4870834688
2003,8,13,35.0,20.5,0.0,27.75,0.0,24.9288571433
2003,8,14,30.5,18.0,0.0,24.25,0.0,26.6979580768
2003,8,15,27.5,18.0,0.0,22.75,0.0,32.1588583627
2003,8,16,31.0,17.0,0.0,24.0,0.0,24.3929623942
2003,8,17,34.0,18.0,0.0,26.0,0.0,24.0423283445
2003,8,18,34.5,18.5,0.0,26.5,0.0,23.3385438022
2003,8,19,32.0,18.5,1.0,25.25,0.1,25.1426930282
2003,8,20,33.0,17.0,0.0,25.0,0.0,22.9696546261
2003,8,21,34.5,19.0,0.0,26.75,0.0,24.1450334508
2003,8,22,35.5,20.5,0.0,28.0,0.0,24.5652102892
2003,8,23,35.0,18.5,0.0,26.75,0.0,22.9952699531
2003,8,24,34.5,17.5,0.0,26.0,0.0,22.8402119272
2003,8,25,34.0,17.5,8.0,25.75,0.8,23.1828972168
2003,8,26,31.5,17.5,7.0,24.5,0.7,34.1891581625
2003,8,27,29.0,17.5,0.0,23.25,0.0,36.869192637
2003,8,28,30.5,17.0,0.0,23.75,0.0,30.2670251841
2003,8,29,32.0,17.5,0.0,24.75,0.0,24.6119848542
2003,8,30,33.0,18.0,0.0,25.5,0.0,24.769801051
2003,8,31,34.5,19.0,0.0,26.75,0.0,24.1450334508
2003,9,1,32.5,20.0,0.0,26.25,0.0,30.79378705
2003,9,2,33.0,18.5,0.0,25.75,0.0,24.4030497019
2003,9,3,34.5,17.0,0.0,25.75,0.0,21.9627447317
2003,9,4,34.0,17.5,0.0,25.75,0.0,23.1828972168
2003,9,5,33.5,17.5,0.0,25.5,0.0,23.5313109985
2003,9,6,32.5,17.5,0.0,25.0,0.0,24.2457465498
2003,9,7,31.5,17.0,0.0,24.25,0.0,25.3630601729
2003,9,8,32.5,17.0,0.0,24.75,0.0,23.3166172303
2003,9,9,29.5,17.5,5.0,23.5,0.5,44.6954285501
2003,9,10,29.0,18.0,5.0,23.5,0.5,51.6790892611
2003,9,11,30.0,16.5,0.0,23.25,0.0,35.4511467663
2003,9,12,31.5,12.5,0.0,22.0,0.0,22.9527388216
2003,9,13,33.0,14.0,0.0,23.5,0.0,23.7444464172
2003,9,14,34.5,13.5,0.0,24.0,0.0,21.6826332393
2003,9,15,34.5,14.5,0.0,24.5,0.0,22.3544495678
2003,9,16,34.5,15.0,0.0,24.75,0.0,23.3166172303
2003,9,17,33.5,15.0,0.0,24.25,0.0,25.3630601729
2003,9,18,34.0,14.5,0.0,24.25,0.0,24.0281622691
2003,9,19,34.5,14.5,0.0,24.5,0.0,23.6694171894
2003,9,20,34.5,14.5,0.0,24.5,0.0,23.6694171894
2003,9,21,34.5,14.0,0.0,24.25,0.0,24.0281622691
2003,9,22,33.0,14.5,0.0,23.75,0.0,27.5154774401
2003,9,23,29.0,16.0,0.0,22.5,0.0,43.0414116736
2003,9,24,25.5,15.5,9.0,20.5,0.9,65.4399666358
2003,9,25,28.5,15.5,0.0,22.0,0.0,47.4356602314
2003,9,26,31.5,13.5,0.0,22.5,0.0,34.136292017
2003,9,27,33.5,14.5,0.0,24.0,0.0,32.523949859
2003,9,28,34.0,14.5,0.0,24.25,0.0,30.7026517883
2003,9,29,35.5,15.5,0.0,25.5,0.0,30.9622513138
2003,9,30,35.0,15.5,0.0,25.25,0.0,32.6855009366
2003,10,1,35.0,16.0,0.0,25.5,0.0,33.4392314189
2003,10,2,33.0,15.5,0.0,24.25,0.0,37.3771413075
2003,10,3,31.0,15.0,0.0,23.0,0.0,41.7519284507
2003,10,4,30.5,13.5,0.0,22.0,0.0,38.2545647027
2003,10,5,30.5,12.0,0.0,21.25,0.0,35.2478407706
2003,10,6,30.5,12.5,0.0,21.5,0.0,36.2886528676
2003,10,7,25.5,14.5,3.0,20.0,0.3,69.2268570793
2003,10,8,26.5,13.0,7.0,19.75,0.7,59.762510432
2003,10,9,27.0,14.5,0.0,20.75,0.0,57.8289861536
2003,10,10,26.0,13.0,9.0,19.5,0.9,58.9129351355
2003,10,11,28.5,11.0,0.0,19.75,0.0,40.4275805864
2003,10,12,28.5,14.0,0.0,21.25,0.0,49.6674119949
2003,10,13,29.5,12.5,0.0,21.0,0.0,42.3020437436
2003,10,14,30.5,11.5,0.0,21.0,0.0,37.4210386962
2003,10,15,30.0,11.5,0.0,20.75,0.0,38.0019051866
2003,10,16,29.5,11.5,0.0,20.5,0.0,40.270748699
2003,10,17,31.0,10.5,0.0,20.75,0.0,34.6973916922
2003,10,18,31.5,12.0,0.0,21.75,0.0,37.2905453354
2003,10,19,31.5,11.5,0.0,21.5,0.0,36.2886528676
2003,10,20,32.0,11.5,0.0,21.75,0.0,35.736772613
2003,10,21,31.0,11.0,0.0,21.0,0.0,37.4210386962
2003,10,22,31.0,10.5,0.0,20.75,0.0,36.3496484394
2003,10,23,31.0,9.0,0.0,20.0,0.0,34.6134285396
2003,10,24,30.5,9.0,0.0,19.75,0.0,33.3966970061
2003,10,25,28.5,8.5,0.0,18.5,0.0,34.2036278152
2003,10,26,23.0,6.5,0.0,14.75,0.0,40.9790968196
2003,10,27,24.5,3.0,0.0,13.75,0.0,30.8532858034
2003,10,28,26.5,6.5,0.0,16.5,0.0,30.1783377179
2003,10,29,28.0,7.0,0.0,17.5,0.0,28.3280867736
2003,10,30,24.0,9.5,0.0,16.75,0.0,44.5552899738
2003,10,31,25.0,9.5,0.0,17.25,0.0,41.1122239985
2003,11,1,25.5,9.0,0.0,17.25,0.0,39.0566127985
2003,11,2,24.0,8.5,0.0,16.25,0.0,41.6121431567
2003,11,3,19.5,7.0,0.0,13.25,0.0,53.1161892315
2003,11,4,19.5,-0.5,0.0,9.5,0.0,33.990750256
2003,11,5,21.5,-0.5,0.0,10.5,0.0,28.6252332862
2003,11,6,22.5,1.0,0.0,11.75,0.0,29.2902945641
2003,11,7,22.5,1.0,0.0,11.75,0.0,29.2902945641
2003,11,8,23.5,1.0,0.0,12.25,0.0,28.3464342129
2003,11,9,24.5,3.0,0.0,13.75,0.0,30.8532858034
2003,11,10,24.0,4.5,0.0,14.25,0.0,34.8514201198
2003,11,11,21.0,6.5,0.0,13.75,0.0,48.8510358554
2003,11,12,19.0,8.5,14.0,13.75,1.4,71.991000208
2003,11,13,17.5,8.5,17.0,13.0,1.7,75.5808498999
2003,11,14,19.0,8.5,0.0,13.75,0.0,71.991000208
2003,11,15,20.0,4.0,0.0,12.0,0.0,54.7467634143
2003,11,16,18.0,3.5,0.0,10.75,0.0,59.4399379907
2003,11,17,17.5,2.5,0.0,10.0,0.0,59.1807757208
2003,11,18,20.0,2.0,0.0,11.0,0.0,49.2351873476
2003,11,19,22.0,6.0,0.0,14.0,0.0,55.657395695
2003,11,20,23.0,3.5,0.0,13.25,0.0,47.8045703084
2003,11,21,23.0,4.0,0.0,13.5,0.0,49.6484853989
2003,11,22,19.5,2.0,0.0,10.75,0.0,53.1831024127
2003,11,23,17.5,-4.5,0.0,6.5,0.0,41.6066019849
2003,11,24,18.0,-2.5,0.0,7.75,0.0,42.0477670212
2003,11,25,16.5,2.5,0.0,9.5,0.0,57.7842754353
2003,11,26,17.0,4.5,0.0,10.75,0.0,65.6967735686
2003,11,27,16.0,0.5,0.0,8.25,0.0,55.4380994924
2003,11,28,15.0,2.0,0.0,8.5,0.0,61.78298693
2003,11,29,20.0,1.5,0.0,10.75,0.0,46.9262668347
2003,11,30,23.0,2.0,0.0,12.5,0.0,41.8307573152
2003,12,1,24.0,1.0,0.0,12.5,0.0,36.2533230065
2003,12,2,21.5,2.0,0.0,11.75,0.0,43.9354418462
2003,12,3,21.0,1.0,0.0,11.0,0.0,43.0807889292
2003,12,4,22.0,1.5,0.0,11.75,0.0,43.9354418462
2003,12,5,21.0,4.5,0.0,12.75,0.0,52.1286544245
2003,12,6,21.5,4.0,0.0,12.75,0.0,49.3850410338
2003,12,7,21.0,3.5,0.0,12.25,0.0,51.0235815832
2003,12,8,15.0,4.5,5.0,9.75,0.5,70.2016556754
2003,12,9,13.5,-3.5,0.0,5.0,0.0,50.7184889346
2003,12,10,15.5,-2.0,0.0,6.75,0.0,49.0856761093
2003,12,11,14.5,-3.0,0.0,5.75,0.0,48.1726574069
2003,12,12,10.5,-2.0,6.0,4.25,0.6,63.1253326111
2003,12,13,13.0,-4.0,0.0,4.5,0.0,52.4981425779
2003,12,14,17.5,-3.0,0.0,7.25,0.0,43.4938977843
2003,12,15,12.0,-1.5,0.0,5.25,0.0,63.4502044863
2003,12,16,11.5,-4.0,0.0,3.75,0.0,55.2983102101
2003,12,17,16.5,-1.0,0.0,7.75,0.0,49.6928155705
2003,12,18,18.0,1.0,0.0,9.5,0.0,50.9861253841
2003,12,19,20.5,1.5,0.0,11.0,0.0,46.1579881384
2003,12,20,22.0,0.5,0.0,11.25,0.0,42.3766990241
2003,12,21,20.5,-0.5,0.0,10.0,0.0,42.7416713539
2003,12,22,15.5,-2.0,0.0,6.75,0.0,53.1761491184
2003,12,23,15.0,2.5,0.0,8.75,0.0,64.3292278828
2003,12,24,14.5,1.0,0.0,7.75,0.0,61.1603883944
2003,12,25,15.5,-0.5,0.0,7.5,0.0,50.5393621216
2003,12,26,12.0,-0.5,3.0,5.75,0.3,65.689987373
2003,12,27,7.5,-4.5,0.0,1.5,0.0,64.7374456847
2003,12,28,8.5,-9.5,0.0,-0.5,0.0,47.4950797155
2003,12,29,12.5,-6.0,0.0,3.25,0.0,46.8462729573
2003,12,30,14.5,-1.5,0.0,6.5,0.0,54.0885825804
2003,12,31,13.0,-0.5,0.0,6.25,0.0,59.250528796
2004,1,1,14.5,1.5,0.0,8.0,0.0,56.3791355845
2004,1,2,15.5,-0.5,0.0,7.5,0.0,46.6517188814
2004,1,3,14.0,-0.5,0.0,6.75,0.0,53.1761491184
2004,1,4,12.5,-2.0,0.0,5.25,0.0,54.3858895597
2004,1,5,15.0,-4.0,0.0,5.5,0.0,40.0951902017
2004,1,6,17.0,3.0,0.0,10.0,0.0,52.605133974
2004,1,7,17.5,2.5,0.0,10.0,0.0,49.3173131006
2004,1,8,19.0,1.5,0.0,10.25,0.0,42.0382214445
2004,1,9,19.5,2.5,0.0,11.0,0.0,43.0807889292
2004,1,10,18.0,5.5,0.0,11.75,0.0,55.6515596718
2004,1,11,17.0,7.0,0.0,12.0,0.0,66.2723978173
2004,1,12,19.0,5.0,0.0,12.0,0.0,51.8653548135
2004,1,13,19.0,3.5,0.0,11.25,0.0,45.4036060973
2004,1,14,16.5,4.5,4.0,10.5,0.4,66.7922110011
2004,1,15,15.0,4.5,4.0,9.75,0.4,70.2016556754
2004,1,16,15.5,1.5,0.0,8.5,0.0,54.5144002323
2004,1,17,12.5,1.0,0.0,6.75,0.0,65.4475681457
2004,1,18,14.0,-1.0,0.0,6.5,0.0,49.9279223819
2004,1,19,14.5,-0.5,0.0,7.0,0.0,52.2806960146
2004,1,20,13.0,3.0,0.0,8.0,0.0,67.6549627014
2004,1,21,11.5,1.0,0.0,6.25,0.0,67.7148900525
2004,1,22,10.0,2.5,9.0,6.25,0.9,76.1792513091
2004,1,23,13.0,2.0,2.0,7.5,0.2,66.089935082
2004,1,24,11.5,2.0,8.0,6.75,0.8,73.6285141639
2004,1,25,8.5,2.5,9.0,5.5,0.9,80.1903804035
2004,1,26,9.0,-2.0,8.0,3.5,0.8,66.4985805407
2004,1,27,13.0,-4.0,0.0,4.5,0.0,52.4981425779
2004,1,28,14.5,-2.0,0.0,6.25,0.0,55.0183481677
2004,1,29,14.5,-1.0,0.0,6.75,0.0,53.1761491184
2004,1,30,16.0,-1.0,0.0,7.5,0.0,50.5393621216
2004,1,31,13.0,1.0,0.0,7.0,0.0,64.3454720179
2004,2,1,12.0,-2.0,0.0,5.0,0.0,59.9400323773
2004,2,2,14.0,-4.5,0.0,4.75,0.0,46.9089483119
2004,2,3,12.0,-0.5,2.0,5.75,0.2,61.3106548815
2004,2,4,7.0,-0.5,5.0,3.25,0.5,78.0771215955
2004,2,5,9.0,-3.0,0.0,3.0,0.0,63.5610401347
2004,2,6,11.0,-5.0,0.0,3.0,0.0,52.9675334456
2004,2,7,14.0,-3.0,0.0,5.5,0.0,49.0052324688
2004,2,8,14.0,-3.5,0.0,5.25,0.0,49.8537320964
2004,2,9,15.0,-4.0,0.0,5.5,0.0,44.5502113353
2004,2,10,15.0,-3.0,0.0,6.0,0.0,47.3556816025
2004,2,11,14.5,-3.5,0.0,5.5,0.0,44.5502113353
2004,2,12,13.5,-4.0,0.0,4.75,0.0,46.9089483119
2004,2,13,11.5,-6.5,0.0,2.5,0.0,49.3682738991
2004,2,14,15.0,-5.5,0.0,4.75,0.0,42.2180534807
2004,2,15,17.0,-3.0,0.0,7.0,0.0,40.2159200112
2004,2,16,18.5,-0.5,0.0,9.0,0.0,42.1741025045
2004,2,17,23.0,2.0,0.0,12.5,0.0,39.0420401609
2004,2,18,25.0,5.5,0.0,15.25,0.0,42.0199449715
2004,2,19,17.5,4.0,0.0,10.75,0.0,59.4399379907
2004,2,20,14.5,2.5,0.0,8.5,0.0,65.4172802788
2004,2,21,16.0,3.5,0.0,9.75,0.0,60.1728477218
2004,2,22,16.5,0.5,0.0,8.5,0.0,50.8801068835
2004,2,23,12.5,1.5,8.0,7.0,0.8,68.367064019
2004,2,24,10.0,0.5,7.0,5.25,0.7,72.5145194129
2004,2,25,14.0,-0.5,0.0,6.75,0.0,57.2666221275
2004,2,26,19.5,0.0,0.0,9.75,0.0,43.4581677991
2004,2,27,15.5,2.0,0.0,8.75,0.0,60.7553818893
2004,2,28,12.5,1.0,10.0,6.75,1.0,65.4475681457
2004,2,29,10.5,-2.5,0.0,4.0,0.0,64.2282823714
2004,3,1,14.5,-3.0,0.0,5.75,0.0,48.1726574069
2004,3,2,14.5,4.0,0.0,9.25,0.0,69.1251758684
2004,3,3,11.0,4.0,0.0,7.5,0.0,77.7528648024
2004,3,4,8.5,0.0,27.0,4.25,2.7,72.8369222436
2004,3,5,10.5,2.0,9.0,6.25,0.9,76.1792513091
2004,3,6,16.5,1.0,0.0,8.75,0.0,57.1815358958
2004,3,7,21.5,3.5,0.0,12.5,0.0,47.4081916239
2004,3,8,25.0,7.5,0.0,16.25,0.0,50.3725943476
2004,3,9,26.0,9.0,0.0,17.5,0.0,50.5858692385
2004,3,10,27.0,9.5,0.0,18.25,0.0,48.2552414051
2004,3,11,22.0,9.0,0.0,15.5,0.0,62.0296887873
2004,3,12,19.0,8.5,0.0,13.75,0.0,71.991000208
2004,3,13,16.5,7.5,10.0,12.0,1.0,74.9166236196
2004,3,14,21.5,5.5,6.0,13.5,0.6,60.1007981145
2004,3,15,24.5,6.5,0.0,15.5,0.0,48.2453135012
2004,3,16,25.0,6.5,0.0,15.75,0.0,47.4810185073
2004,3,17,25.5,6.5,0.0,16.0,0.0,46.7301223763
2004,3,18,26.0,6.0,0.0,16.0,0.0,44.5048784537
2004,3,19,27.5,7.0,0.0,17.25,0.0,43.1678351984
2004,3,20,29.5,8.5,0.0,19.0,0.0,42.3596950783
2004,3,21,26.5,11.5,0.0,19.0,0.0,57.0935020621
2004,3,22,25.0,10.0,0.0,17.5,0.0,56.6561735471
2004,3,23,27.0,9.0,0.0,18.0,0.0,47.0578666537
2004,3,24,27.0,8.5,0.0,17.75,0.0,47.803584854
2004,3,25,27.0,9.5,0.0,18.25,0.0,48.2552414051
2004,3,26,26.0,7.5,0.0,16.75,0.0,46.6769704487
2004,3,27,24.5,5.0,0.0,14.75,0.0,43.3896319266
2004,3,28,26.0,5.0,0.0,15.5,0.0,41.3531258582
2004,3,29,26.5,9.0,0.0,17.75,0.0,49.7954008896
2004,3,30,27.5,9.5,0.0,18.5,0.0,47.5050386322
2004,3,31,27.5,9.5,6.0,18.5,0.6,51.3054417228
2004,4,1,22.0,9.0,16.0,15.5,1.6,66.6244805493
2004,4,2,13.0,4.5,22.0,8.75,2.2,75.0507658632
2004,4,3,12.5,2.5,15.0,7.5,1.5,69.9775783222
2004,4,4,12.5,4.5,7.0,8.5,0.7,76.3201603253
2004,4,5,15.5,3.0,6.0,9.25,0.6,65.668917075
2004,4,6,18.5,7.0,3.0,12.75,0.3,68.5903347691
2004,4,7,21.5,6.0,0.0,13.75,0.0,59.1354644566
2004,4,8,21.5,7.0,0.0,14.25,0.0,62.2346787853
2004,4,9,21.5,6.0,0.0,13.75,0.0,59.1354644566
2004,4,10,22.5,7.5,0.0,15.0,0.0,61.6759033683
2004,4,11,18.5,4.5,9.0,11.5,0.9,62.5279854083
2004,4,12,21.5,2.0,0.0,11.75,0.0,49.793500759
2004,4,13,25.0,4.5,0.0,14.75,0.0,48.2107021407
2004,4,14,26.5,6.5,0.0,16.5,0.0,49.5786976794
2004,4,15,27.0,6.0,0.0,16.5,0.0,47.4231021282
2004,4,16,27.0,7.5,0.0,17.25,0.0,51.3902799981
2004,4,17,25.0,11.0,0.0,18.0,0.0,64.7045666489
2004,4,18,23.0,5.0,0.0,14.0,0.0,53.1275140725
2004,4,19,23.5,5.0,0.0,14.25,0.0,52.2771301796
2004,4,20,23.5,4.0,0.0,13.75,0.0,48.8510358554
2004,4,21,24.5,4.5,0.0,14.5,0.0,48.9921919018
2004,4,22,25.5,7.0,0.0,16.25,0.0,50.3725943476
2004,4,23,23.5,3.5,0.0,13.5,0.0,47.03540722
2004,4,24,25.0,3.5,0.0,14.25,0.0,42.319581574
2004,4,25,27.5,5.5,0.0,16.5,0.0,40.9563154743
2004,4,26,27.5,10.0,0.0,18.75,0.0,50.5091751422
2004,4,27,27.5,11.5,0.0,19.5,0.0,55.3424542182
2004,4,28,27.5,9.0,0.0,18.25,0.0,48.2552414051
2004,4,29,26.0,13.0,0.0,19.5,0.0,64.2686565115
2004,4,30,23.5,7.5,0.0,15.5,0.0,52.8401052633
2004,5,1,24.5,5.0,0.0,14.75,0.0,45.8001670336
2004,5,2,26.5,9.0,0.0,17.75,0.0,49.7954008896
2004,5,3,29.5,10.5,0.0,20.0,0.0,46.7281285285
2004,5,4,32.0,9.5,0.0,20.75,0.0,39.6541619339
2004,5,5,32.0,11.0,0.0,21.5,0.0,41.0219554156
2004,5,6,32.0,12.0,0.0,22.0,0.0,44.3752950552
2004,5,7,33.0,11.0,0.0,22.0,0.0,39.7847472908
2004,5,8,32.5,14.0,0.0,23.25,0.0,48.2135596022
2004,5,9,32.0,14.0,0.0,23.0,0.0,48.9505368043
2004,5,10,30.5,13.5,0.0,22.0,0.0,52.0262079957
2004,5,11,29.0,15.0,0.0,22.0,0.0,61.2073035244
2004,5,12,27.5,11.0,0.0,19.25,0.0,52.5839330785
2004,5,13,27.5,7.5,0.0,17.5,0.0,42.4921301603
2004,5,14,30.0,7.0,0.0,18.5,0.0,38.0040309058
2004,5,15,32.5,11.0,0.0,21.75,0.0,40.39809078
2004,5,16,32.0,10.0,0.0,21.0,0.0,39.0480403787
2004,5,17,32.0,12.0,0.0,22.0,0.0,44.3752950552
2004,5,18,33.0,11.0,0.0,22.0,0.0,39.7847472908
2004,5,19,33.5,11.5,0.0,22.5,0.0,40.0730384547
2004,5,20,32.5,11.0,0.0,21.75,0.0,40.39809078
2004,5,21,30.5,11.5,0.0,21.0,0.0,45.5560471085
2004,5,22,28.0,10.0,0.0,19.0,0.0,47.8848726972
2004,5,23,29.5,9.0,0.0,19.25,0.0,41.7044986484
2004,5,24,30.5,10.5,0.0,20.5,0.0,41.9486965614
2004,5,25,28.5,15.0,0.0,21.75,0.0,59.0433634476
2004,5,26,28.0,16.5,0.0,22.25,0.0,66.3075447774
2004,5,27,28.0,10.5,0.0,19.25,0.0,47.1442158635
2004,5,28,30.0,9.5,0.0,19.75,0.0,38.6698596913
2004,5,29,29.0,11.0,0.0,20.0,0.0,43.2667856746
2004,5,30,30.5,11.5,0.0,21.0,0.0,40.6750420611
2004,5,31,33.5,13.0,0.0,23.25,0.0,38.2872385076
2004,6,1,35.0,12.5,0.0,23.75,0.0,34.3943468001
2004,6,2,37.0,13.0,0.0,25.0,0.0,31.9022980918
2004,6,3,38.0,14.5,0.0,26.25,0.0,27.240657775
2004,6,4,37.5,20.5,0.0,29.0,0.0,37.2711252041
2004,6,5,36.5,16.0,0.0,26.25,0.0,29.609410625
2004,6,6,36.5,16.0,0.0,26.25,0.0,29.609410625
2004,6,7,35.5,16.5,0.0,26.0,0.0,32.457143265
2004,6,8,34.5,15.5,0.0,25.0,0.0,31.9022980918
2004,6,9,31.5,16.0,0.0,23.75,0.0,41.2732161601
2004,6,10,29.5,10.0,0.0,19.75,0.0,31.6389761111
2004,6,11,31.5,9.0,0.0,20.25,0.0,25.5612492216
2004,6,12,33.0,10.5,0.0,21.75,0.0,23.3065908346
2004,6,13,34.5,12.5,0.0,23.5,0.0,20.9509821329
2004,6,14,36.0,13.0,0.0,24.5,0.0,19.7245143245
2004,6,15,35.5,14.5,0.0,25.0,0.0,22.9696546261
2004,6,16,34.0,14.0,0.0,24.0,0.0,24.3929623942
2004,6,17,34.5,13.5,0.0,24.0,0.0,23.0377978168
2004,6,18,34.5,15.0,0.0,24.75,0.0,25.9073524781
2004,6,19,35.0,14.5,0.0,24.75,0.0,23.3166172303
2004,6,20,35.0,15.0,0.0,25.0,0.0,24.2457465498
2004,6,21,33.5,15.0,0.0,24.25,0.0,28.0328559806
2004,6,22,32.0,16.0,0.0,24.0,0.0,33.8791144364
2004,6,23,30.5,17.5,0.0,24.0,0.0,43.3652664786
2004,6,24,33.5,17.0,0.0,25.25,0.0,32.6855009366
2004,6,25,35.5,15.0,0.0,25.25,0.0,23.8855583768
2004,6,26,36.5,17.5,0.0,27.0,0.0,27.1891256157
2004,6,27,35.5,17.5,0.0,26.5,0.0,29.1731797528
2004,6,28,33.0,17.5,0.0,25.25,0.0,35.1997702394
2004,6,29,33.0,17.0,0.0,25.0,0.0,34.4544819392
2004,6,30,33.5,13.0,0.0,23.25,0.0,21.2706880598
2004,7,1,35.0,11.0,0.0,23.0,0.0,17.2766600486
2004,7,2,35.5,12.0,0.0,23.75,0.0,17.885060336
2004,7,3,35.0,13.0,0.0,24.0,0.0,18.9723040844
2004,7,4,34.5,14.5,0.0,24.5,0.0,19.7245143245
2004,7,5,35.5,14.0,0.0,24.75,0.0,19.4305143586
2004,7,6,36.5,15.0,0.0,25.75,0.0,19.5224397615
2004,7,7,35.5,17.5,0.0,26.5,0.0,22.1716166121
2004,7,8,34.0,18.5,0.0,26.25,0.0,23.6875285
2004,7,9,33.0,19.0,0.0,26.0,0.0,25.2444447617
2004,7,10,35.5,18.0,0.0,26.75,0.0,22.9952699531
2004,7,11,35.0,19.5,0.0,27.25,0.0,24.5579924612
2004,7,12,35.5,19.5,2.0,27.5,0.2,24.1985707057
2004,7,13,34.5,18.0,7.0,26.25,0.7,23.6875285
2004,7,14,30.0,19.0,2.0,24.5,0.2,27.6143200544
2004,7,15,33.0,17.5,0.0,25.25,0.0,23.8855583768
2004,7,16,35.0,18.0,0.0,26.5,0.0,23.3385438022
2004,7,17,35.0,20.0,0.0,27.5,0.0,24.1985707057
2004,7,18,35.5,19.5,0.0,27.5,0.0,24.1985707057
2004,7,19,36.5,19.0,0.0,27.75,0.0,22.7611304352
2004,7,20,36.5,17.5,8.0,27.0,0.8,21.5247244457
2004,7,21,36.5,20.0,0.0,28.25,0.0,23.1549603031
2004,7,22,35.5,20.5,8.0,28.0,0.8,24.5652102892
2004,7,23,33.0,19.5,0.0,26.25,0.0,26.05628135
2004,7,24,30.5,18.0,0.0,24.25,0.0,26.6979580768
2004,7,25,31.0,17.5,0.0,24.25,0.0,25.3630601729
2004,7,26,30.5,16.5,0.0,23.5,0.0,25.1411785594
2004,7,27,30.5,17.0,13.0,23.75,1.3,24.7639296961
2004,7,28,31.5,16.5,14.0,24.0,1.4,24.3929623942
2004,7,29,33.0,16.5,0.0,24.75,0.0,23.3166172303
2004,7,30,35.0,17.0,0.0,26.0,0.0,21.63809551
2004,7,31,36.0,18.5,0.0,27.25,0.0,22.325447692
2004,8,1,33.0,18.0,6.0,25.5,0.6,29.7237612612
2004,8,2,31.5,18.5,7.0,25.0,0.7,39.5588496339
2004,8,3,34.0,19.0,0.0,26.5,0.0,26.8393253726
2004,8,4,33.5,20.0,0.0,26.75,0.0,31.0436144367
2004,8,5,32.0,18.5,3.0,25.25,0.3,41.4854434965
2004,8,6,33.5,17.5,0.0,25.5,0.0,24.769801051
2004,8,7,34.5,19.0,0.0,26.75,0.0,26.4445604461
2004,8,8,36.0,18.5,0.0,27.25,0.0,22.325447692
2004,8,9,35.5,18.5,0.0,27.0,0.0,23.7904849137
2004,8,10,35.5,18.0,0.0,26.75,0.0,22.9952699531
2004,8,11,36.5,16.5,0.0,26.5,0.0,21.004689422
2004,8,12,34.5,20.0,0.0,27.25,0.0,30.1393543843
2004,8,13,33.0,17.0,6.0,25.0,0.6,37.0066657865
2004,8,14,28.5,14.5,0.0,21.5,0.0,34.7108853516
2004,8,15,29.0,17.5,12.0,23.25,1.2,55.3037889555
2004,8,16,27.0,16.0,4.0,21.5,0.4,61.5329331234
2004,8,17,29.5,14.5,12.0,22.0,1.2,48.9658428195
2004,8,18,29.5,15.5,7.0,22.5,0.7,54.914904549
2004,8,19,30.5,15.0,7.0,22.75,0.7,52.6235864118
2004,8,20,32.0,15.5,0.0,23.75,0.0,42.6489900321
2004,8,21,32.5,14.0,0.0,23.25,0.0,38.2872385076
2004,8,22,33.0,13.0,0.0,23.0,0.0,35.9930417678
2004,8,23,31.5,15.0,0.0,23.25,0.0,43.9594219903
2004,8,24,29.0,17.0,1.0,23.0,0.1,59.0285884992
2004,8,25,32.0,14.0,0.0,23.0,0.0,40.31220678
2004,8,26,33.5,14.5,0.0,24.0,0.0,39.2997727463
2004,8,27,34.0,14.0,0.0,24.0,0.0,37.9446081688
2004,8,28,34.0,16.5,0.0,25.25,0.0,42.7425781479
2004,8,29,35.0,16.5,0.0,25.75,0.0,41.4851844932
2004,8,30,35.0,17.0,0.0,26.0,0.0,42.0740746028
2004,8,31,35.0,16.5,0.0,25.75,0.0,41.4851844932
2004,9,1,33.0,16.0,0.0,24.5,0.0,44.7088991356
2004,9,2,33.5,16.5,0.0,25.0,0.0,45.9393092522
2004,9,3,31.5,19.5,0.0,25.5,0.0,61.9245026276
2004,9,4,26.0,17.5,10.0,21.75,1.0,77.6886361153
2004,9,5,28.5,15.0,0.0,21.75,0.0,57.4895907253
2004,9,6,31.0,13.0,0.0,22.0,0.0,45.9054776433
2004,9,7,31.0,16.5,0.0,23.75,0.0,55.0309548801
2004,9,8,31.0,17.0,0.0,24.0,0.0,56.9169122532
2004,9,9,32.0,15.5,0.0,23.75,0.0,49.5278593921
2004,9,10,33.5,16.0,0.0,24.75,0.0,47.9286020845
2004,9,11,35.0,14.5,0.0,24.75,0.0,41.451763965
2004,9,12,36.0,15.0,0.0,25.5,0.0,40.8701717342
2004,9,13,34.0,17.0,0.0,25.5,0.0,49.5396021021
2004,9,14,33.0,17.0,0.0,25.0,0.0,52.3197688706
2004,9,15,33.0,15.0,0.0,24.0,0.0,47.430760211
2004,9,16,34.0,14.0,0.0,24.0,0.0,43.3652664786
2004,9,17,33.0,16.0,0.0,24.5,0.0,51.2837372438
2004,9,18,29.0,17.5,14.0,23.25,1.4,70.9022935327
2004,9,19,23.0,15.5,10.0,19.25,1.0,79.7825191535
2004,9,20,26.0,13.0,4.0,19.5,0.4,66.0538969702
2004,9,21,25.5,9.0,0.0,17.25,0.0,55.5015023979
2004,9,22,26.5,6.5,0.0,16.5,0.0,47.4231021282
2004,9,23,29.0,8.0,0.0,18.5,0.0,45.6048370869
2004,9,24,31.0,11.0,0.0,21.0,0.0,48.8100504733
2004,9,25,28.0,12.0,0.0,20.0,0.0,58.8428285174
2004,9,26,25.5,11.0,0.0,18.25,0.0,63.6969186547
2004,9,27,28.5,12.5,0.0,20.5,0.0,58.728175186
2004,9,28,28.0,13.0,0.0,20.5,0.0,62.0840709109
2004,9,29,28.0,13.0,0.0,20.5,0.0,62.0840709109
2004,9,30,26.5,11.0,0.0,18.75,0.0,59.8627260945
2004,10,1,26.0,7.5,0.0,16.75,0.0,53.0420118736
2004,10,2,28.5,12.0,0.0,20.25,0.0,57.9388315689
2004,10,3,30.0,11.5,0.0,20.75,0.0,52.8722159118
2004,10,4,31.5,10.0,0.0,20.75,0.0,47.9154456701
2004,10,5,29.5,9.5,0.0,19.5,0.0,49.9867328423
2004,10,6,29.0,8.0,0.0,18.5,0.0,47.5050386322
2004,10,7,29.0,9.5,0.0,19.25,0.0,52.5839330785
2004,10,8,29.5,9.0,0.0,19.25,0.0,50.7706940068
2004,10,9,28.5,11.0,0.0,19.75,0.0,58.004789537
2004,10,10,27.5,10.0,0.0,18.75,0.0,57.9920159041
2004,10,11,25.5,10.0,0.0,17.75,0.0,61.7462971031
2004,10,12,26.5,11.5,0.0,19.0,0.0,62.618679681
2004,10,13,26.5,9.0,0.0,17.75,0.0,55.7708489963
2004,10,14,25.5,8.0,0.0,16.75,0.0,57.2853728235
2004,10,15,28.0,7.5,0.0,17.75,0.0,49.7954008896
2004,10,16,27.5,10.0,0.0,18.75,0.0,56.1213057136
2004,10,17,24.0,11.5,0.0,17.75,0.0,67.7217452098
2004,10,18,21.0,8.0,0.0,14.5,0.0,66.1394590674
2004,10,19,23.0,6.0,0.0,14.5,0.0,56.3410206871
2004,10,20,26.0,8.0,0.0,17.0,0.0,56.3856147422
2004,10,21,22.5,9.0,0.0,15.75,0.0,65.5690255576
2004,10,22,19.0,6.5,7.0,12.75,0.7,65.8467213784
2004,10,23,22.0,3.0,0.0,12.5,0.0,52.9856259326
2004,10,24,23.0,5.5,0.0,14.25,0.0,57.2559044825
2004,10,25,23.0,8.5,0.0,15.75,0.0,63.3080246763
2004,10,26,22.5,10.5,4.0,16.5,0.4,68.9790576409
2004,10,27,22.0,12.0,0.0,17.0,0.0,73.0924635547
2004,10,28,21.0,8.0,0.0,14.5,0.0,66.1394590674
2004,10,29,18.0,3.5,4.0,10.75,0.4,62.5683557797
2004,10,30,20.0,2.5,0.0,11.25,0.0,54.4843273167
2004,10,31,18.0,2.5,0.0,10.25,0.0,58.2067681539
2004,11,1,12.5,2.0,0.0,7.25,0.0,71.1718327379
2004,11,2,14.5,-2.0,0.0,6.25,0.0,55.0183481677
2004,11,3,19.0,0.0,0.0,9.5,0.0,50.9861253841
2004,11,4,22.0,2.5,0.0,12.25,0.0,48.1889381619
2004,11,5,23.0,7.0,0.0,15.0,0.0,56.9316031092
2004,11,6,20.5,8.5,0.0,14.5,0.0,68.5890686625
2004,11,7,19.5,10.5,0.0,15.0,0.0,75.9088041456
2004,11,8,21.0,7.5,3.0,14.25,0.3,64.7240659367
2004,11,9,17.5,1.5,0.0,9.5,0.0,57.7842754353
2004,11,10,19.0,1.0,0.0,10.0,0.0,52.605133974
2004,11,11,21.0,2.5,0.0,11.75,0.0,52.7225302154
2004,11,12,18.0,3.0,0.0,10.5,0.0,60.4310480486
2004,11,13,15.0,1.5,0.0,8.25,0.0,62.8298460914
2004,11,14,10.5,4.0,0.0,7.25,0.0,79.0798141532
2004,11,15,12.5,4.5,0.0,8.5,0.0,76.3201603253
2004,11,16,15.0,4.0,0.0,9.5,0.0,67.9815005121
2004,11,17,17.5,1.5,0.0,9.5,0.0,47.5870503585
2004,11,18,19.0,3.5,0.0,11.25,0.0,45.4036060973
2004,11,19,19.0,1.0,0.0,10.0,0.0,39.4538504805
2004,11,20,18.0,2.5,0.0,10.25,0.0,45.2719307864
2004,11,21,17.0,5.5,0.0,11.25,0.0,60.538141463
2004,11,22,14.0,1.0,0.0,7.5,0.0,54.4270053617
2004,11,23,9.0,1.0,6.0,5.0,0.6,73.7723475413
2004,11,24,13.0,0.0,0.0,6.5,0.0,58.2492427789
2004,11,25,16.5,-1.5,0.0,7.5,0.0,42.7640756413
2004,11,26,15.5,-1.0,0.0,7.25,0.0,47.4478884919
2004,11,27,17.5,-0.5,0.0,8.5,0.0,43.6115201859
2004,11,28,14.0,0.5,0.0,7.25,0.0,55.3558699072
2004,11,29,7.5,-6.0,0.0,0.75,0.0,55.856018199
2004,11,30,9.5,-8.0,0.0,0.75,0.0,49.6497939547
2004,12,1,13.5,-4.5,0.0,4.5,0.0,42.9530257455
2004,12,2,15.5,-4.5,0.0,5.5,0.0,40.0951902017
2004,12,3,16.5,-1.5,0.0,7.5,0.0,42.7640756413
2004,12,4,10.5,1.0,10.0,5.75,1.0,70.0693198645
2004,12,5,10.0,1.5,7.0,5.75,0.7,74.4486523561
2004,12,6,8.5,0.5,6.0,4.5,0.6,76.3609346587
2004,12,7,10.5,-2.0,0.0,4.25,0.0,63.1253326111
2004,12,8,13.5,-1.0,0.0,6.25,0.0,59.250528796
2004,12,9,16.5,-0.5,0.0,8.0,0.0,52.6205265456
2004,12,10,20.0,2.0,0.0,11.0,0.0,49.2351873476
2004,12,11,22.0,4.0,0.0,13.0,0.0,48.5876892214
2004,12,12,22.5,3.5,0.0,13.0,0.0,45.8883731535
2004,12,13,21.0,3.0,0.0,12.0,0.0,48.9839462128
2004,12,14,15.0,3.5,0.0,9.25,0.0,69.1251758684
2004,12,15,16.0,-1.0,0.0,7.5,0.0,50.5393621216
2004,12,16,13.5,-2.0,0.0,5.75,0.0,56.9313223899
2004,12,17,12.0,1.0,0.0,6.5,0.0,66.5705631758
2004,12,18,14.0,-1.5,0.0,6.25,0.0,50.7861675394
2004,12,19,16.5,-0.5,0.0,8.0,0.0,41.3446994287
2004,12,20,17.5,-2.0,0.0,7.75,0.0,34.4027184719
2004,12,21,14.5,0.5,0.0,7.5,0.0,50.5393621216
2004,12,22,11.5,-1.0,0.0,5.25,0.0,54.3858895597
2004,12,23,8.5,-5.0,0.0,1.75,0.0,52.0409445064
2004,12,24,7.5,-6.0,0.0,0.75,0.0,55.856018199
2004,12,25,14.0,-5.0,0.0,4.5,0.0,38.1804673294
2004,12,26,15.0,-1.0,0.0,7.0,0.0,44.2375120123
2004,12,27,16.0,2.5,0.0,9.25,0.0,51.8438819013
2004,12,28,17.0,4.0,0.0,10.5,0.0,50.8893036199
2004,12,29,17.0,9.0,6.0,13.0,0.6,78.2801659678
2004,12,30,16.0,4.0,5.0,10.0,0.5,65.7564174675
2005,1,1,16.0,0.5,0.0,8.25,0.0,22.175239797
2005,1,2,13.0,5.0,9.0,9.0,0.9,52.7176281306
2005,1,3,13.5,6.5,13.0,10.0,1.3,59.1807757208
2005,1,4,12.5,3.0,5.0,7.75,0.5,57.3378641198
2005,1,5,8.0,-1.5,6.0,3.25,0.6,62.4616972764
2005,1,6,9.5,-4.0,0.0,2.75,0.0,43.1211853054
2005,1,7,14.5,-3.0,0.0,5.75,0.0,35.0346599323
2005,1,8,16.0,1.5,0.0,8.75,0.0,39.3123059284
2005,1,9,18.0,2.0,0.0,10.0,0.0,32.8782087338
2005,1,10,19.5,3.5,0.0,11.5,0.0,32.7527542615
2005,1,11,18.5,4.0,0.0,11.25,0.0,36.3228848778
2005,1,12,11.0,-1.0,0.0,5.0,0.0,46.1077172133
2005,1,13,12.5,-4.0,0.0,4.25,0.0,33.9905637137
2005,1,14,15.5,1.0,0.0,8.25,0.0,36.9587329949
2005,1,15,19.0,-2.0,0.0,8.5,0.0,25.4400534418
2005,1,16,19.0,1.5,0.0,10.25,0.0,29.103384077
2005,1,17,19.0,2.0,0.0,10.5,0.0,28.6252332862
2005,1,18,19.5,2.5,0.0,11.0,0.0,30.7719920923
2005,1,19,21.0,3.0,0.0,12.0,0.0,25.9326774068
2005,1,20,20.5,4.5,0.0,12.5,0.0,30.6758886978
2005,1,21,15.0,6.5,6.0,10.75,0.6,68.8251913576
2005,1,22,16.0,4.5,4.0,10.25,0.4,58.2067681539
2005,1,23,15.5,6.0,0.0,10.75,0.0,59.4399379907
2005,1,24,15.5,4.5,6.0,10.0,0.6,62.4685965941
2005,1,25,18.0,3.0,0.0,10.5,0.0,44.5281406674
2005,1,26,13.5,7.0,10.0,10.25,1.0,80.8427335471
2005,1,27,13.0,5.0,11.0,9.0,1.1,77.3191879249
2005,1,28,14.5,1.0,0.0,7.75,0.0,57.3378641198
2005,1,29,13.5,0.0,0.0,6.75,0.0,57.2666221275
2005,1,30,9.5,-2.0,0.0,3.75,0.0,65.3525484301
2005,1,31,11.5,-2.0,0.0,4.75,0.0,56.2907379743
2005,2,1,11.0,-1.0,0.0,5.0,0.0,64.5508040986
2005,2,2,9.0,0.5,0.0,4.75,0.0,75.054317299
2005,2,3,11.0,1.0,0.0,6.0,0.0,68.8809914218
2005,2,4,9.5,2.0,0.0,5.75,0.0,78.8279848476
2005,2,5,11.0,1.5,0.0,6.25,0.0,71.9470706808
2005,2,6,12.0,3.5,0.0,7.75,0.0,76.450485493
2005,2,7,12.5,2.0,0.0,7.25,0.0,67.2178420302
2005,2,8,14.5,0.0,0.0,7.25,0.0,51.4018791996
2005,2,9,16.5,0.0,0.0,8.25,0.0,44.3504795939
2005,2,10,12.5,6.0,7.0,9.25,0.7,79.4939522487
2005,2,11,10.5,7.5,14.0,9.0,1.4,91.377222093
2005,2,12,12.0,6.5,16.0,9.25,1.6,82.9502110421
2005,2,13,14.5,4.0,4.0,9.25,0.4,69.1251758684
2005,2,14,17.0,3.0,0.0,10.0,0.0,59.1807757208
2005,2,15,17.0,5.0,0.0,11.0,0.0,64.6211833938
2005,2,16,18.5,6.5,0.0,12.5,0.0,64.14049455
2005,2,17,15.5,8.5,2.0,12.0,0.2,80.6794408211
2005,2,18,18.0,7.5,5.0,12.75,0.5,71.3339481599
2005,2,19,14.0,6.0,4.0,10.0,0.4,75.6198800876
2005,2,20,15.0,5.0,6.0,10.0,0.6,72.3320592143
2005,2,21,18.0,4.0,0.0,11.0,0.0,61.5439841845
2005,2,22,16.5,5.0,2.0,10.75,0.2,68.8251913576
2005,2,23,16.0,2.5,0.0,9.25,0.0,62.2126582816
2005,2,24,14.0,0.5,0.0,7.25,0.0,63.2638513225
2005,2,25,13.5,2.5,0.0,8.0,0.0,67.6549627014
2005,2,26,14.0,2.5,0.0,8.25,0.0,66.5257193909
2005,2,27,14.0,0.5,0.0,7.25,0.0,63.2638513225
2005,2,28,16.0,-0.5,0.0,7.75,0.0,53.5153398451
2005,3,1,16.5,0.0,0.0,8.25,0.0,51.7422261929
2005,3,2,18.5,1.5,0.0,10.0,0.0,52.605133974
2005,3,3,17.0,1.0,0.0,9.0,0.0,52.7176281306
2005,3,4,18.0,1.5,0.0,9.75,0.0,53.4869757527
2005,3,5,15.0,4.0,4.0,9.5,0.4,67.9815005121
2005,3,6,12.5,2.5,5.0,7.5,0.5,69.9775783222
2005,3,7,17.0,-0.5,0.0,8.25,0.0,51.7422261929
2005,3,8,19.5,2.5,0.0,11.0,0.0,52.3123865569
2005,3,9,22.5,3.0,0.0,12.75,0.0,46.641427643
2005,3,10,25.0,4.0,0.0,14.5,0.0,44.0929727116
2005,3,11,24.5,5.5,0.0,15.0,0.0,47.443002591
2005,3,12,24.0,6.5,0.0,15.25,0.0,51.3577105207
2005,3,13,22.5,5.5,0.0,14.0,0.0,53.1275140725
2005,3,14,20.0,5.5,0.0,12.75,0.0,57.6158812061
2005,3,15,14.0,0.5,0.0,7.25,0.0,63.2638513225
2005,3,16,15.0,-2.5,0.0,6.25,0.0,50.7861675394
2005,3,17,17.5,-1.5,0.0,8.0,0.0,48.8619175066
2005,3,18,17.5,3.5,0.0,10.5,0.0,60.4310480486
2005,3,19,15.5,7.0,0.0,11.25,0.0,75.6726768288
2005,3,20,16.5,6.0,0.0,11.25,0.0,69.6188626825
2005,3,21,16.5,1.0,0.0,8.75,0.0,57.1815358958
2005,3,22,20.5,0.5,0.0,10.5,0.0,44.5281406674
2005,3,23,18.5,4.0,0.0,11.25,0.0,57.5112343899
2005,3,24,16.5,4.5,0.0,10.5,0.0,66.7922110011
2005,3,25,15.5,4.5,0.0,10.0,0.0,69.0442383409
2005,3,26,15.5,1.5,0.0,8.5,0.0,58.1486935812
2005,3,27,21.0,-0.5,0.0,10.25,0.0,42.0382214445
2005,3,28,24.0,4.0,0.0,14.0,0.0,43.0079875825
2005,3,29,17.5,5.0,0.0,11.25,0.0,63.5650485362
2005,3,30,17.5,1.5,0.0,9.5,0.0,54.3852004097
2005,3,31,16.5,1.5,0.0,9.0,0.0,56.2321366726
2005,4,1,18.5,2.5,0.0,10.5,0.0,54.0698850961
2005,4,2,24.5,4.0,0.0,14.25,0.0,42.319581574
2005,4,3,24.0,6.0,0.0,15.0,0.0,45.0708524614
2005,4,4,23.0,3.5,0.0,13.25,0.0,39.8371419237
2005,4,5,22.0,3.0,0.0,12.5,0.0,39.0420401609
2005,4,6,24.5,2.0,0.0,13.25,0.0,31.8697135389
2005,4,7,28.5,7.5,0.0,18.0,0.0,33.3326555464
2005,4,8,24.5,10.5,0.0,17.5,0.0,50.5858692385
2005,4,9,18.0,4.0,0.0,11.0,0.0,52.3123865569
2005,4,10,18.0,0.0,0.0,9.0,0.0,38.6595939624
2005,4,11,21.5,1.0,0.0,11.25,0.0,33.2959778047
2005,4,12,26.0,3.0,0.0,14.5,0.0,29.3953151411
2005,4,13,29.0,6.5,0.0,17.75,0.0,29.8772405337
2005,4,14,29.0,7.0,0.0,18.0,0.0,31.3719111025
2005,4,15,29.5,7.0,0.0,18.25,0.0,30.8833544993
2005,4,16,30.0,7.5,0.0,18.75,0.0,29.9313630473
2005,4,17,29.0,8.0,0.0,18.5,0.0,32.3034262699
2005,4,18,26.5,8.0,0.0,17.25,0.0,37.0010015986
2005,4,19,26.0,7.0,0.0,16.5,0.0,36.6451243718
2005,4,20,24.5,4.5,0.0,14.5,0.0,34.2945343313
2005,4,21,26.5,4.5,0.0,15.5,0.0,29.8661464531
2005,4,22,28.0,6.5,0.0,17.25,0.0,30.8341679988
2005,4,23,28.0,9.0,0.0,18.5,0.0,34.2036278152
2005,4,24,19.5,8.5,5.0,14.0,0.5,68.3068038075
2005,4,25,19.5,5.5,0.0,12.5,0.0,47.4081916239
2005,4,26,23.0,4.0,0.0,13.5,0.0,33.9700163256
2005,4,27,24.5,5.5,0.0,15.0,0.0,30.8379516841
2005,4,28,23.5,6.5,0.0,15.0,0.0,30.8379516841
2005,4,29,19.0,7.0,0.0,13.0,0.0,45.8883731535
2005,4,30,24.5,3.0,0.0,13.75,0.0,20.5688572023
2005,5,1,26.0,6.5,0.0,16.25,0.0,24.0912407749
2005,5,2,26.5,7.0,0.0,16.75,0.0,23.3384852244
2005,5,3,26.5,7.0,0.0,16.75,0.0,23.3384852244
2005,5,4,28.5,8.0,0.0,18.25,0.0,23.1625158744
2005,5,5,29.5,11.0,0.0,20.25,0.0,25.5612492216
2005,5,6,23.0,9.5,0.0,16.25,0.0,39.422030359
2005,5,7,22.5,6.5,0.0,14.5,0.0,31.8449247362
2005,5,8,25.0,5.5,0.0,15.25,0.0,23.344413873
2005,5,9,28.5,7.0,0.0,17.75,0.0,19.9181603558
2005,5,10,27.5,8.5,0.0,18.0,0.0,23.5289333269
2005,5,11,25.5,5.5,0.0,15.5,0.0,22.9739588101
2005,5,12,27.5,4.5,0.0,16.0,0.0,17.8019513815
2005,5,13,29.5,6.5,0.0,18.0,0.0,17.6466999951
2005,5,14,30.5,8.5,0.0,19.5,0.0,17.8524045865
2005,5,15,31.5,10.0,0.0,20.75,0.0,18.1748242197
2005,5,16,32.0,10.5,0.0,21.25,0.0,19.2260949658
2005,5,17,28.5,12.0,0.0,20.25,0.0,22.1530826587
2005,5,18,29.5,10.5,0.0,20.0,0.0,20.7680571238
2005,5,19,34.0,11.0,0.0,22.5,0.0,17.8102393132
2005,5,20,37.5,13.5,0.0,25.5,0.0,17.3388607357
2005,5,21,38.5,16.0,0.0,27.25,0.0,18.9766305382
2005,5,22,39.0,16.5,0.0,27.75,0.0,19.5095403731
2005,5,23,37.5,17.0,0.0,27.25,0.0,20.0929029228
2005,5,24,36.0,17.0,0.0,26.5,0.0,21.004689422
2005,5,25,34.5,16.5,0.0,25.5,0.0,22.2928209459
2005,5,26,33.5,17.0,0.0,25.25,0.0,22.6284237254
2005,5,27,32.0,15.0,8.0,23.5,0.8,22.3477142751
2005,5,28,27.0,14.0,17.0,20.5,1.7,25.1692179369
2005,5,29,28.0,14.0,0.0,21.0,0.0,24.4050252367
2005,5,30,29.5,15.0,0.0,22.25,0.0,24.1118344645
2005,5,31,30.5,11.5,0.0,21.0,0.0,19.5240201893
2005,6,1,33.0,12.5,0.0,22.75,0.0,19.0029617598
2005,6,2,30.5,14.5,0.0,22.5,0.0,22.2627991415
2005,6,3,29.0,11.0,0.0,20.0,0.0,20.7680571238
2005,6,4,29.5,12.5,0.0,21.0,0.0,21.1510218718
2005,6,5,31.5,11.5,0.0,21.5,0.0,18.9332101918
2005,6,6,31.0,12.5,0.0,21.75,0.0,20.19904539
2005,6,7,31.0,12.5,0.0,21.75,0.0,20.19904539
2005,6,8,32.0,11.0,0.0,21.5,0.0,18.9332101918
2005,6,9,31.5,12.0,0.0,21.75,0.0,20.19904539
2005,6,10,30.0,12.0,0.0,21.0,0.0,21.1510218718
2005,6,11,30.0,14.0,0.0,22.0,0.0,22.9527388216
2005,6,12,30.5,14.5,0.0,22.5,0.0,22.2627991415
2005,6,13,33.5,12.5,0.0,23.0,0.0,18.7163817193
2005,6,14,37.5,14.5,0.0,26.0,0.0,18.0317462584
2005,6,15,37.0,16.5,0.0,26.75,0.0,20.6957429578
2005,6,16,36.0,16.5,0.0,26.25,0.0,21.31877565
2005,6,17,34.5,14.5,0.0,24.5,0.0,19.7245143245
2005,6,18,35.0,13.0,0.0,24.0,0.0,18.9723040844
2005,6,19,35.5,14.5,0.0,25.0,0.0,19.1413788551
2005,6,20,38.5,17.5,0.0,28.0,0.0,20.2929998041
2005,6,21,37.5,19.5,0.0,28.5,0.0,22.8183016204
2005,6,22,37.5,20.0,0.0,28.75,0.0,22.4870834688
2005,6,23,36.0,20.0,0.0,28.0,0.0,23.4971576679
2005,6,24,34.5,19.5,0.0,27.0,0.0,24.9233651477
2005,6,25,35.5,18.5,0.0,27.0,0.0,22.6576046797
2005,6,26,36.0,16.0,0.0,26.0,0.0,20.4359790928
2005,6,27,37.5,17.5,0.0,27.5,0.0,20.8987656095
2005,6,28,38.0,19.5,0.0,28.75,0.0,22.4870834688
2005,6,29,38.0,17.0,0.0,27.5,0.0,19.7988305774
2005,6,30,39.0,16.5,0.0,27.75,0.0,19.5095403731
2005,7,1,38.5,17.5,0.0,28.0,0.0,20.2929998041
2005,7,2,38.0,17.5,0.0,27.75,0.0,20.5934037271
2005,7,3,37.5,18.0,0.0,27.75,0.0,21.6772670812
2005,7,4,38.0,17.5,0.0,27.75,0.0,20.5934037271
2005,7,5,39.0,18.0,0.0,28.5,0.0,20.743910564
2005,7,6,38.5,18.0,0.0,28.25,0.0,21.0499639119
2005,7,7,38.0,18.5,0.0,28.25,0.0,21.0499639119
2005,7,8,37.5,19.0,0.0,28.25,0.0,22.1024621075
2005,7,9,37.0,18.5,0.0,27.75,0.0,21.6772670812
2005,7,10,36.5,16.5,0.0,26.5,0.0,21.004689422
2005,7,11,38.0,15.5,0.0,26.75,0.0,18.3962159625
2005,7,12,40.0,17.0,0.0,28.5,0.0,18.6695195076
2005,7,13,37.5,23.5,0.0,30.5,0.0,25.8529505231
2005,7,14,38.0,20.0,0.0,29.0,0.0,22.1612095808
2005,7,15,37.5,20.5,0.0,29.0,0.0,23.168537289
2005,7,16,38.5,21.5,0.0,30.0,0.0,23.7605626095
2005,7,17,39.0,20.5,11.0,29.75,1.1,22.1790236468
2005,7,18,37.5,20.5,0.0,29.0,0.0,23.168537289
2005,7,19,38.5,20.5,4.0,29.5,0.4,22.5035331995
2005,7,20,37.5,20.5,5.0,29.0,0.5,23.168537289
2005,7,21,37.0,20.5,0.0,28.75,0.0,23.5092236265
2005,7,22,33.5,22.0,0.0,27.75,0.0,29.2643105596
2005,7,23,34.0,20.5,0.0,27.25,0.0,25.6742648458
2005,7,24,32.5,20.0,0.0,26.25,0.0,26.05628135
2005,7,25,34.0,18.5,0.0,26.25,0.0,23.6875285
2005,7,26,34.5,20.0,0.0,27.25,0.0,24.5579924612
2005,7,27,33.0,19.0,0.0,26.0,0.0,25.2444447617
2005,7,28,32.5,19.0,0.0,25.75,0.0,25.623202187
2005,7,29,32.0,20.0,0.0,26.0,0.0,26.4465611789
2005,7,30,30.5,18.5,0.0,24.5,0.0,26.2993524327
2005,7,31,31.0,18.5,15.0,24.75,1.5,31.0888229737
2005,8,1,33.0,19.0,0.0,26.0,0.0,26.4465611789
2005,8,2,33.0,18.0,0.0,25.5,0.0,24.769801051
2005,8,3,31.0,16.0,0.0,23.5,0.0,23.7444464172
2005,8,4,33.0,18.5,0.0,25.75,0.0,24.4030497019
2005,8,5,32.0,19.0,0.0,25.5,0.0,28.4852712087
2005,8,6,32.5,19.0,3.0,25.75,0.3,37.8247270379
2005,8,7,32.0,18.5,0.0,25.25,0.0,28.9140969824
2005,8,8,31.0,18.0,14.0,24.5,1.4,40.7639962707
2005,8,9,29.0,17.5,22.0,23.25,2.2,53.8857430848
2005,8,10,27.0,18.5,8.0,22.75,0.8,76.0118470392
2005,8,11,30.0,17.5,0.0,23.75,0.0,49.5278593921
2005,8,12,29.5,18.0,0.0,23.75,0.0,53.6551810081
2005,8,13,29.0,17.5,0.0,23.25,0.0,53.8857430848
2005,8,14,25.0,16.5,13.0,20.75,1.3,76.0038103733
2005,8,15,29.5,15.0,0.0,22.25,0.0,46.716679275
2005,8,16,31.5,16.0,0.0,23.75,0.0,44.0247639041
2005,8,17,30.5,18.5,0.0,24.5,0.0,55.2286401087
2005,8,18,32.0,17.0,0.0,24.5,0.0,46.0238667573
2005,8,19,31.0,18.5,0.0,24.75,0.0,53.1100725801
2005,8,20,32.5,15.5,0.0,24.0,0.0,40.6549373237
2005,8,21,34.0,18.5,0.0,26.25,0.0,45.00630415
2005,8,22,33.0,19.5,0.0,26.25,0.0,50.928186275
2005,8,23,26.0,17.0,16.0,21.5,1.6,75.7328407672
2005,8,24,30.0,15.5,0.0,22.75,0.0,51.1618201226
2005,8,25,33.0,17.5,0.0,25.25,0.0,49.0282514049
2005,8,26,35.0,18.5,0.0,26.75,0.0,44.8407764086
2005,8,27,35.5,18.5,0.0,27.0,0.0,39.6508081895
2005,8,28,36.0,18.5,0.0,27.25,0.0,39.0695334611
2005,8,29,35.5,18.0,0.0,26.75,0.0,39.0919589203
2005,8,30,35.5,18.0,0.0,26.75,0.0,39.0919589203
2005,8,31,34.5,17.5,0.0,26.0,0.0,40.8719581856
2005,9,1,32.0,17.0,0.0,24.5,0.0,46.0238667573
2005,9,2,31.5,19.0,0.0,25.25,0.0,54.0567900106
2005,9,3,29.0,19.5,0.0,24.25,0.0,66.7448951919
2005,9,4,30.5,17.0,0.0,23.75,0.0,50.9036332641
2005,9,5,31.0,18.5,0.0,24.75,0.0,54.405440204
2005,9,6,32.5,18.0,0.0,25.25,0.0,47.7711167535
2005,9,7,31.0,18.5,19.0,24.75,1.9,63.4730135714
2005,9,8,30.5,19.0,0.0,24.75,0.0,63.4730135714
2005,9,9,29.5,17.5,9.0,23.5,0.9,69.8366071096
2005,9,10,28.5,16.0,8.0,22.25,0.8,67.8145344314
2005,9,11,29.5,16.0,0.0,22.75,0.0,59.9324178578
2005,9,12,30.0,15.5,0.0,22.75,0.0,57.0088852794
2005,9,13,29.5,11.0,0.0,20.25,0.0,47.7143318803
2005,9,14,28.5,10.0,0.0,19.25,0.0,47.1442158635
2005,9,15,30.5,8.5,0.0,19.5,0.0,41.060530549
2005,9,16,32.5,9.5,0.0,21.0,0.0,39.0480403787
2005,9,17,33.5,11.5,0.0,22.5,0.0,41.5572250641
2005,9,18,34.0,13.0,0.0,23.5,0.0,43.2986964079
2005,9,19,29.5,14.0,0.0,21.75,0.0,57.4895907253
2005,9,20,35.5,15.0,0.0,25.25,0.0,45.2568474507
2005,9,21,33.5,17.0,0.0,25.25,0.0,55.313924662
2005,9,22,33.0,16.5,0.0,24.75,0.0,55.700807828
2005,9,23,34.0,15.5,0.0,24.75,0.0,50.5193373323
2005,9,24,33.5,15.0,0.0,24.25,0.0,50.7261203458
2005,9,25,33.5,14.5,0.0,24.0,0.0,50.1410893659
2005,9,26,35.5,15.5,0.0,25.5,0.0,48.3011120495
2005,9,27,35.5,16.5,0.0,26.0,0.0,50.4888895234
2005,9,28,33.0,17.0,0.0,25.0,0.0,58.700228489
2005,9,29,32.0,15.0,0.0,23.5,0.0,55.8692856876
2005,9,30,31.5,9.5,0.0,20.5,0.0,43.6266444239
2005,10,1,31.0,10.5,0.0,20.75,0.0,47.9154456701
2005,10,2,31.0,15.0,0.0,23.0,0.0,59.0285884992
2005,10,3,30.0,13.0,0.0,21.5,0.0,56.7996305754
2005,10,4,30.0,15.5,0.0,22.75,0.0,64.3177167255
2005,10,5,32.5,13.5,0.0,23.0,0.0,51.8299801457
2005,10,6,28.5,15.5,0.0,22.0,0.0,67.3280338768
2005,10,7,29.0,14.5,0.0,21.75,0.0,63.7046816146
2005,10,8,28.0,14.0,0.0,21.0,0.0,65.0800672978
2005,10,9,24.0,10.0,0.0,17.0,0.0,64.7390391484
2005,10,10,22.5,5.5,0.0,14.0,0.0,58.1872773175
2005,10,11,24.0,3.5,0.0,13.75,0.0,48.8510358554
2005,10,12,26.0,4.5,0.0,15.25,0.0,46.6888277461
2005,10,13,25.0,11.0,0.0,18.0,0.0,64.7045666489
2005,10,14,23.5,10.0,0.0,16.75,0.0,65.7720947232
2005,10,15,24.0,10.5,0.0,17.25,0.0,65.7795583975
2005,10,16,24.5,11.0,0.0,17.75,0.0,65.7299291742
2005,10,17,28.0,12.5,1.0,20.25,0.1,61.3469981318
2005,10,18,24.0,12.0,0.0,18.0,0.0,68.6260555367
2005,10,19,22.5,6.5,0.0,14.5,0.0,58.7906302822
2005,10,20,26.0,5.0,0.0,15.5,0.0,45.9479176202
2005,10,21,28.5,9.0,0.0,18.75,0.0,50.5091751422
2005,10,22,28.5,8.5,0.0,18.5,0.0,49.4052401775
2005,10,23,27.5,7.0,0.0,17.25,0.0,47.2790575982
2005,10,24,24.0,9.0,0.0,16.5,0.0,62.5122709871
2005,10,25,27.0,8.0,0.0,17.5,0.0,52.6093040081
2005,10,26,24.0,6.5,0.0,15.25,0.0,56.0265932953
2005,10,27,25.0,5.5,0.0,15.25,0.0,51.3577105207
2005,10,28,25.0,6.5,0.0,15.75,0.0,54.2640211512
2005,10,29,24.0,5.5,0.0,14.75,0.0,53.0317723547
2005,10,30,23.5,5.5,0.0,14.5,0.0,53.891411092
2005,10,31,24.0,4.5,0.0,14.25,0.0,49.7877430282
2005,11,1,25.5,7.0,0.0,16.25,0.0,52.5627071453
2005,11,2,27.5,7.5,0.0,17.5,0.0,48.562434469
2005,11,3,25.5,8.5,0.0,17.0,0.0,56.3856147422
2005,11,4,25.0,6.5,0.0,15.75,0.0,52.0030202699
2005,11,5,24.5,4.0,0.0,14.25,0.0,47.2983558768
2005,11,6,26.0,4.0,0.0,15.0,0.0,45.0708524614
2005,11,7,27.0,8.0,0.0,17.5,0.0,48.562434469
2005,11,8,28.0,8.0,0.0,18.0,0.0,41.175633322
2005,11,9,28.0,10.0,0.0,19.0,0.0,42.3596950783
2005,11,10,27.5,9.5,0.0,18.5,0.0,43.7046355416
2005,11,11,21.5,9.0,0.0,15.25,0.0,60.6954760699
2005,11,12,21.0,1.5,0.0,11.25,0.0,39.349791951
2005,11,13,24.0,2.0,0.0,13.0,0.0,29.6924767464
2005,11,14,24.5,3.5,0.0,14.0,0.0,32.8884610925
2005,11,15,22.5,3.5,0.0,13.0,0.0,37.79042495
2005,11,16,20.5,4.0,0.0,12.25,0.0,42.5196513194
2005,11,17,21.5,2.5,0.0,12.0,0.0,37.4583118098
2005,11,18,18.5,1.0,0.0,9.75,0.0,40.1152318145
2005,11,19,20.5,-0.5,0.0,10.0,0.0,32.8782087338
2005,11,20,19.0,3.0,0.0,11.0,0.0,46.1579881384
2005,11,21,21.0,2.0,0.0,11.5,0.0,38.7078004908
2005,11,22,21.0,1.5,0.0,11.25,0.0,27.2421636584
2005,11,23,21.0,4.0,0.0,12.5,0.0,33.4646058522
2005,11,24,21.5,3.5,0.0,12.5,0.0,30.6758886978
2005,11,25,21.0,2.5,0.0,11.75,0.0,29.2902945641
2005,11,26,20.5,2.5,0.0,11.5,0.0,32.7527542615
2005,11,27,12.0,0.5,0.0,6.25,0.0,55.0183481677
2005,11,28,10.5,-7.0,0.0,1.75,0.0,34.6939630043
2005,11,29,16.5,-3.5,0.0,6.5,0.0,29.1246213894
2005,11,30,18.5,-1.0,0.0,8.75,0.0,28.5907679479
2005,12,1,21.5,1.0,0.0,11.25,0.0,27.2421636584
2005,12,2,21.0,3.5,0.0,12.25,0.0,34.0157210555
2005,12,3,19.0,4.5,0.0,11.75,0.0,41.0064123897
2005,12,4,16.0,-2.0,0.0,7.0,0.0,32.172736009
2005,12,5,14.5,-5.0,0.0,4.75,0.0,32.8362638183
2005,12,6,15.0,-5.5,0.0,4.75,0.0,28.1453689871
2005,12,7,15.0,-5.0,0.0,5.0,0.0,18.4430868853
2005,12,8,14.0,-3.5,0.0,5.25,0.0,18.1286298532
2005,12,9,17.5,0.5,0.0,9.0,0.0,21.0870512522
2005,12,10,19.0,-0.5,0.0,9.25,0.0,17.2812939671
2005,12,11,17.0,4.5,0.0,10.75,0.0,28.1557601008
2005,12,12,16.0,6.5,0.0,11.25,0.0,39.349791951
2005,12,13,13.5,4.0,5.0,8.75,0.5,53.6076899023
2005,12,14,14.0,-1.5,0.0,6.25,0.0,21.1609031414
2005,12,15,13.0,0.5,0.0,6.75,0.0,28.6333110637
2005,12,16,12.5,-1.0,0.0,5.75,0.0,26.2759949492
2005,12,17,13.0,-3.5,0.0,4.75,0.0,18.7635793248
2005,12,18,15.5,-2.0,0.0,6.75,0.0,20.4523650455
2005,12,19,17.5,0.0,0.0,8.75,0.0,17.8692299674
2005,12,20,19.0,0.5,0.0,9.75,0.0,20.0576159073
2005,12,21,20.0,3.0,0.0,11.5,0.0,20.8426618028
2005,12,22,21.5,4.5,0.0,13.0,0.0,21.5945285428
2005,12,23,21.0,4.5,0.0,12.75,0.0,21.9489071261
2005,12,24,22.5,2.5,0.0,12.5,0.0,16.7323029261
2005,12,25,22.0,2.5,0.0,12.25,0.0,17.0078605277
2005,12,26,21.5,3.5,0.0,12.5,0.0,19.5210200804
2005,12,27,18.0,3.0,0.0,10.5,0.0,22.2640703337
2005,12,28,19.5,2.0,0.0,10.75,0.0,18.7705067339
2005,12,29,18.0,3.0,0.0,10.5,0.0,22.2640703337
2005,12,30,18.5,0.0,0.0,9.25,0.0,17.2812939671
2005,12,31,18.0,2.5,0.0,10.25,0.0,19.4022560513
2006,1,1,18.5,4.0,0.0,11.25,0.0,33.2959778047
2006,1,2,22.0,3.5,0.0,12.75,0.0,21.9489071261
2006,1,3,18.5,4.0,0.0,11.25,0.0,33.2959778047
2006,1,4,20.0,-1.0,0.0,9.5,0.0,16.995375128
2006,1,5,19.5,0.5,0.0,10.0,0.0,19.7269252403
2006,1,6,20.0,5.0,0.0,12.5,0.0,22.3097372348
2006,1,7,22.0,2.0,0.0,12.0,0.0,17.2884516045
2006,1,8,20.5,0.5,0.0,10.5,0.0,19.0834888575
2006,1,9,18.0,-1.5,0.0,8.25,0.0,18.4793664975
2006,1,10,18.5,-0.5,0.0,9.0,0.0,17.5725427102
2006,1,11,19.5,-1.5,0.0,9.0,0.0,17.5725427102
2006,1,12,18.5,-1.5,0.0,8.5,0.0,18.1714667441
2006,1,13,20.5,-1.0,0.0,9.75,0.0,16.7146799227
2006,1,14,21.5,6.5,0.0,14.0,0.0,22.7689346025
2006,1,15,15.5,2.5,0.0,9.0,0.0,24.6015597943
2006,1,16,10.0,-1.5,0.0,4.25,0.0,33.9905637137
2006,1,17,13.5,-6.0,0.0,3.75,0.0,15.08135733
2006,1,18,18.0,-4.0,0.0,7.0,0.0,16.0863680045
2006,1,19,14.5,0.0,0.0,7.25,0.0,19.7699535383
2006,1,20,13.0,-6.5,0.0,3.25,0.0,15.6154243191
2006,1,21,14.5,-3.5,0.0,5.5,0.0,17.8200845341
2006,1,22,16.0,-4.5,0.0,5.75,0.0,17.5173299661
2006,1,23,15.5,-1.5,0.0,7.0,0.0,20.1079600056
2006,1,24,17.0,4.0,0.0,10.5,0.0,22.2640703337
2006,1,25,17.5,3.5,2.0,10.5,0.2,22.2640703337
2006,1,26,16.0,-4.5,0.0,5.75,0.0,17.5173299661
2006,1,27,16.0,-3.5,0.0,6.25,0.0,16.9287225131
2006,1,28,14.5,-3.5,0.0,5.5,0.0,17.8200845341
2006,1,29,16.0,-2.5,0.0,6.75,0.0,16.3618920364
2006,1,30,21.0,-1.0,0.0,10.0,0.0,16.4391043669
2006,1,31,19.0,1.0,0.0,10.0,0.0,19.7269252403
2006,2,1,17.5,-1.0,0.0,8.25,0.0,18.4793664975
2006,2,2,20.5,0.0,0.0,10.25,0.0,16.1685467094
2006,2,3,21.0,1.0,0.0,11.0,0.0,18.4631952554
2006,2,4,22.5,-0.5,0.0,11.0,0.0,15.3859960461
2006,2,5,22.0,0.5,0.0,11.25,0.0,18.1614424389
2006,2,6,18.5,0.0,0.0,9.25,0.0,17.2812939671
2006,2,7,18.0,-0.5,0.0,8.75,0.0,17.8692299674
2006,2,8,20.5,1.5,0.0,11.0,0.0,18.4631952554
2006,2,9,19.0,2.5,0.0,10.75,0.0,18.7705067339
2006,2,10,19.5,2.5,0.0,11.0,0.0,18.4631952554
2006,2,11,19.0,0.0,0.0,9.5,0.0,16.995375128
2006,2,12,19.0,0.0,0.0,9.5,0.0,16.995375128
2006,2,13,21.5,-1.0,0.0,10.25,0.0,16.1685467094
2006,2,14,21.5,1.5,0.0,11.5,0.0,17.8651386881
2006,2,15,21.5,3.5,0.0,12.5,0.0,19.5210200804
2006,2,16,19.5,3.0,0.0,11.25,0.0,21.1883495121
2006,2,17,16.5,5.0,0.0,10.75,0.0,25.0273423119
2006,2,18,17.0,4.0,0.0,10.5,0.0,22.2640703337
2006,2,19,17.5,2.0,0.0,9.75,0.0,20.0576159073
2006,2,20,17.0,-2.0,0.0,7.5,0.0,19.4382162006
2006,2,21,17.0,-1.5,0.0,7.75,0.0,19.1126213733
2006,2,22,16.0,-2.5,0.0,6.75,0.0,16.3618920364
2006,2,23,19.5,-1.0,0.0,9.25,0.0,17.2812939671
2006,2,24,20.5,0.5,0.0,10.5,0.0,19.0834888575
2006,2,25,20.5,-1.0,0.0,9.75,0.0,16.7146799227
2006,2,26,23.0,3.5,0.0,13.25,0.0,18.590666231
2006,2,27,24.0,1.5,0.0,12.75,0.0,16.4616803446
2006,2,28,25.0,5.5,0.0,15.25,0.0,18.6755310984
2006,3,1,20.5,8.0,0.0,14.25,0.0,24.8938715141
2006,3,2,23.5,3.0,0.0,13.25,0.0,18.590666231
2006,3,3,23.0,3.5,0.0,13.25,0.0,18.590666231
2006,3,4,21.5,2.0,0.0,11.75,0.0,17.5741767385
2006,3,5,24.0,-0.5,0.0,11.75,0.0,14.6451472821
2006,3,6,25.0,2.0,0.0,13.5,0.0,15.6784690733
2006,3,7,20.0,8.0,0.0,14.0,0.0,25.298816225
2006,3,8,13.0,4.5,0.0,8.75,0.0,28.5907679479
2006,3,9,15.0,-2.5,0.0,6.25,0.0,16.9287225131
2006,3,10,13.0,3.5,0.0,8.25,0.0,25.8711130965
2006,3,11,11.0,2.0,0.0,6.5,0.0,24.9639611909
2006,3,12,9.0,-2.5,10.0,3.25,1.0,26.0257071985
2006,3,13,13.0,-5.5,0.0,3.75,0.0,15.08135733
2006,3,14,20.5,-2.0,0.0,9.25,0.0,17.2812939671
2006,3,15,21.5,5.0,0.0,13.25,0.0,21.2464756926
2006,3,16,22.5,2.0,0.0,12.25,0.0,17.0078605277
2006,3,17,21.5,4.5,0.0,13.0,0.0,21.5945285428
2006,3,18,18.5,3.5,0.0,11.0,0.0,21.5403944646
2006,3,19,11.5,-0.5,0.0,5.5,0.0,22.2751056676
2006,3,20,12.5,-1.5,0.0,5.5,0.0,22.2751056676
2006,3,21,16.5,-2.0,0.0,7.25,0.0,19.7699535383
2006,3,22,15.5,-1.5,0.0,7.0,0.0,20.1079600056
2006,3,23,19.0,0.0,0.0,9.5,0.0,16.995375128
2006,3,24,22.0,3.5,0.0,12.75,0.0,19.2052937354
2006,3,25,25.0,4.0,0.0,14.5,0.0,17.1472671656
2006,3,26,23.5,5.5,0.0,14.5,0.0,19.5968767607
2006,3,27,22.0,9.5,0.0,15.75,0.0,24.8710096943
2006,3,28,20.5,8.0,0.0,14.25,0.0,24.8938715141
2006,3,29,21.5,5.5,1.0,13.5,0.1,20.9046254311
2006,3,30,20.5,4.5,0.0,12.5,0.0,22.3097372348
2006,3,31,25.0,5.5,0.0,15.25,0.0,18.6755310984
2006,4,1,22.0,7.0,0.0,14.5,0.0,22.0464863558
2006,4,2,24.5,3.0,0.0,13.75,0.0,17.997750052
2006,4,3,28.5,8.0,0.0,18.25,0.0,19.302096562
2006,4,4,26.5,8.5,0.0,17.5,0.0,20.2343476954
2006,4,5,21.5,8.0,0.0,14.75,0.0,24.1053510703
2006,4,6,18.5,1.5,0.0,10.0,0.0,19.7269252403
2006,4,7,24.0,0.5,0.0,12.25,0.0,17.0078605277
2006,4,8,27.5,5.0,0.0,16.25,0.0,17.5209023818
2006,4,9,28.5,6.0,0.0,17.25,0.0,16.4448895994
2006,4,10,23.0,12.5,0.0,17.75,0.0,25.8936084626
2006,4,11,25.5,5.5,0.0,15.5,0.0,18.3791670481
2006,4,12,29.5,6.0,0.0,17.75,0.0,15.9345282847
2006,4,13,30.5,8.5,0.0,19.5,0.0,17.8524045865
2006,4,14,29.0,12.5,0.0,20.75,0.0,21.4793377142
2006,4,15,25.5,6.5,0.0,16.0,0.0,20.0271953041
2006,4,16,25.5,4.5,0.0,15.0,0.0,18.9772010364
2006,4,17,26.5,6.0,0.0,16.25,0.0,17.5209023818
2006,4,18,26.0,5.0,0.0,15.5,0.0,18.3791670481
2006,4,19,27.5,4.5,0.0,16.0,0.0,17.8019513815
2006,4,20,27.0,5.5,0.0,16.25,0.0,17.5209023818
2006,4,21,30.0,7.0,0.0,18.5,0.0,17.1018139076
2006,4,22,30.0,13.5,0.0,21.75,0.0,21.7528181123
2006,4,23,26.0,7.5,0.0,16.75,0.0,19.0951242745
2006,4,24,25.0,3.0,0.0,14.0,0.0,17.7091713575
2006,4,25,27.0,4.5,0.0,15.75,0.0,18.0880070504
2006,4,26,29.0,6.0,0.0,17.5,0.0,16.1874781563
2006,4,27,23.5,7.5,0.0,15.5,0.0,20.6765629291
2006,4,28,18.5,4.5,0.0,11.5,0.0,23.8201849174
2006,4,29,25.5,5.0,0.0,15.25,0.0,18.6755310984
2006,4,30,29.0,8.5,0.0,18.75,0.0,18.7071019045
2006,5,1,31.0,9.5,0.0,20.25,0.0,18.7449160958
2006,5,2,31.5,11.0,0.0,21.25,0.0,19.2260949658
2006,5,3,30.5,10.5,0.0,20.5,0.0,20.1353743495
2006,5,4,28.5,10.0,0.0,19.25,0.0,19.9456297884
2006,5,5,26.0,8.5,0.0,17.25,0.0,20.5561119992
2006,5,6,27.5,7.5,0.0,17.5,0.0,18.2109129259
2006,5,7,28.0,8.0,0.0,18.0,0.0,19.607444439
2006,5,8,30.0,9.0,0.0,19.5,0.0,17.8524045865
2006,5,9,30.0,10.0,0.0,20.0,0.0,19.0373856968
2006,5,10,31.5,10.0,0.0,20.75,0.0,18.1748242197
2006,5,11,32.5,11.5,0.0,22.0,0.0,18.3621910573
2006,5,12,33.0,11.5,0.0,22.25,0.0,18.0838758484
2006,5,13,32.5,13.5,0.0,23.0,0.0,20.15610339
2006,5,14,33.5,13.0,0.0,23.25,0.0,19.8526421892
2006,5,15,33.0,14.0,0.0,23.5,0.0,20.9509821329
2006,5,16,32.0,16.0,2.0,24.0,0.2,23.0377978168
2006,5,17,31.5,15.5,0.0,23.5,0.0,22.3477142751
2006,5,18,33.0,14.0,0.0,23.5,0.0,20.9509821329
2006,5,19,33.5,14.0,0.0,23.75,0.0,20.6366080801
2006,5,20,34.0,14.5,0.0,24.25,0.0,20.0234685576
2006,5,21,33.5,15.0,0.0,24.25,0.0,21.3583664614
2006,5,22,30.0,13.0,0.0,21.5,0.0,22.0887452238
2006,5,23,30.5,8.5,0.0,19.5,0.0,17.8524045865
2006,5,24,34.5,10.5,0.0,22.5,0.0,17.8102393132
2006,5,25,34.0,13.0,0.0,23.5,0.0,19.5542499907
2006,5,26,32.5,13.0,0.0,22.75,0.0,20.464728049
2006,5,27,31.0,13.5,0.0,22.25,0.0,21.0978551564
2006,5,28,28.5,13.5,0.0,21.0,0.0,22.7780235542
2006,5,29,30.0,10.0,0.0,20.0,0.0,19.0373856968
2006,5,30,31.5,9.5,0.0,20.5,0.0,18.457426487
2006,5,31,34.0,11.0,0.0,22.5,0.0,17.8102393132
2006,6,1,36.0,13.0,0.0,24.5,0.0,18.4095467029
2006,6,2,35.0,19.5,0.0,27.25,0.0,24.5579924612
2006,6,3,36.0,17.5,0.0,26.75,0.0,21.8455064555
2006,6,4,37.5,17.5,0.0,27.5,0.0,20.8987656095
2006,6,5,35.5,19.5,0.0,27.5,0.0,24.1985707057
2006,6,6,35.5,18.0,3.0,26.75,0.3,22.9952699531
2006,6,7,34.5,17.0,3.0,25.75,0.3,21.9627447317
2006,6,8,34.5,16.5,0.0,25.5,0.0,22.2928209459
2006,6,9,34.5,16.5,0.0,25.5,0.0,22.2928209459
2006,6,10,35.0,15.5,0.0,25.25,0.0,20.1141544225
2006,6,11,35.5,13.5,0.0,24.5,0.0,18.4095467029
2006,6,12,36.5,14.5,0.0,25.5,0.0,18.5773507883
2006,6,13,38.5,17.0,0.0,27.75,0.0,19.5095403731
2006,6,14,38.0,19.5,0.0,28.75,0.0,22.4870834688
2006,6,15,35.5,16.5,0.0,26.0,0.0,21.63809551
2006,6,16,33.5,15.0,0.0,24.25,0.0,21.3583664614
2006,6,17,35.0,15.0,0.0,25.0,0.0,20.4174707788
2006,6,18,38.0,17.5,0.0,27.75,0.0,20.5934037271
2006,6,19,37.5,18.5,0.0,28.0,0.0,21.3610524254
2006,6,20,37.0,20.0,0.0,28.5,0.0,22.8183016204
2006,6,21,36.0,19.0,0.0,27.5,0.0,23.0986356737
2006,6,22,33.5,19.0,0.0,26.25,0.0,24.871904925
2006,6,23,35.5,19.5,0.0,27.5,0.0,24.1985707057
2006,6,24,36.0,21.0,0.0,28.5,0.0,24.8926926768
2006,6,25,35.0,21.5,0.0,28.25,0.0,26.3124548899
2006,6,26,33.5,18.5,12.0,26.0,1.2,24.0423283445
2006,6,27,32.5,18.5,0.0,25.5,0.0,24.769801051
2006,6,28,32.5,18.0,0.0,25.25,0.0,25.1426930282
2006,6,29,34.5,18.5,4.0,26.5,0.4,23.3385438022
2006,6,30,35.0,19.0,0.0,27.0,0.0,23.7904849137
2006,7,1,35.5,19.0,0.0,27.25,0.0,23.4417200766
2006,7,2,35.0,18.5,15.0,26.75,1.5,22.9952699531
2006,7,3,34.0,18.5,0.0,26.25,0.0,23.6875285
2006,7,4,34.0,18.0,0.0,26.0,0.0,24.0423283445
2006,7,5,32.5,17.5,16.0,25.0,1.6,24.2457465498
2006,7,6,32.0,18.0,0.0,25.0,0.0,25.5218384735
2006,7,7,31.5,17.5,4.0,24.5,0.4,32.8741905409
2006,7,8,33.0,16.5,0.0,24.75,0.0,23.3166172303
2006,7,9,35.0,18.0,0.0,26.5,0.0,23.3385438022
2006,7,10,35.5,20.0,0.0,27.75,0.0,23.8449937893
2006,7,11,36.5,19.0,0.0,27.75,0.0,22.7611304352
2006,7,12,37.0,20.5,0.0,28.75,0.0,23.5092236265
2006,7,13,38.0,21.5,0.0,29.75,0.0,24.1076343987
2006,7,14,39.0,21.0,0.0,30.0,0.0,22.8101401051
2006,7,15,37.0,22.5,0.0,29.75,0.0,25.0719397746
2006,7,16,35.5,21.0,0.0,28.25,0.0,25.2599566943
2006,7,17,35.0,19.5,0.0,27.25,0.0,24.5579924612
2006,7,18,37.5,20.5,0.0,29.0,0.0,23.168537289
2006,7,19,35.5,21.5,0.0,28.5,0.0,25.929888205
2006,7,20,37.0,20.5,0.0,28.75,0.0,23.5092236265
2006,7,21,38.0,20.0,0.0,29.0,0.0,22.1612095808
2006,7,22,37.5,23.0,0.0,30.25,0.0,25.2925712687
2006,7,23,36.5,22.5,0.0,29.5,0.0,25.4387766603
2006,7,24,38.0,20.5,0.0,29.25,0.0,22.8333394219
2006,7,25,36.0,20.0,0.0,28.0,0.0,23.4971576679
2006,7,26,32.5,20.0,0.0,26.25,0.0,28.4250342
2006,7,27,27.5,18.0,13.0,22.75,1.3,52.6235864118
2006,7,28,28.0,17.0,12.0,22.5,1.2,53.4307179396
2006,7,29,26.0,17.0,26.0,21.5,2.6,67.8440031873
2006,7,30,25.5,18.0,37.0,21.75,3.7,80.7961815599
2006,7,31,26.0,18.0,16.0,22.0,1.6,79.5694945817
2006,8,1,28.5,18.5,2.0,23.5,0.2,72.6300713939
2006,8,2,30.5,18.5,0.0,24.5,0.0,64.4334134602
2006,8,3,29.0,18.0,3.0,23.5,0.3,72.6300713939
2006,8,4,27.5,18.0,5.0,22.75,0.5,76.0118470392
2006,8,5,30.5,17.0,0.0,23.75,0.0,60.5340503682
2006,8,6,31.5,18.0,0.0,24.75,0.0,60.8822783236
2006,8,7,31.5,20.0,0.0,25.75,0.0,67.1083866802
2006,8,8,34.0,18.5,0.0,26.25,0.0,54.48131555
2006,8,9,33.0,19.0,20.0,26.0,2.0,66.1164029473
2006,8,10,32.0,18.5,0.0,25.25,0.0,62.8567325704
2006,8,11,30.5,19.0,0.0,24.75,0.0,69.9498516909
2006,8,12,29.5,18.0,0.0,23.75,0.0,70.1644674722
2006,8,13,28.0,18.0,9.0,23.0,0.9,74.8655268771
2006,8,14,28.5,17.0,4.0,22.75,0.4,70.1647818824
2006,8,15,28.5,18.0,0.0,23.25,0.0,73.738385274
2006,8,16,26.0,18.0,5.0,22.0,0.5,79.5694945817
2006,8,17,29.0,17.0,0.0,23.0,0.0,69.1066401942
2006,8,18,31.5,17.0,0.0,24.25,0.0,61.4053035765
2006,8,19,31.5,17.5,0.0,24.5,0.0,63.1184458385
2006,8,20,30.5,17.0,0.0,23.75,0.0,64.6613719842
2006,8,21,30.0,20.0,0.0,25.0,0.0,74.0133315731
2006,8,22,28.0,18.5,0.0,23.25,0.0,75.1564311446
2006,8,23,30.5,18.5,0.0,24.5,0.0,69.6932839467
2006,8,24,29.0,18.0,9.0,23.5,0.9,72.6300713939
2006,8,25,28.5,17.0,10.0,22.75,1.0,70.1647818824
2006,8,26,30.5,16.5,0.0,23.5,0.0,65.646410683
2006,8,27,32.0,15.0,0.0,23.5,0.0,57.2660178298
2006,8,28,34.0,15.0,0.0,24.5,0.0,53.9136724871
2006,8,29,31.5,17.5,0.0,24.5,0.0,65.7483810818
2006,8,30,31.5,18.0,0.0,24.75,0.0,67.3591164431
2006,8,31,32.5,17.0,0.0,24.75,0.0,62.1776459475
2006,9,1,32.5,17.5,0.0,25.0,0.0,63.8045961837
2006,9,2,30.5,16.5,9.0,23.5,0.9,65.646410683
2006,9,3,25.0,16.5,0.0,20.75,0.0,77.6560671205
2006,9,4,25.5,17.0,12.0,21.25,1.2,76.904379863
2006,9,5,24.5,17.5,7.0,21.0,0.7,81.3500841222
2006,9,6,28.0,16.5,0.0,22.25,0.0,70.8285137395
2006,9,7,24.5,16.0,9.0,20.25,0.9,76.6837476647
2006,9,8,26.0,14.5,0.0,20.25,0.0,69.867414539
2006,9,9,27.5,14.0,0.0,20.75,0.0,66.0902698898
2006,9,10,28.5,14.0,0.0,21.25,0.0,64.0869832192
2006,9,11,30.5,13.5,0.0,22.0,0.0,59.6771209363
2006,9,12,26.0,15.5,4.0,20.75,0.4,72.6992968788
2006,9,13,26.0,14.0,7.0,20.0,0.7,69.2268570793
2006,9,14,27.5,13.5,0.0,20.5,0.0,65.4399666358
2006,9,15,27.5,14.0,0.0,20.75,0.0,66.0902698898
2006,9,16,27.5,10.5,0.0,19.0,0.0,58.935227935
2006,9,17,27.5,9.5,0.0,18.5,0.0,57.0060463587
2006,9,18,28.0,9.5,0.0,18.75,0.0,56.1213057136
2006,9,19,29.5,10.5,0.0,20.0,0.0,55.3814856634
2006,9,20,27.0,12.0,0.0,19.5,0.0,62.4834160528
2006,9,21,26.0,13.0,0.0,19.5,0.0,66.0538969702
2006,9,22,26.5,12.0,0.0,19.25,0.0,63.4633675085
2006,9,23,25.5,11.5,0.0,18.5,0.0,64.6068525398
2006,9,24,27.0,11.0,0.0,19.0,0.0,60.776953808
2006,9,25,29.5,13.0,0.0,21.25,0.0,59.2804594778
2006,9,26,31.5,14.5,0.0,23.0,0.0,59.0285884992
2006,9,27,31.5,13.0,0.0,22.25,0.0,55.7586171992
2006,9,28,31.0,11.5,0.0,21.25,0.0,54.4739357363
2006,9,29,30.5,10.5,0.0,20.5,0.0,53.6943315986
2006,9,30,31.5,10.0,0.0,20.75,0.0,51.2199591646
2006,10,1,31.5,11.0,0.0,21.25,0.0,52.8717611558
2006,10,2,31.0,11.5,0.0,21.25,0.0,54.4739357363
2006,10,3,31.0,12.0,0.0,21.5,0.0,55.2218630594
2006,10,4,32.5,13.0,0.0,22.75,0.0,54.085352701
2006,10,5,30.5,16.5,2.0,23.5,0.2,65.646410683
2006,10,6,27.0,15.5,3.0,21.25,0.3,70.4956815411
2006,10,7,27.0,13.0,0.0,20.0,0.0,64.0348427983
2006,10,8,26.0,11.5,4.0,18.75,0.4,63.6041464754
2006,10,9,22.5,9.0,9.0,15.75,0.9,65.5690255576
2006,10,10,23.0,6.0,0.0,14.5,0.0,56.3410206871
2006,10,11,25.0,6.5,0.0,15.75,0.0,54.2640211512
2006,10,12,27.0,7.5,0.0,17.25,0.0,53.445891198
2006,10,13,28.0,9.5,0.0,18.75,0.0,56.1213057136
2006,10,14,25.0,10.0,0.0,17.5,0.0,62.7264778558
2006,10,15,19.0,6.0,0.0,12.5,0.0,64.14049455
2006,10,16,20.5,4.0,0.0,12.25,0.0,56.6928684258
2006,10,17,21.5,6.5,0.0,14.0,0.0,60.71715894
2006,10,18,20.0,6.5,0.0,13.25,0.0,63.7394270778
2006,10,19,21.5,1.5,0.0,11.5,0.0,50.6178929496
2006,10,20,23.5,2.5,0.0,13.0,0.0,48.5876892214
2006,10,21,25.5,4.0,0.0,14.75,0.0,48.2107021407
2006,10,22,26.0,5.5,0.0,15.75,0.0,52.0030202699
2006,10,23,25.0,11.0,0.0,18.0,0.0,64.7045666489
2006,10,24,22.5,10.0,0.0,16.25,0.0,67.8934967294
2006,10,25,21.5,8.0,0.0,14.75,0.0,65.0844478899
2006,10,26,21.5,4.5,0.0,13.0,0.0,56.6856374249
2006,10,27,22.5,2.5,0.0,12.5,0.0,50.1969087783
2006,10,28,23.5,5.5,0.0,14.5,0.0,56.3410206871
2006,10,29,22.0,5.5,0.0,13.75,0.0,59.1354644566
2006,10,30,21.5,4.5,0.0,13.0,0.0,56.6856374249
2006,10,31,23.0,3.5,0.0,13.25,0.0,53.1161892315
2006,11,1,23.5,3.0,0.0,13.25,0.0,50.46037977
2006,11,2,24.5,3.0,0.0,13.75,0.0,46.2799287051
2006,11,3,26.0,6.0,0.0,16.0,0.0,51.1806102217
2006,11,4,25.5,5.5,0.0,15.5,0.0,50.5427093823
2006,11,5,24.5,4.0,0.0,14.25,0.0,49.7877430282
2006,11,6,25.5,4.0,0.0,14.75,0.0,48.2107021407
2006,11,7,27.5,5.5,0.0,16.5,0.0,47.4231021282
2006,11,8,27.5,7.0,0.0,17.25,0.0,47.2790575982
2006,11,9,25.0,6.5,0.0,15.75,0.0,52.0030202699
2006,11,10,23.5,4.5,0.0,14.0,0.0,50.59763245
2006,11,11,24.5,6.0,0.0,15.25,0.0,51.3577105207
2006,11,12,21.0,5.0,0.0,13.0,0.0,56.6856374249
2006,11,13,20.0,2.5,0.0,11.25,0.0,51.4574202436
2006,11,14,20.0,3.0,0.0,11.5,0.0,53.5954160642
2006,11,15,20.0,1.5,0.0,10.75,0.0,50.0546846237
2006,11,16,24.0,3.0,0.0,13.5,0.0,44.4223290411
2006,11,17,25.0,3.5,0.0,14.25,0.0,42.319581574
2006,11,18,25.5,4.5,0.0,15.0,0.0,45.0708524614
2006,11,19,25.0,4.0,0.0,14.5,0.0,44.0929727116
2006,11,20,23.5,7.5,0.0,15.5,0.0,57.4348970253
2006,11,21,24.5,5.5,0.0,15.0,0.0,49.8151527205
2006,11,22,24.0,5.0,0.0,14.5,0.0,48.9921919018
2006,11,23,23.5,3.0,0.0,13.25,0.0,42.4929513852
2006,11,24,23.0,3.0,0.0,13.0,0.0,43.1890570857
2006,11,25,20.5,2.5,0.0,11.5,0.0,47.6403698349
2006,11,26,20.0,2.5,0.0,11.25,0.0,48.4305131704
2006,11,27,16.5,2.0,0.0,9.25,0.0,58.7563994881
2006,11,28,15.5,1.0,0.0,8.25,0.0,59.1339727919
2006,11,29,11.0,-2.0,0.0,4.5,0.0,62.0432594102
2006,11,30,9.0,-9.5,0.0,-0.25,0.0,46.6525731882
2006,12,1,15.0,-4.5,0.0,5.25,0.0,45.321574633
2006,12,2,17.0,-3.5,0.0,6.75,0.0,40.9047300911
2006,12,3,14.5,-4.0,0.0,5.25,0.0,45.321574633
2006,12,4,16.0,1.5,0.0,8.75,0.0,50.0338439088
2006,12,5,18.5,-0.5,0.0,9.0,0.0,31.6305768784
2006,12,6,20.5,-2.0,0.0,9.25,0.0,24.1938115539
2006,12,7,18.0,-0.5,0.0,8.75,0.0,25.0169219544
2006,12,8,14.0,3.5,0.0,8.75,0.0,50.0338439088
2006,12,9,16.0,3.0,0.0,9.5,0.0,40.7889003072
2006,12,10,15.5,2.5,0.0,9.0,0.0,38.6595939624
2006,12,11,14.0,-2.5,0.0,5.75,0.0,30.6553274407
2006,12,12,16.5,-4.5,0.0,6.0,0.0,17.2202478554
2006,12,13,18.0,-2.0,0.0,8.0,0.0,18.7930451948
2006,12,14,20.0,0.0,0.0,10.0,0.0,16.4391043669
2006,12,15,21.5,0.5,0.0,11.0,0.0,18.4631952554
2006,12,16,21.0,1.5,0.0,11.25,0.0,18.1614424389
2006,12,17,15.5,2.0,0.0,8.75,0.0,25.0169219544
2006,12,18,13.0,-0.5,0.0,6.25,0.0,25.3930837697
2006,12,19,9.5,-3.0,0.0,3.25,0.0,31.2308486382
2006,12,20,7.5,-7.0,0.0,0.25,0.0,25.7237445325
2006,12,21,11.0,-7.0,0.0,2.0,0.0,17.0442395423
2006,12,22,12.5,-5.0,0.0,3.75,0.0,20.10847644
2006,12,23,13.5,-4.5,0.0,4.5,0.0,19.0902336647
2006,12,24,15.0,-4.0,0.0,5.5,0.0,17.8200845341
2006,12,25,16.5,-3.5,0.0,6.5,0.0,16.642640794
2006,12,26,20.0,-0.5,0.0,9.75,0.0,16.7146799227
2006,12,27,19.5,-0.5,0.0,9.5,0.0,16.995375128
2006,12,28,10.5,-1.0,9.0,4.75,0.9,42.2180534807
2006,12,29,6.5,-1.5,0.0,2.5,0.0,65.8243651988
2006,12,30,9.0,-2.5,0.0,3.25,0.0,46.8462729573
2006,12,31,14.5,-3.0,0.0,5.75,0.0,26.2759949492
2007,1,1,14.0,-1.5,0.0,6.25,0.0,55.0183481677
2007,1,2,12.5,-1.0,0.0,5.75,0.0,61.3106548815
2007,1,3,15.0,-1.0,0.0,7.0,0.0,56.3022880157
2007,1,4,16.5,-0.5,0.0,8.0,0.0,52.6205265456
2007,1,5,13.0,-1.5,0.0,5.75,0.0,61.3106548815
2007,1,6,11.0,-4.0,0.0,3.5,0.0,56.2680296883
2007,1,7,13.5,-4.5,0.0,4.5,0.0,52.4981425779
2007,1,8,18.0,-1.0,0.0,8.5,0.0,47.2458135347
2007,1,9,19.0,1.0,0.0,10.0,0.0,49.3173131006
2007,1,10,18.5,2.0,0.0,10.25,0.0,51.7393494702
2007,1,11,17.0,4.0,3.0,10.5,0.3,63.6116295249
2007,1,12,15.0,6.5,0.0,10.75,0.0,75.0820269356
2007,1,13,10.5,0.0,0.0,5.25,0.0,67.9823619496
2007,1,14,7.5,-9.0,0.0,-0.75,0.0,55.2621607069
2007,1,15,7.0,-10.5,0.0,-1.75,0.0,51.9671181289
2007,1,16,7.5,-6.0,0.0,0.75,0.0,62.0622424433
2007,1,17,10.0,-4.5,0.0,2.75,0.0,59.2916297949
2007,1,18,11.0,-1.5,0.0,4.75,0.0,65.6725276366
2007,1,19,9.5,0.5,10.0,5.0,1.0,73.7723475413
2007,1,20,7.5,-1.5,5.0,3.0,0.5,74.1545468238
2007,1,21,6.0,-4.0,0.0,1.0,0.0,67.0683964417
2007,1,22,4.5,-4.5,9.0,0.0,0.9,72.0130932897
2007,1,23,8.0,-5.5,0.0,1.25,0.0,59.9014112199
2007,1,24,11.0,-3.5,0.0,3.75,0.0,60.3254293201
2007,1,25,10.5,-1.0,0.0,4.75,0.0,65.6725276366
2007,1,26,11.5,-0.5,0.0,5.5,0.0,66.8253170029
2007,1,27,13.5,-2.0,0.0,5.75,0.0,56.9313223899
2007,1,28,15.5,-2.0,0.0,6.75,0.0,53.1761491184
2007,1,29,17.5,-1.5,0.0,8.0,0.0,48.8619175066
2007,1,30,12.5,1.5,2.0,7.0,0.2,68.367064019
2007,1,31,9.5,1.5,3.0,5.5,0.3,75.7353592699
2007,2,1,7.0,0.0,2.0,3.5,0.2,76.7291313931
2007,2,2,9.0,-2.5,0.0,3.25,0.0,67.6668387161
2007,2,3,13.5,-5.0,0.0,4.25,0.0,53.4137429787
2007,2,4,19.0,-2.0,0.0,8.5,0.0,47.2458135347
2007,2,5,21.0,0.0,0.0,10.5,0.0,44.5281406674
2007,2,6,23.0,2.0,0.0,12.5,0.0,44.6194744696
2007,2,7,23.0,2.5,0.0,12.75,0.0,46.641427643
2007,2,8,22.0,2.5,0.0,12.25,0.0,48.1889381619
2007,2,9,22.0,3.0,0.0,12.5,0.0,50.1969087783
2007,2,10,22.5,3.5,0.0,13.0,0.0,48.5876892214
2007,2,11,18.5,6.5,0.0,12.5,0.0,66.9292117044
2007,2,12,17.0,2.5,0.0,9.75,0.0,60.1728477218
2007,2,13,13.0,1.5,3.0,7.25,0.3,67.2178420302
2007,2,14,10.5,0.5,4.0,5.5,0.4,71.2803381364
2007,2,15,11.5,-3.5,0.0,4.0,0.0,59.2876452659
2007,2,16,16.5,-2.5,0.0,7.0,0.0,48.2591040134
2007,2,17,20.0,-0.5,0.0,9.75,0.0,46.8011037836
2007,2,18,20.5,5.0,0.0,12.75,0.0,57.6158812061
2007,2,19,17.0,4.5,0.0,10.75,0.0,65.6967735686
2007,2,20,14.0,0.5,0.0,7.25,0.0,63.2638513225
2007,2,21,18.5,-2.0,0.0,8.25,0.0,44.3504795939
2007,2,22,21.5,0.5,0.0,11.0,0.0,43.0807889292
2007,2,23,16.5,0.5,0.0,8.5,0.0,54.5144002323
2007,2,24,12.0,-3.5,0.0,4.25,0.0,58.2695377949
2007,2,25,15.5,-4.0,0.0,5.75,0.0,48.1726574069
2007,2,26,19.0,-2.0,0.0,8.5,0.0,43.6115201859
2007,2,27,19.5,0.0,0.0,9.75,0.0,46.8011037836
2007,2,28,14.0,1.5,0.0,7.75,0.0,64.9829126691
2007,3,1,11.5,-5.5,0.0,3.0,0.0,47.670780101
2007,3,2,12.5,-5.0,0.0,3.75,0.0,40.21695288
2007,3,3,12.5,-4.5,0.0,4.0,0.0,44.4657339494
2007,3,4,13.5,-2.5,0.0,5.5,0.0,44.5502113353
2007,3,5,17.0,0.5,0.0,8.75,0.0,42.8861519218
2007,3,6,23.0,0.5,0.0,11.75,0.0,29.2902945641
2007,3,7,27.0,5.0,0.0,16.0,0.0,28.9281709949
2007,3,8,25.5,8.5,0.0,17.0,0.0,37.5904098281
2007,3,9,25.5,4.5,0.0,15.0,0.0,26.093651425
2007,3,10,25.5,5.0,0.0,15.25,0.0,23.344413873
2007,3,11,24.5,4.0,0.0,14.25,0.0,22.4044843627
2007,3,12,25.0,5.5,0.0,15.25,0.0,18.6755310984
2007,3,13,25.5,5.0,0.0,15.25,0.0,18.6755310984
2007,3,14,26.5,6.0,0.0,16.25,0.0,17.5209023818
2007,3,15,28.0,5.5,0.0,16.75,0.0,16.9734437995
2007,3,16,30.0,6.5,0.0,18.25,0.0,17.3718869058
2007,3,17,30.0,9.5,0.0,19.75,0.0,19.3349298457
2007,3,18,29.0,8.5,0.0,18.75,0.0,18.7071019045
2007,3,19,27.5,7.0,0.0,17.25,0.0,18.5005007993
2007,3,20,25.5,7.5,0.0,16.5,0.0,19.4003599615
2007,3,21,22.0,9.0,0.0,15.5,0.0,27.5687505721
2007,3,22,17.5,7.5,9.0,12.5,0.9,52.9856259326
2007,3,23,15.0,5.5,15.0,10.25,1.5,61.4404774958
2007,3,24,16.0,4.0,0.0,10.0,0.0,49.3173131006
2007,3,25,21.0,4.5,0.0,12.75,0.0,32.9233606892
2007,3,26,23.0,6.0,0.0,14.5,0.0,31.8449247362
2007,3,27,22.0,5.5,0.0,13.75,0.0,33.4243929537
2007,3,28,18.0,0.0,0.0,9.0,0.0,28.1160683363
2007,3,29,15.0,-1.5,0.0,6.75,0.0,32.7237840728
2007,3,30,17.0,0.0,0.0,8.5,0.0,32.7086401394
2007,3,31,21.5,1.0,0.0,11.25,0.0,24.2152565852
2007,4,1,25.5,4.0,0.0,14.75,0.0,21.6948159633
2007,4,2,27.0,7.0,0.0,17.0,0.0,22.9719171172
2007,4,3,28.0,6.5,0.0,17.25,0.0,20.5561119992
2007,4,4,29.0,7.5,0.0,18.25,0.0,21.2323062182
2007,4,5,29.0,9.5,0.0,19.25,0.0,23.5721079317
2007,4,6,29.5,10.0,0.0,19.75,0.0,22.8503716358
2007,4,7,26.5,6.5,0.0,16.5,0.0,23.7115510641
2007,4,8,25.0,9.5,0.0,17.25,0.0,32.8897791988
2007,4,9,23.5,9.0,0.0,16.25,0.0,35.0418047635
2007,4,10,23.0,10.5,0.0,16.75,0.0,40.3119290239
2007,4,11,23.5,7.0,0.0,15.25,0.0,28.0132966476
2007,4,12,23.0,7.0,0.0,15.0,0.0,28.4658015546
2007,4,13,17.5,2.5,6.0,10.0,0.6,42.7416713539
2007,4,14,20.5,2.5,0.0,11.5,0.0,26.7977080321
2007,4,15,23.0,4.5,0.0,13.75,0.0,25.7110715029
2007,4,16,20.0,2.5,0.0,11.25,0.0,27.2421636584
2007,4,17,20.0,1.5,0.0,10.75,0.0,25.0273423119
2007,4,18,24.0,4.5,0.0,14.25,0.0,22.4044843627
2007,4,19,25.0,5.5,0.0,15.25,0.0,23.344413873
2007,4,20,24.5,6.0,0.0,15.25,0.0,18.6755310984
2007,4,21,19.5,5.0,4.0,12.25,0.4,36.8503644768
2007,4,22,21.0,1.0,0.0,11.0,0.0,18.4631952554
2007,4,23,22.0,5.0,0.0,13.5,0.0,20.9046254311
2007,4,24,21.5,3.0,0.0,12.25,0.0,19.842503949
2007,4,25,24.5,5.5,0.0,15.0,0.0,18.9772010364
2007,4,26,27.0,7.0,0.0,17.0,0.0,18.7952049141
2007,4,27,28.5,8.0,0.0,18.25,0.0,19.302096562
2007,4,28,28.0,10.5,0.0,19.25,0.0,21.7588688601
2007,4,29,27.5,11.5,0.0,19.5,0.0,21.4228855038
2007,4,30,28.0,10.0,0.0,19.0,0.0,20.2589846027
2007,5,1,29.0,11.0,0.0,20.0,0.0,20.7680571238
2007,5,2,28.5,10.0,0.0,19.25,0.0,19.9456297884
2007,5,3,28.0,10.0,0.0,19.0,0.0,20.2589846027
2007,5,4,26.5,10.0,0.0,18.25,0.0,21.2323062182
2007,5,5,23.0,11.5,0.0,17.25,0.0,24.6673343991
2007,5,6,22.5,6.0,0.0,14.25,0.0,19.9150972113
2007,5,7,24.5,6.0,0.0,15.25,0.0,18.6755310984
2007,5,8,26.5,10.5,0.0,18.5,0.0,22.8024185435
2007,5,9,28.5,8.5,0.0,18.5,0.0,19.0020154529
2007,5,10,31.5,10.0,0.0,20.75,0.0,18.1748242197
2007,5,11,34.0,11.5,0.0,22.75,0.0,17.5411954706
2007,5,12,34.5,14.0,0.0,24.25,0.0,20.0234685576
2007,5,13,34.5,15.0,0.0,24.75,0.0,20.7258819825
2007,5,14,33.5,14.0,0.0,23.75,0.0,20.6366080801
2007,5,15,33.5,12.5,0.0,23.0,0.0,18.7163817193
2007,5,16,31.0,15.0,0.0,23.0,0.0,23.0355467314
2007,5,17,31.0,14.0,0.0,22.5,0.0,22.2627991415
2007,5,18,31.5,14.5,0.0,23.0,0.0,21.5958250607
2007,5,19,32.0,13.5,0.0,22.75,0.0,20.464728049
2007,5,20,32.0,11.5,0.0,21.75,0.0,18.6452726677
2007,5,21,30.0,12.0,0.0,21.0,0.0,21.1510218718
2007,5,22,28.5,11.0,0.0,19.75,0.0,21.0926507407
2007,5,23,28.0,11.0,0.0,19.5,0.0,21.4228855038
2007,5,24,30.5,9.5,0.0,20.0,0.0,19.0373856968
2007,5,25,32.0,12.5,0.0,22.25,0.0,19.5908655024
2007,5,26,32.0,12.0,0.0,22.0,0.0,19.8923736454
2007,5,27,32.0,12.0,0.0,22.0,0.0,19.8923736454
2007,5,28,31.5,11.5,0.0,21.5,0.0,18.9332101918
2007,5,29,31.5,11.0,0.0,21.25,0.0,19.2260949658
2007,5,30,32.5,11.0,0.0,21.75,0.0,18.6452726677
2007,5,31,33.0,11.5,0.0,22.25,0.0,18.0838758484
2007,6,1,33.0,13.5,0.0,23.25,0.0,19.8526421892
2007,6,2,33.0,14.0,0.0,23.5,0.0,20.9509821329
2007,6,3,33.0,14.5,0.0,23.75,0.0,20.6366080801
2007,6,4,34.5,16.0,0.0,25.25,0.0,21.3712890739
2007,6,5,35.0,16.0,0.0,25.5,0.0,21.0543308934
2007,6,6,31.0,17.0,0.0,24.0,0.0,24.3929623942
2007,6,7,29.0,13.0,0.0,21.0,0.0,22.7780235542
2007,6,8,32.0,11.5,0.0,21.75,0.0,18.6452726677
2007,6,9,34.0,13.0,0.0,23.5,0.0,19.5542499907
2007,6,10,34.5,13.5,0.0,24.0,0.0,18.9723040844
2007,6,11,29.0,14.5,8.0,21.75,0.8,23.3065908346
2007,6,12,27.0,10.5,13.0,18.75,1.3,22.4485222854
2007,6,13,32.0,13.5,0.0,22.75,0.0,20.464728049
2007,6,14,35.0,16.5,0.0,25.75,0.0,21.9627447317
2007,6,15,36.5,19.0,0.0,27.75,0.0,22.7611304352
2007,6,16,36.0,20.5,0.0,28.25,0.0,24.2074584987
2007,6,17,35.0,18.0,0.0,26.5,0.0,23.3385438022
2007,6,18,35.0,17.0,0.0,26.0,0.0,21.63809551
2007,6,19,35.0,17.0,0.0,26.0,0.0,21.63809551
2007,6,20,36.5,19.0,0.0,27.75,0.0,22.7611304352
2007,6,21,38.0,19.0,0.0,28.5,0.0,21.7811060922
2007,6,22,38.0,19.0,0.0,28.5,0.0,21.7811060922
2007,6,23,37.5,19.5,0.0,28.5,0.0,22.8183016204
2007,6,24,36.5,18.5,0.0,27.5,0.0,21.9987006416
2007,6,25,36.5,18.5,0.0,27.5,0.0,21.9987006416
2007,6,26,37.5,18.5,0.0,28.0,0.0,21.3610524254
2007,6,27,38.0,20.0,0.0,29.0,0.0,22.1612095808
2007,6,28,37.5,20.5,0.0,29.0,0.0,23.168537289
2007,6,29,37.5,19.5,0.0,28.5,0.0,22.8183016204
2007,6,30,37.5,19.5,0.0,28.5,0.0,22.8183016204
2007,7,1,38.5,19.0,0.0,28.75,0.0,21.4649433111
2007,7,2,38.5,18.5,0.0,28.5,0.0,20.743910564
2007,7,3,38.5,19.0,0.0,28.75,0.0,21.4649433111
2007,7,4,40.5,19.0,0.0,29.75,0.0,20.2504128949
2007,7,5,38.5,22.5,0.0,30.5,0.0,24.0063112001
2007,7,6,35.5,21.5,0.0,28.5,0.0,25.929888205
2007,7,7,36.5,20.0,7.0,28.25,0.7,23.1549603031
2007,7,8,35.0,19.5,0.0,27.25,0.0,24.5579924612
2007,7,9,34.5,21.5,0.0,28.0,0.0,26.7013155317
2007,7,10,35.0,21.0,0.0,28.0,0.0,25.6332629104
2007,7,11,35.0,18.0,0.0,26.5,0.0,23.3385438022
2007,7,12,35.0,20.5,7.0,27.75,0.7,24.9288571433
2007,7,13,35.0,20.0,0.0,27.5,0.0,24.1985707057
2007,7,14,34.5,21.5,0.0,28.0,0.0,26.7013155317
2007,7,15,36.5,20.5,8.0,28.5,0.8,23.8554971486
2007,7,16,36.5,19.0,0.0,27.75,0.0,22.7611304352
2007,7,17,37.5,19.5,0.0,28.5,0.0,22.8183016204
2007,7,18,37.5,18.0,0.0,27.75,0.0,21.6772670812
2007,7,19,37.0,18.0,0.0,27.5,0.0,21.9987006416
2007,7,20,34.5,17.0,0.0,25.75,0.0,21.9627447317
2007,7,21,32.0,17.0,0.0,24.5,0.0,23.6694171894
2007,7,22,31.0,16.0,3.0,23.5,0.3,23.7444464172
2007,7,23,30.0,18.5,13.0,24.25,1.3,34.7073454998
2007,7,24,31.5,18.0,7.0,24.75,0.7,37.5656610933
2007,7,25,31.0,18.5,0.0,24.75,0.0,33.6795582216
2007,7,26,30.0,16.5,0.0,23.25,0.0,29.7789632837
2007,7,27,30.0,18.5,11.0,24.25,1.1,48.0563245382
2007,7,28,26.0,17.0,21.0,21.5,2.1,66.2662356713
2007,7,29,30.0,14.0,8.0,22.0,0.8,45.9054776433
2007,7,30,31.0,17.5,0.0,24.25,0.0,46.7214266343
2007,7,31,29.5,17.5,17.0,23.5,1.7,61.4562142564
2007,8,1,29.0,18.0,6.0,23.5,0.6,69.8366071096
2007,8,2,30.0,18.5,21.0,24.25,2.1,68.0797930957
2007,8,3,30.5,20.0,0.0,25.25,0.0,67.8852711761
2007,8,4,30.0,20.5,0.0,25.25,0.0,72.9138097817
2007,8,5,28.5,20.0,0.0,24.25,0.0,77.4240784226
2007,8,6,26.0,18.0,13.0,22.0,1.3,79.5694945817
2007,8,7,27.0,18.0,12.0,22.5,1.2,77.1777036905
2007,8,8,30.5,17.0,0.0,23.75,0.0,60.5340503682
2007,8,9,32.5,18.5,0.0,25.5,0.0,59.4475225225
2007,8,10,32.5,18.5,0.0,25.5,0.0,59.4475225225
2007,8,11,33.5,19.0,0.0,26.25,0.0,58.034444825
2007,8,12,36.0,20.0,0.0,28.0,0.0,54.4706836847
2007,8,13,36.0,20.0,0.0,28.0,0.0,54.4706836847
2007,8,14,34.5,19.0,0.0,26.75,0.0,55.1886478875
2007,8,15,34.5,18.5,0.0,26.5,0.0,53.6786507451
2007,8,16,34.5,18.5,0.0,26.5,0.0,53.6786507451
2007,8,17,35.0,18.0,6.0,26.5,0.6,58.3463595056
2007,8,18,35.5,19.5,0.0,27.5,0.0,54.996751604
2007,8,19,34.0,20.5,0.0,27.25,0.0,62.5112535377
2007,8,20,33.0,20.5,0.0,26.75,0.0,65.5365193664
2007,8,21,34.5,20.5,0.0,27.5,0.0,61.5963617965
2007,8,22,35.5,20.0,0.0,27.75,0.0,57.4447577651
2007,8,23,35.5,20.0,0.0,27.75,0.0,57.4447577651
2007,8,24,34.5,19.5,0.0,27.0,0.0,58.9097721673
2007,8,25,32.0,18.5,15.0,25.25,1.5,66.6281365247
2007,8,26,31.0,18.5,8.0,24.75,0.8,68.654484067
2007,8,27,33.0,18.0,0.0,25.5,0.0,61.9245026276
2007,8,28,34.0,18.5,0.0,26.25,0.0,60.403197675
2007,8,29,35.0,19.0,0.0,27.0,0.0,60.0426524013
2007,8,30,34.5,21.5,0.0,28.0,0.0,68.3553677612
2007,8,31,34.5,20.0,0.0,27.25,0.0,63.6275259223
2007,9,1,34.5,19.5,0.0,27.0,0.0,62.3084128693
2007,9,2,32.5,18.5,0.0,25.5,0.0,65.6399727852
2007,9,3,32.5,16.0,0.0,24.25,0.0,58.7355077689
2007,9,4,33.5,16.0,0.0,24.75,0.0,56.9961754519
2007,9,5,32.5,16.5,0.0,24.5,0.0,60.4885105953
2007,9,6,29.5,17.5,6.0,23.5,0.6,69.8366071096
2007,9,7,28.5,18.0,0.0,23.25,0.0,73.738385274
2007,9,8,32.5,17.0,0.0,24.75,0.0,62.1776459475
2007,9,9,34.0,17.5,0.0,25.75,0.0,61.0076242547
2007,9,10,33.0,17.0,0.0,25.0,0.0,61.2524123363
2007,9,11,31.5,18.5,0.0,25.0,0.0,67.6328719547
2007,9,12,32.5,17.0,0.0,24.75,0.0,60.8822783236
2007,9,13,34.0,16.5,0.0,25.25,0.0,56.5710593134
2007,9,14,35.5,16.0,0.0,25.75,0.0,52.4665568591
2007,9,15,34.5,18.0,0.0,26.25,0.0,59.21882125
2007,9,16,32.0,17.0,0.0,24.5,0.0,63.1184458385
2007,9,17,29.0,15.5,6.0,22.25,0.6,66.3075447774
2007,9,18,29.5,14.0,0.0,21.75,0.0,62.1509088923
2007,9,19,30.0,15.0,0.0,22.5,0.0,63.8200242056
2007,9,20,30.5,15.5,0.0,23.0,0.0,63.3477535114
2007,9,21,30.5,15.0,0.0,22.75,0.0,62.8559504363
2007,9,22,31.0,19.0,0.0,25.0,0.0,70.185055802
2007,9,23,28.5,18.5,0.0,23.5,0.0,74.0268035361
2007,9,24,27.5,11.5,0.0,19.5,0.0,60.6981755942
2007,9,25,29.0,10.5,0.0,19.75,0.0,56.2470686419
2007,9,26,30.5,11.5,0.0,21.0,0.0,55.3180572031
2007,9,27,32.0,12.0,0.0,22.0,0.0,53.5563905838
2007,9,28,31.5,14.0,0.0,22.75,0.0,58.4706515686
2007,9,29,30.0,16.0,0.0,23.0,0.0,64.7874751821
2007,9,30,31.0,13.5,0.0,22.25,0.0,58.7725965072
2007,10,1,27.5,16.0,2.0,21.75,0.2,69.9197725038
2007,10,2,26.5,16.0,2.0,21.25,0.2,72.0978561216
2007,10,3,29.5,16.5,0.0,23.0,0.0,67.6669185235
2007,10,4,30.5,15.0,0.0,22.75,0.0,62.8559504363
2007,10,5,29.5,16.0,0.0,22.75,0.0,65.7794830147
2007,10,6,25.5,12.0,0.0,18.75,0.0,65.4748566659
2007,10,7,24.5,5.0,0.0,14.75,0.0,53.0317723547
2007,10,8,28.0,8.0,0.0,18.0,0.0,52.9400999854
2007,10,9,31.0,14.0,0.0,22.5,0.0,59.3674643773
2007,10,10,32.0,14.0,0.0,23.0,0.0,57.5888668285
2007,10,11,31.5,11.0,0.0,21.25,0.0,52.8717611558
2007,10,12,31.0,10.0,0.0,20.5,0.0,52.0163837362
2007,10,13,26.5,9.0,0.0,17.75,0.0,57.7626650319
2007,10,14,23.5,6.5,0.0,15.0,0.0,56.9316031092
2007,10,15,24.5,7.0,0.0,15.75,0.0,56.5250220325
2007,10,16,24.5,8.5,0.0,16.5,0.0,60.3566754358
2007,10,17,22.5,8.0,0.0,15.25,0.0,63.0299174572
2007,10,18,23.5,6.5,0.0,15.0,0.0,56.9316031092
2007,10,19,28.5,7.5,0.0,18.0,0.0,50.9793555415
2007,10,20,29.5,9.5,0.0,19.5,0.0,53.5572137596
2007,10,21,26.0,8.5,0.0,17.25,0.0,57.5571135978
2007,10,22,20.5,6.0,0.0,13.25,0.0,61.0836176163
2007,10,23,22.0,7.0,0.0,14.5,0.0,61.2402398772
2007,10,24,25.0,10.5,0.0,17.75,0.0,63.7381131386
2007,10,25,28.0,9.0,0.0,18.5,0.0,55.1058448134
2007,10,26,28.5,7.5,0.0,18.0,0.0,49.0186110976
2007,10,27,29.5,8.5,0.0,19.0,0.0,47.8848726972
2007,10,28,29.0,11.0,0.0,20.0,0.0,53.6508142364
2007,10,29,27.0,10.5,0.0,18.75,0.0,56.1213057136
2007,10,30,27.0,8.0,0.0,17.5,0.0,46.5389996994
2007,10,31,26.5,8.0,0.0,17.25,0.0,47.2790575982
2007,11,1,26.5,7.5,0.0,17.0,0.0,39.6787659297
2007,11,2,27.0,6.5,0.0,16.75,0.0,36.068568074
2007,11,3,26.5,7.5,0.0,17.0,0.0,39.6787659297
2007,11,4,27.5,9.0,0.0,18.25,0.0,42.4646124365
2007,11,5,28.0,8.5,0.0,18.25,0.0,34.7437738117
2007,11,6,26.0,10.0,0.0,18.0,0.0,35.2933999903
2007,11,7,27.0,10.0,0.0,18.5,0.0,34.2036278152
2007,11,8,28.0,9.0,0.0,18.5,0.0,28.5030231793
2007,11,9,27.0,8.5,0.0,17.75,0.0,29.8772405337
2007,11,10,25.0,7.5,0.0,16.25,0.0,32.8516919658
2007,11,11,24.5,6.5,0.0,15.5,0.0,32.1635423342
2007,11,12,22.0,6.5,0.0,14.25,0.0,39.8301944226
2007,11,13,24.5,7.5,0.0,16.0,0.0,35.6039027629
2007,11,14,26.5,7.5,0.0,17.0,0.0,31.3253415234
2007,11,15,22.5,9.5,0.0,16.0,0.0,48.955366299
2007,11,16,20.0,7.5,0.0,13.75,0.0,46.2799287051
2007,11,17,22.5,6.0,0.0,14.25,0.0,32.3620329683
2007,11,18,26.0,6.0,0.0,16.0,0.0,26.7029270722
2007,11,19,27.0,6.5,0.0,16.75,0.0,25.4601656993
2007,11,20,25.5,6.5,0.0,16.0,0.0,28.9281709949
2007,11,21,24.0,6.5,0.0,15.25,0.0,32.6821794222
2007,11,22,21.0,8.5,5.0,14.75,0.5,55.4423074618
2007,11,23,17.5,4.0,0.0,10.75,0.0,46.9262668347
2007,11,24,13.0,2.5,0.0,7.75,0.0,49.6928155705
2007,11,25,13.0,-2.0,0.0,5.5,0.0,22.2751056676
2007,11,26,14.0,1.0,0.0,7.5,0.0,27.2135026808
2007,11,27,16.5,3.0,0.0,9.75,0.0,23.4005518918
2007,11,28,19.5,4.0,0.0,11.75,0.0,20.5032061949
2007,11,29,16.5,8.0,4.0,12.25,0.4,56.6928684258
2007,11,30,15.0,10.0,16.0,12.5,1.6,86.4502317848
2007,12,1,14.0,8.5,23.0,11.25,2.3,84.7533980482
2007,12,2,14.0,3.0,0.0,8.5,0.0,69.0515736276
2007,12,3,17.5,2.5,0.0,10.0,0.0,52.605133974
2007,12,4,22.5,3.0,0.0,12.75,0.0,41.1542008615
2007,12,5,24.0,3.5,0.0,13.75,0.0,38.5666072543
2007,12,6,21.0,4.0,0.0,12.5,0.0,44.6194744696
2007,12,7,19.0,7.0,0.0,13.0,0.0,62.0842695606
2007,12,8,16.0,4.0,11.0,10.0,1.1,65.7564174675
2007,12,9,13.0,0.5,5.0,6.75,0.5,65.4475681457
2007,12,10,11.5,2.0,4.0,6.75,0.4,73.6285141639
2007,12,11,7.5,1.5,7.0,4.5,0.7,81.1334930749
2007,12,12,10.0,-0.5,5.0,4.75,0.5,70.3634224678
2007,12,13,12.5,-1.5,0.0,5.5,0.0,62.3702958694
2007,12,14,11.0,-2.5,0.0,4.25,0.0,63.1253326111
2007,12,15,10.5,-5.5,0.0,2.5,0.0,54.8536376657
2007,12,16,12.5,-3.0,0.0,4.75,0.0,56.2907379743
2007,12,17,15.5,-1.5,0.0,7.0,0.0,52.2806960146
2007,12,18,17.5,-1.5,0.0,8.0,0.0,48.8619175066
2007,12,19,15.5,-1.0,0.0,7.25,0.0,55.3558699072
2007,12,20,15.5,-2.0,0.0,6.75,0.0,53.1761491184
2007,12,21,11.5,-2.0,0.0,4.75,0.0,60.9816328055
2007,12,22,9.5,-7.0,0.0,1.25,0.0,53.9112700979
2007,12,23,13.0,-5.0,0.0,4.0,0.0,49.4063710549
2007,12,24,17.0,-3.0,0.0,7.0,0.0,48.2591040134
2007,12,25,12.5,-4.0,0.0,4.25,0.0,53.4137429787
2007,12,26,11.5,-7.0,0.0,2.25,0.0,50.2419500575
2007,12,27,6.0,-7.0,0.0,-0.5,0.0,61.0651024914
2007,12,28,6.5,-8.0,0.0,-0.75,0.0,55.2621607069
2007,12,29,9.0,-6.5,0.0,1.25,0.0,53.9112700979
2007,12,30,14.0,-3.5,0.0,5.25,0.0,54.3858895597
2007,12,31,16.0,-3.0,0.0,6.5,0.0,49.9279223819
2008,1,1,14.5,-3.0,0.0,5.75,0.0,43.7933249153
2008,1,2,12.0,0.0,0.0,6.0,0.0,60.270867494
2008,1,3,15.0,2.0,0.0,8.5,0.0,54.5144002323
2008,1,4,17.5,3.0,1.0,10.25,0.1,48.5056401283
2008,1,5,18.0,4.5,0.0,11.25,0.0,54.4843273167
2008,1,6,15.0,7.0,0.0,11.0,0.0,76.9299802307
2008,1,7,11.5,5.5,5.0,8.5,0.5,83.5887470229
2008,1,8,13.5,2.0,5.0,7.75,0.5,68.8054369437
2008,1,9,14.0,-0.5,0.0,6.75,0.0,53.1761491184
2008,1,10,15.0,-2.0,0.0,6.5,0.0,45.7672621834
2008,1,11,16.0,-1.5,0.0,7.25,0.0,43.4938977843
2008,1,12,16.0,-2.5,0.0,6.75,0.0,40.9047300911
2008,1,13,15.0,-2.0,0.0,6.5,0.0,45.7672621834
2008,1,14,13.5,-0.5,0.0,6.5,0.0,54.0885825804
2008,1,15,14.5,-3.0,0.0,5.75,0.0,43.7933249153
2008,1,16,12.5,-3.5,0.0,4.5,0.0,47.7255841617
2008,1,17,10.5,-3.5,0.0,3.5,0.0,56.2680296883
2008,1,18,11.0,-6.0,0.0,2.5,0.0,43.8829101326
2008,1,19,12.5,-6.0,0.0,3.25,0.0,41.6411315176
2008,1,20,15.0,-5.0,0.0,5.0,0.0,36.8861737706
2008,1,21,14.0,-3.5,0.0,5.25,0.0,45.321574633
2008,1,22,16.0,-0.5,0.0,7.75,0.0,45.8702912958
2008,1,23,15.5,-0.5,0.0,7.5,0.0,46.6517188814
2008,1,24,14.0,2.0,0.0,8.0,0.0,60.1377446235
2008,1,25,15.0,-1.5,0.0,6.75,0.0,44.9952031002
2008,1,26,16.5,0.0,0.0,8.25,0.0,44.3504795939
2008,1,27,14.0,6.5,6.0,10.25,0.6,77.6090242052
2008,1,28,13.0,6.0,13.0,9.5,1.3,78.1787255889
2008,1,29,12.5,1.0,0.0,6.75,0.0,65.4475681457
2008,1,30,11.0,-1.5,0.0,4.75,0.0,60.9816328055
2008,1,31,12.0,-6.0,0.0,3.0,0.0,47.670780101
2008,2,1,14.0,-2.5,0.0,5.75,0.0,48.1726574069
2008,2,2,16.5,-2.0,0.0,7.25,0.0,43.4938977843
2008,2,3,16.0,-0.5,0.0,7.75,0.0,49.6928155705
2008,2,4,11.0,0.0,5.0,5.5,0.5,66.8253170029
2008,2,5,8.0,-5.0,3.0,1.5,0.3,64.7374456847
2008,2,6,11.0,-6.0,0.0,2.5,0.0,49.3682738991
2008,2,7,16.0,-3.5,0.0,6.25,0.0,42.3218062828
2008,2,8,19.0,-1.5,0.0,8.75,0.0,42.8861519218
2008,2,9,21.5,-0.5,0.0,10.5,0.0,38.1669777149
2008,2,10,23.5,1.5,0.0,12.5,0.0,39.0420401609
2008,2,11,22.0,1.5,0.0,11.75,0.0,41.0064123897
2008,2,12,21.5,1.0,0.0,11.25,0.0,39.349791951
2008,2,13,21.0,2.0,0.0,11.5,0.0,44.6628467202
2008,2,14,19.5,4.5,0.0,12.0,0.0,54.7467634143
2008,2,15,13.0,2.0,22.0,7.5,2.2,69.9775783222
2008,2,16,10.5,-0.5,8.0,5.0,0.8,69.1615758199
2008,2,17,13.5,-0.5,0.0,6.5,0.0,62.4099029773
2008,2,18,18.5,-1.0,0.0,8.75,0.0,46.4599979153
2008,2,19,20.5,1.0,0.0,10.75,0.0,46.9262668347
2008,2,20,17.0,1.5,0.0,9.25,0.0,58.7563994881
2008,2,21,13.5,2.0,0.0,7.75,0.0,68.8054369437
2008,2,22,14.0,-0.5,0.0,6.75,0.0,61.3570951366
2008,2,23,16.0,4.0,0.0,10.0,0.0,65.7564174675
2008,2,24,22.0,2.5,0.0,12.25,0.0,45.3542947406
2008,2,25,21.0,5.0,0.0,13.0,0.0,53.9863213571
2008,2,26,19.5,0.0,0.0,9.75,0.0,46.8011037836
2008,2,27,22.0,2.0,0.0,12.0,0.0,43.2211290113
2008,2,28,25.0,2.5,0.0,13.75,0.0,35.995500104
2008,2,29,25.0,3.5,0.0,14.25,0.0,37.3408072712
2008,3,1,24.5,5.5,0.0,15.0,0.0,42.6987023319
2008,3,2,20.5,3.0,0.0,11.75,0.0,46.8644713026
2008,3,3,14.5,-1.5,0.0,6.5,0.0,49.9279223819
2008,3,4,17.0,-2.5,0.0,7.25,0.0,39.5399070766
2008,3,5,18.5,-1.0,0.0,8.75,0.0,39.3123059284
2008,3,6,16.5,-2.0,0.0,7.25,0.0,43.4938977843
2008,3,7,17.5,-1.5,0.0,8.0,0.0,41.3446994287
2008,3,8,18.0,-0.5,0.0,8.75,0.0,42.8861519218
2008,3,9,17.5,1.5,0.0,9.5,0.0,47.5870503585
2008,3,10,20.5,0.5,0.0,10.5,0.0,34.9863962387
2008,3,11,22.5,1.0,0.0,11.75,0.0,32.2193240205
2008,3,12,23.5,3.5,0.0,13.5,0.0,33.9700163256
2008,3,13,23.5,5.0,0.0,14.25,0.0,37.3408072712
2008,3,14,22.5,7.5,0.0,15.0,0.0,47.443002591
2008,3,15,20.0,7.0,0.0,13.5,0.0,52.2615635778
2008,3,16,15.0,2.5,0.0,8.75,0.0,57.1815358958
2008,3,17,10.0,-2.0,10.0,4.0,1.0,64.2282823714
2008,3,18,13.5,-1.5,0.0,6.0,0.0,51.6607435663
2008,3,19,20.5,0.5,0.0,10.5,0.0,38.1669777149
2008,3,20,23.5,2.0,0.0,12.75,0.0,32.9233606892
2008,3,21,24.5,4.0,0.0,14.25,0.0,34.8514201198
2008,3,22,24.5,3.0,0.0,13.75,0.0,33.4243929537
2008,3,23,23.0,4.0,0.0,13.5,0.0,39.1961726834
2008,3,24,24.5,6.5,0.0,15.5,0.0,36.7583340962
2008,3,25,26.0,5.5,0.0,15.75,0.0,31.6540123382
2008,3,26,25.5,6.0,0.0,15.75,0.0,33.9150132195
2008,3,27,25.0,5.5,0.0,15.25,0.0,30.3477380349
2008,3,28,25.5,5.5,0.0,15.5,0.0,29.8661464531
2008,3,29,25.0,6.5,0.0,15.75,0.0,31.6540123382
2008,3,30,24.0,7.5,0.0,15.75,0.0,36.1760141008
2008,3,31,23.0,6.0,0.0,14.5,0.0,36.7441439263
2008,4,1,25.0,3.0,0.0,14.0,0.0,25.298816225
2008,4,2,25.5,5.5,0.0,15.5,0.0,29.8661464531
2008,4,3,22.0,4.0,0.0,13.0,0.0,32.3917928143
2008,4,4,22.5,3.5,0.0,13.0,0.0,29.6924767464
2008,4,5,23.5,3.0,0.0,13.25,0.0,26.5580946158
2008,4,6,24.5,4.0,0.0,14.25,0.0,27.3832586655
2008,4,7,24.0,6.5,0.0,15.25,0.0,30.3477380349
2008,4,8,24.5,4.0,0.0,14.25,0.0,22.4044843627
2008,4,9,19.0,6.5,0.0,12.75,0.0,43.8978142523
2008,4,10,17.0,4.0,0.0,10.5,0.0,41.3475591912
2008,4,11,21.0,0.5,0.0,10.75,0.0,21.8989245229
2008,4,12,22.5,2.5,0.0,12.5,0.0,22.3097372348
2008,4,13,26.0,6.0,0.0,16.0,0.0,22.2524392268
2008,4,14,29.5,8.5,0.0,19.0,0.0,20.2589846027
2008,4,15,29.0,7.0,0.0,18.0,0.0,19.607444439
2008,4,16,26.0,7.5,0.0,16.75,0.0,25.4601656993
2008,4,17,21.5,3.0,0.0,12.25,0.0,25.5117907916
2008,4,18,25.0,1.0,0.0,13.0,0.0,16.1958964071
2008,4,19,28.5,6.0,0.0,17.25,0.0,18.5005007993
2008,4,20,25.0,6.5,0.0,15.75,0.0,24.8710096943
2008,4,21,25.5,4.5,0.0,15.0,0.0,21.3493511659
2008,4,22,28.0,4.0,0.0,16.0,0.0,15.5767074588
2008,4,23,27.5,5.5,0.0,16.5,0.0,19.4003599615
2008,4,24,27.0,6.5,0.0,16.75,0.0,21.2168047494
2008,4,25,26.5,5.0,0.0,15.75,0.0,20.3490079317
2008,4,26,28.5,4.0,0.0,16.25,0.0,15.3307895841
2008,4,27,26.5,7.5,0.0,17.0,0.0,20.8835610156
2008,4,28,27.5,8.5,0.0,18.0,0.0,19.607444439
2008,4,29,30.0,8.5,0.0,19.25,0.0,18.1323907167
2008,4,30,28.5,10.0,0.0,19.25,0.0,19.9456297884
2008,5,1,25.0,7.5,0.0,16.25,0.0,19.7110151795
2008,5,2,24.5,4.0,0.0,14.25,0.0,17.4257100599
2008,5,3,27.5,5.5,0.0,16.5,0.0,17.2447644102
2008,5,4,29.5,8.0,0.0,18.75,0.0,18.7071019045
2008,5,5,29.0,8.0,0.0,18.5,0.0,19.0020154529
2008,5,6,25.0,8.0,0.0,16.5,0.0,21.5559555128
2008,5,7,25.5,5.5,0.0,15.5,0.0,18.3791670481
2008,5,8,27.5,8.5,0.0,18.0,0.0,19.607444439
2008,5,9,28.5,11.5,0.0,20.0,0.0,20.7680571238
2008,5,10,29.5,7.5,0.0,18.5,0.0,17.1018139076
2008,5,11,31.0,8.5,0.0,19.75,0.0,17.5772089506
2008,5,12,29.5,10.5,0.0,20.0,0.0,20.7680571238
2008,5,13,24.5,8.0,3.0,16.25,0.3,21.9011279772
2008,5,14,23.5,3.0,0.0,13.25,0.0,18.590666231
2008,5,15,24.5,7.0,0.0,15.75,0.0,20.3490079317
2008,5,16,24.5,11.0,0.0,17.75,0.0,23.901792427
2008,5,17,27.5,10.0,0.0,18.75,0.0,20.577812095
2008,5,18,31.5,12.0,0.0,21.75,0.0,20.19904539
2008,5,19,34.0,13.5,0.0,23.75,0.0,19.260834208
2008,5,20,35.0,18.5,0.0,26.75,0.0,22.9952699531
2008,5,21,32.0,14.0,0.0,23.0,0.0,21.5958250607
2008,5,22,23.5,9.5,0.0,16.5,0.0,23.7115510641
2008,5,23,18.5,6.5,9.0,12.5,0.9,25.0984543891
2008,5,24,21.0,7.0,0.0,14.0,0.0,22.7689346025
2008,5,25,27.0,7.5,0.0,17.25,0.0,18.5005007993
2008,5,26,27.5,8.5,0.0,18.0,0.0,19.607444439
2008,5,27,30.0,8.0,0.0,19.0,0.0,18.4172587297
2008,5,28,31.5,9.5,0.0,20.5,0.0,18.457426487
2008,5,29,31.0,9.0,0.0,20.0,0.0,17.3067142698
2008,5,30,32.0,9.5,0.0,20.75,0.0,18.1748242197
2008,5,31,34.0,9.0,0.0,21.5,0.0,15.7776751598
2008,6,1,35.0,10.5,0.0,22.75,0.0,17.5411954706
2008,6,2,33.5,13.5,0.0,23.5,0.0,19.5542499907
2008,6,3,33.0,12.5,0.0,22.75,0.0,19.0029617598
2008,6,4,32.0,12.0,0.0,22.0,0.0,19.8923736454
2008,6,5,29.0,13.5,0.0,21.25,0.0,22.4304441267
2008,6,6,31.0,8.0,0.0,19.5,0.0,17.8524045865
2008,6,7,33.5,13.0,0.0,23.25,0.0,19.8526421892
2008,6,8,33.5,14.5,0.0,24.0,0.0,20.3274686619
2008,6,9,35.0,13.0,0.0,24.0,0.0,18.9723040844
2008,6,10,36.0,15.0,0.0,25.5,0.0,19.8158408408
2008,6,11,34.5,17.5,0.0,26.0,0.0,22.8402119272
2008,6,12,34.0,15.5,0.0,24.75,0.0,20.7258819825
2008,6,13,35.0,13.0,0.0,24.0,0.0,18.9723040844
2008,6,14,37.5,15.0,0.0,26.25,0.0,18.9500228
2008,6,15,38.0,18.5,0.0,28.25,0.0,21.0499639119
2008,6,16,38.0,19.0,0.0,28.5,0.0,21.7811060922
2008,6,17,38.5,19.0,0.0,28.75,0.0,21.4649433111
2008,6,18,38.0,19.0,0.0,28.5,0.0,21.7811060922
2008,6,19,37.0,16.0,0.0,26.5,0.0,19.8377622319
2008,6,20,38.5,16.5,0.0,27.5,0.0,19.7988305774
2008,6,21,38.0,19.0,0.0,28.5,0.0,21.7811060922
2008,6,22,37.5,18.5,0.0,28.0,0.0,21.3610524254
2008,6,23,37.0,18.5,0.0,27.75,0.0,21.6772670812
2008,6,24,37.5,18.0,0.0,27.75,0.0,21.6772670812
2008,6,25,36.0,20.0,0.0,28.0,0.0,23.4971576679
2008,6,26,34.5,17.5,18.0,26.0,1.8,22.8402119272
2008,6,27,34.0,15.0,0.0,24.5,0.0,21.0394819462
2008,6,28,35.0,18.0,0.0,26.5,0.0,23.3385438022
2008,6,29,35.5,19.5,0.0,27.5,0.0,24.1985707057
2008,6,30,35.0,19.0,0.0,27.0,0.0,23.7904849137
2008,7,1,35.5,19.5,0.0,27.5,0.0,24.1985707057
2008,7,2,36.5,18.5,0.0,27.5,0.0,21.9987006416
2008,7,3,36.5,19.0,5.0,27.75,0.5,22.7611304352
2008,7,4,36.0,19.0,0.0,27.5,0.0,23.0986356737
2008,7,5,34.5,19.5,0.0,27.0,0.0,24.9233651477
2008,7,6,34.5,18.5,0.0,26.5,0.0,23.3385438022
2008,7,7,32.5,17.5,17.0,25.0,1.7,24.2457465498
2008,7,8,31.5,19.0,0.0,25.25,0.0,26.3998276796
2008,7,9,30.0,19.5,7.0,24.75,0.7,45.3378668367
2008,7,10,26.0,19.0,4.0,22.5,0.4,71.2409572528
2008,7,11,27.5,18.0,32.0,22.75,3.2,57.0088852794
2008,7,12,29.0,18.0,0.0,23.5,0.0,54.4725535455
2008,7,13,28.5,18.5,0.0,23.5,0.0,58.662749972
2008,7,14,28.0,17.5,16.0,22.75,1.6,64.3177167255
2008,7,15,30.5,17.0,0.0,23.75,0.0,48.1520855201
2008,7,16,33.5,18.0,0.0,25.75,0.0,41.4851844932
2008,7,17,35.0,19.0,0.0,27.0,0.0,40.7836884235
2008,7,18,35.5,19.5,0.0,27.5,0.0,40.6975961869
2008,7,19,33.5,18.5,11.0,26.0,1.1,51.6910059406
2008,7,20,29.5,18.0,13.0,23.75,1.3,66.0371458562
2008,7,21,29.5,19.0,0.0,24.25,0.0,65.4099972881
2008,7,22,31.0,19.0,0.0,25.0,0.0,58.700228489
2008,7,23,30.5,19.0,8.0,24.75,0.8,68.654484067
2008,7,24,33.5,19.0,0.0,26.25,0.0,50.928186275
2008,7,25,34.0,18.0,0.0,26.0,0.0,46.8825402717
2008,7,26,31.5,19.0,17.0,25.25,1.7,65.3710018732
2008,7,27,31.0,19.0,0.0,25.0,0.0,62.52850426
2008,7,28,31.0,18.0,0.0,24.5,0.0,59.1735429736
2008,7,29,32.5,17.5,0.0,25.0,0.0,52.3197688706
2008,7,30,34.5,17.0,0.0,25.75,0.0,46.3657944336
2008,7,31,36.5,19.0,0.0,27.75,0.0,47.6899875786
2008,8,1,37.5,21.0,0.0,29.25,0.0,49.6376943953
2008,8,2,36.0,19.5,0.0,27.75,0.0,49.8577142867
2008,8,3,33.5,19.5,0.0,26.5,0.0,56.0125051254
2008,8,4,32.0,17.5,0.0,24.75,0.0,54.405440204
2008,8,5,33.0,19.0,0.0,26.0,0.0,56.4994716095
2008,8,6,34.0,17.0,6.0,25.5,0.6,55.7320523648
2008,8,7,34.5,18.0,0.0,26.25,0.0,50.928186275
2008,8,8,31.5,17.5,0.0,24.5,0.0,57.858575352
2008,8,9,30.0,19.0,0.0,24.5,0.0,68.3783163251
2008,8,10,31.5,19.0,0.0,25.25,0.0,62.8567325704
2008,8,11,33.0,19.0,0.0,26.0,0.0,58.9037044439
2008,8,12,33.5,20.0,0.0,26.75,0.0,59.7877018781
2008,8,13,33.0,19.0,0.0,26.0,0.0,58.9037044439
2008,8,14,32.0,18.0,6.0,25.0,0.6,65.0806881074
2008,8,15,31.0,18.0,0.0,24.5,0.0,63.1184458385
2008,8,16,32.0,17.0,15.0,24.5,1.5,63.1184458385
2008,8,17,31.5,17.5,0.0,24.5,0.0,61.8034782169
2008,8,18,31.5,17.0,0.0,24.25,0.0,60.0704056727
2008,8,19,32.5,17.0,0.0,24.75,0.0,56.9961754519
2008,8,20,33.5,16.5,0.0,25.0,0.0,53.5958607943
2008,8,21,34.5,16.5,0.0,25.5,0.0,52.0165822072
2008,8,22,35.0,18.0,0.0,26.5,0.0,53.6786507451
2008,8,23,34.5,18.5,0.0,26.5,0.0,56.0125051254
2008,8,24,32.5,18.5,0.0,25.5,0.0,61.9245026276
2008,8,25,31.0,19.5,0.0,25.25,0.0,70.3995404789
2008,8,26,27.5,17.5,6.0,22.5,0.6,74.2093304717
2008,8,27,28.0,16.5,6.0,22.25,0.6,70.8285137395
2008,8,28,29.5,16.0,8.0,22.75,0.8,65.7794830147
2008,8,29,29.5,17.5,6.0,23.5,0.6,69.8366071096
2008,8,30,29.5,18.0,0.0,23.75,0.0,71.5402413442
2008,8,31,28.0,17.5,5.0,22.75,0.5,73.0883144608
2008,9,1,29.0,16.0,0.0,22.5,0.0,66.7883974245
2008,9,2,31.0,15.5,0.0,23.25,0.0,60.9759724381
2008,9,3,30.5,16.0,0.0,23.25,0.0,63.8120641794
2008,9,4,32.0,15.5,0.0,23.75,0.0,59.1582764962
2008,9,5,34.0,15.0,0.0,24.5,0.0,52.5987048654
2008,9,6,34.5,15.0,0.0,24.75,0.0,51.8147049562
2008,9,7,34.0,17.0,0.0,25.5,0.0,58.2090324699
2008,9,8,32.0,15.5,0.0,23.75,0.0,59.1582764962
2008,9,9,31.0,16.5,0.0,23.75,0.0,64.6613719842
2008,9,10,29.5,15.5,1.0,22.5,0.1,65.3042108151
2008,9,11,28.5,15.0,2.0,21.75,0.2,66.8122270592
2008,9,12,27.5,13.0,21.0,20.25,2.1,63.0510814132
2008,9,13,28.5,12.5,0.0,20.5,0.0,60.4061230485
2008,9,14,30.5,12.0,0.0,21.25,0.0,56.0761103168
2008,9,15,28.5,15.0,0.0,21.75,0.0,66.8122270592
2008,9,16,27.0,14.5,0.0,20.75,0.0,67.7425266371
2008,9,17,28.5,14.0,0.0,21.25,0.0,64.0869832192
2008,9,18,30.0,13.5,0.0,21.75,0.0,60.5971361699
2008,9,19,31.5,13.5,0.0,22.5,0.0,57.8832777679
2008,9,20,32.5,14.0,0.0,23.25,0.0,56.7218348261
2008,9,21,32.5,15.0,0.0,23.75,0.0,59.1582764962
2008,9,22,32.0,14.0,0.0,23.0,0.0,57.5888668285
2008,9,23,32.5,14.0,0.0,23.25,0.0,56.7218348261
2008,9,24,32.5,14.5,0.0,23.5,0.0,57.2660178298
2008,9,25,30.0,16.0,0.0,23.0,0.0,64.7874751821
2008,9,26,29.0,16.0,4.0,22.5,0.4,66.7883974245
2008,9,27,29.5,13.5,0.0,21.5,0.0,61.5329331234
2008,9,28,29.0,14.5,0.0,21.75,0.0,63.7046816146
2008,9,29,28.5,14.0,0.0,21.25,0.0,64.0869832192
2008,9,30,29.0,15.0,0.0,22.0,0.0,65.7978512887
2008,10,1,30.0,13.0,0.0,21.5,0.0,58.3773980914
2008,10,2,30.5,12.0,0.0,21.25,0.0,56.0761103168
2008,10,3,29.5,13.0,0.0,21.25,0.0,59.2804594778
2008,10,4,27.5,13.0,0.0,20.25,0.0,63.0510814132
2008,10,5,24.5,11.5,0.0,18.0,0.0,66.6653110928
2008,10,6,25.0,7.5,0.0,16.25,0.0,56.9429327408
2008,10,7,27.5,8.0,0.0,17.75,0.0,53.7790329607
2008,10,8,30.5,11.0,0.0,20.75,0.0,54.5244726591
2008,10,9,30.0,11.0,0.0,20.5,0.0,55.3722794611
2008,10,10,28.5,12.0,0.0,20.25,0.0,59.6429148504
2008,10,11,25.5,12.0,5.0,18.75,0.5,65.4748566659
2008,10,12,21.0,3.5,0.0,12.25,0.0,56.6928684258
2008,10,13,20.0,-0.5,0.0,9.75,0.0,46.8011037836
2008,10,14,21.5,1.0,0.0,11.25,0.0,48.4305131704
2008,10,15,24.0,5.5,0.0,14.75,0.0,53.0317723547
2008,10,16,27.0,8.0,0.0,17.5,0.0,52.6093040081
2008,10,17,27.5,9.0,0.0,18.25,0.0,54.0458703737
2008,10,18,29.0,9.5,0.0,19.25,0.0,50.7706940068
2008,10,19,29.5,10.0,0.0,19.75,0.0,47.4584641666
2008,10,20,29.5,10.0,0.0,19.75,0.0,49.2161850617
2008,10,21,29.0,8.5,0.0,18.75,0.0,46.7677547613
2008,10,22,27.0,7.0,0.0,17.0,0.0,45.9438342344
2008,10,23,26.5,4.5,0.0,15.5,0.0,41.3531258582
2008,10,24,27.0,4.5,0.0,15.75,0.0,40.6980158634
2008,10,25,28.5,5.0,0.0,16.75,0.0,36.068568074
2008,10,26,30.5,7.0,0.0,18.75,0.0,37.4142038091
2008,10,27,26.5,9.5,0.0,18.0,0.0,50.9793555415
2008,10,28,26.0,10.0,0.0,18.0,0.0,54.9008444293
2008,10,29,28.0,8.5,0.0,18.25,0.0,46.3250317489
2008,10,30,28.0,9.5,0.0,18.75,0.0,48.6384649518
2008,10,31,29.0,9.5,0.0,19.25,0.0,45.3309767918
2008,11,1,29.0,10.0,0.0,19.5,0.0,48.2014923836
2008,11,2,28.5,9.0,0.0,18.75,0.0,46.7677547613
2008,11,3,26.0,9.0,0.0,17.5,0.0,52.6093040081
2008,11,4,24.5,9.5,0.0,17.0,0.0,58.4739708437
2008,11,5,21.5,6.0,0.0,13.75,0.0,56.5643573063
2008,11,6,18.5,0.0,0.0,9.25,0.0,48.3876231079
2008,11,7,20.0,0.5,0.0,10.25,0.0,45.2719307864
2008,11,8,21.5,1.0,0.0,11.25,0.0,42.3766990241
2008,11,9,22.0,1.5,0.0,11.75,0.0,43.9354418462
2008,11,10,19.0,2.0,0.0,10.5,0.0,54.0698850961
2008,11,11,17.0,1.5,0.0,9.25,0.0,58.7563994881
2008,11,12,18.0,1.0,0.0,9.5,0.0,54.3852004097
2008,11,13,21.0,2.5,0.0,11.75,0.0,46.8644713026
2008,11,14,23.5,4.0,0.0,13.75,0.0,46.2799287051
2008,11,15,22.0,4.5,0.0,13.25,0.0,45.1487608468
2008,11,16,20.5,4.0,0.0,12.25,0.0,48.1889381619
2008,11,17,24.0,4.5,0.0,14.25,0.0,42.319581574
2008,11,18,24.5,6.5,0.0,15.5,0.0,45.9479176202
2008,11,19,25.5,4.0,0.0,14.75,0.0,36.1580266055
2008,11,20,26.0,3.5,0.0,14.75,0.0,36.1580266055
2008,11,21,22.5,3.0,0.0,12.75,0.0,41.1542008615
2008,11,22,20.5,3.0,0.0,11.75,0.0,46.8644713026
2008,11,23,22.5,2.5,0.0,12.5,0.0,41.8307573152
2008,11,24,22.0,2.5,0.0,12.25,0.0,42.5196513194
2008,11,25,21.5,6.5,0.0,14.0,0.0,50.59763245
2008,11,26,20.0,6.5,0.0,13.25,0.0,53.1161892315
2008,11,27,18.5,6.5,10.0,12.5,1.0,64.14049455
2008,11,28,15.0,3.5,13.0,9.25,1.3,69.1251758684
2008,11,29,14.0,2.5,0.0,8.25,0.0,66.5257193909
2008,11,30,17.5,2.0,0.0,9.75,0.0,50.1440397682
2008,12,1,21.5,2.5,0.0,12.0,0.0,40.3397204105
2008,12,2,22.5,3.5,0.0,13.0,0.0,40.4897410178
2008,12,3,20.5,2.0,0.0,11.25,0.0,42.3766990241
2008,12,4,17.5,1.0,0.0,9.25,0.0,48.3876231079
2008,12,5,18.5,0.5,0.0,9.5,0.0,44.1879753329
2008,12,6,19.5,0.0,0.0,9.75,0.0,40.1152318145
2008,12,7,17.5,1.0,0.0,9.25,0.0,48.3876231079
2008,12,8,13.5,2.0,5.0,7.75,0.5,68.8054369437
2008,12,9,11.5,2.0,5.0,6.75,0.5,73.6285141639
2008,12,10,14.0,-1.0,0.0,6.5,0.0,58.2492427789
2008,12,11,17.5,0.5,0.0,9.0,0.0,49.2031195886
2008,12,12,19.0,3.0,0.0,11.0,0.0,40.00358972
2008,12,13,17.5,2.5,0.0,10.0,0.0,42.7416713539
2008,12,14,13.0,4.0,0.0,8.5,0.0,69.0515736276
2008,12,15,12.0,1.0,0.0,6.5,0.0,58.2492427789
2008,12,16,13.0,3.0,0.0,8.0,0.0,63.8963536625
2008,12,17,15.5,4.5,0.0,10.0,0.0,59.1807757208
2008,12,18,13.0,1.5,0.0,7.25,0.0,55.3558699072
2008,12,19,13.0,-3.0,0.0,5.0,0.0,41.496945492
2008,12,20,14.5,-2.5,0.0,6.0,0.0,38.7455576747
2008,12,21,17.5,-3.0,0.0,7.25,0.0,31.6319256613
2008,12,22,17.5,-1.5,0.0,8.0,0.0,33.8274813507
2008,12,23,13.0,2.0,10.0,7.5,1.0,66.089935082
2008,12,24,13.5,2.0,0.0,7.75,0.0,61.1603883944
2008,12,25,13.0,3.5,0.0,8.25,0.0,70.2215926904
2008,12,26,11.0,-0.5,6.0,5.25,0.6,67.9823619496
2008,12,27,5.5,-7.5,0.0,-1.0,0.0,56.2638530273
2008,12,28,11.0,-5.5,0.0,2.75,0.0,48.5113334686
2008,12,29,16.5,0.0,0.0,8.25,0.0,44.3504795939
2008,12,30,20.0,0.0,0.0,10.0,0.0,36.1660296071
2009,1,1,20.0,0.5,0.0,10.25,0.0,32.3370934188
2009,1,2,19.5,0.0,0.0,9.75,0.0,30.0864238609
2009,1,3,17.0,2.5,0.0,9.75,0.0,43.4581677991
2009,1,4,13.0,3.5,0.0,8.25,0.0,62.8298460914
2009,1,5,9.5,2.0,8.0,5.75,0.8,78.8279848476
2009,1,6,9.5,-1.5,0.0,4.0,0.0,64.2282823714
2009,1,7,13.5,-3.5,0.0,5.0,0.0,41.496945492
2009,1,8,19.0,-1.0,0.0,9.0,0.0,35.1450854204
2009,1,9,18.0,-1.0,0.0,8.5,0.0,36.3429334882
2009,1,10,15.0,-3.0,0.0,6.0,0.0,38.7455576747
2009,1,11,15.5,-3.0,0.0,6.25,0.0,38.0896256546
2009,1,12,17.5,-1.5,0.0,8.0,0.0,37.5860903897
2009,1,13,19.0,0.0,0.0,9.5,0.0,33.990750256
2009,1,14,19.0,-1.5,0.0,8.75,0.0,32.1646139414
2009,1,15,19.5,0.5,0.0,10.0,0.0,36.1660296071
2009,1,16,20.5,0.5,0.0,10.5,0.0,31.8058147624
2009,1,17,21.0,1.5,0.0,11.25,0.0,33.2959778047
2009,1,18,21.0,3.0,0.0,12.0,0.0,34.576903209
2009,1,19,21.0,4.0,0.0,12.5,0.0,39.0420401609
2009,1,20,21.0,5.0,0.0,13.0,0.0,40.4897410178
2009,1,21,22.0,7.5,0.0,14.75,0.0,43.3896319266
2009,1,22,16.5,8.5,6.0,12.5,0.6,78.0840803218
2009,1,23,15.0,9.0,9.0,12.0,0.9,83.5608494218
2009,1,24,17.5,5.5,9.0,11.5,0.9,68.4830316376
2009,1,25,18.5,2.5,0.0,10.5,0.0,50.8893036199
2009,1,26,16.0,2.5,0.0,9.25,0.0,58.7563994881
2009,1,27,12.0,-2.0,0.0,5.0,0.0,55.3292606559
2009,1,28,13.5,-5.0,0.0,4.25,0.0,43.7021533462
2009,1,29,16.0,-3.5,0.0,6.25,0.0,42.3218062828
2009,1,30,16.5,-1.0,0.0,7.75,0.0,45.8702912958
2009,1,31,19.0,0.5,0.0,9.75,0.0,43.4581677991
2009,2,1,18.5,0.0,0.0,9.25,0.0,41.475105521
2009,2,2,18.5,0.5,0.0,9.5,0.0,44.1879753329
2009,2,3,20.0,0.5,0.0,10.25,0.0,38.8045121026
2009,2,4,21.5,3.0,0.0,12.25,0.0,42.5196513194
2009,2,5,23.5,3.0,0.0,13.25,0.0,37.1813324621
2009,2,6,22.5,2.5,0.0,12.5,0.0,39.0420401609
2009,2,7,21.0,4.0,0.0,12.5,0.0,44.6194744696
2009,2,8,15.5,2.5,5.0,9.0,0.5,63.2611537567
2009,2,9,10.5,1.5,0.0,6.0,0.0,73.1860533856
2009,2,10,8.5,-3.5,9.0,2.5,0.9,65.8243651988
2009,2,11,12.5,-5.0,0.0,3.75,0.0,50.2711911001
2009,2,12,15.0,-1.0,0.0,7.0,0.0,52.2806960146
2009,2,13,16.0,-3.0,0.0,6.5,0.0,45.7672621834
2009,2,14,14.0,-2.0,0.0,6.0,0.0,51.6607435663
2009,2,15,14.0,-2.0,0.0,6.0,0.0,51.6607435663
2009,2,16,17.5,1.0,0.0,9.25,0.0,48.3876231079
2009,2,17,16.0,1.5,0.0,8.75,0.0,53.6076899023
2009,2,18,14.5,-1.0,0.0,6.75,0.0,53.1761491184
2009,2,19,17.0,-2.5,0.0,7.25,0.0,39.5399070766
2009,2,20,20.0,-0.5,0.0,9.75,0.0,40.1152318145
2009,2,21,23.0,0.0,0.0,11.5,0.0,32.7527542615
2009,2,22,24.0,4.0,0.0,14.0,0.0,37.9482243375
2009,2,23,26.5,8.5,0.0,17.5,0.0,42.4921301603
2009,2,24,26.5,7.5,0.0,17.0,0.0,41.7671220312
2009,2,25,26.0,7.5,0.0,16.75,0.0,42.4336094989
2009,2,26,24.0,7.0,0.0,15.5,0.0,45.9479176202
2009,2,27,22.5,3.5,0.0,13.0,0.0,40.4897410178
2009,2,28,24.0,3.0,0.0,13.5,0.0,33.9700163256
2009,3,1,24.0,6.5,0.0,15.25,0.0,39.6855035841
2009,3,2,26.5,4.5,0.0,15.5,0.0,29.8661464531
2009,3,3,28.0,5.5,0.0,16.75,0.0,27.5818461743
2009,3,4,25.0,8.5,0.0,16.75,0.0,40.3119290239
2009,3,5,23.5,10.5,0.0,17.0,0.0,52.2089025391
2009,3,6,21.5,10.5,0.0,16.0,0.0,60.0815859124
2009,3,7,18.5,3.5,0.0,11.0,0.0,43.0807889292
2009,3,8,19.5,1.0,0.0,10.25,0.0,32.3370934188
2009,3,9,17.5,4.0,9.0,10.75,0.9,50.0546846237
2009,3,10,18.0,4.5,0.0,11.25,0.0,45.4036060973
2009,3,11,20.0,3.5,0.0,11.75,0.0,35.1483534769
2009,3,12,20.0,3.5,0.0,11.75,0.0,35.1483534769
2009,3,13,18.5,2.5,0.0,10.5,0.0,38.1669777149
2009,3,14,16.5,3.0,0.0,9.75,0.0,43.4581677991
2009,3,15,18.5,1.0,0.0,9.75,0.0,33.4293598454
2009,3,16,22.0,2.5,0.0,12.25,0.0,28.3464342129
2009,3,17,25.0,4.5,0.0,14.75,0.0,26.5158861774
2009,3,18,27.0,6.0,0.0,16.5,0.0,23.7115510641
2009,3,19,28.0,5.5,0.0,16.75,0.0,21.2168047494
2009,3,20,27.5,8.0,0.0,17.75,0.0,25.8936084626
2009,3,21,26.5,8.0,0.0,17.25,0.0,28.7785567989
2009,3,22,25.0,10.0,0.0,17.5,0.0,36.4218258517
2009,3,23,20.0,4.0,0.0,12.0,0.0,34.576903209
2009,3,24,18.5,0.0,0.0,9.25,0.0,24.1938115539
2009,3,25,20.0,2.0,0.0,11.0,0.0,24.6175936738
2009,3,26,20.5,3.5,0.0,12.0,0.0,25.9326774068
2009,3,27,18.0,-0.5,0.0,8.75,0.0,25.0169219544
2009,3,28,19.5,-0.5,0.0,9.5,0.0,20.3944501536
2009,3,29,21.5,3.5,0.0,12.5,0.0,22.3097372348
2009,3,30,20.5,6.0,0.0,13.25,0.0,31.8697135389
2009,3,31,20.0,0.5,0.0,10.25,0.0,19.4022560513
2009,4,1,20.0,3.0,0.0,11.5,0.0,23.8201849174
2009,4,2,22.0,3.0,0.0,12.5,0.0,19.5210200804
2009,4,3,22.5,5.5,0.0,14.0,0.0,22.7689346025
2009,4,4,19.5,6.5,0.0,13.0,0.0,35.0911088821
2009,4,5,20.0,-1.0,0.0,9.5,0.0,16.995375128
2009,4,6,22.5,6.0,0.0,14.25,0.0,19.9150972113
2009,4,7,26.0,7.5,0.0,16.75,0.0,19.0951242745
2009,4,8,25.0,8.0,0.0,16.5,0.0,21.5559555128
2009,4,9,23.5,4.0,0.0,13.75,0.0,17.997750052
2009,4,10,24.0,5.5,0.0,14.75,0.0,19.2842808563
2009,4,11,16.5,3.0,5.0,9.75,0.5,36.77229583
2009,4,12,15.5,2.5,0.0,9.0,0.0,31.6305768784
2009,4,13,22.5,3.0,0.0,12.75,0.0,19.2052937354
2009,4,14,25.5,8.0,0.0,16.75,0.0,21.2168047494
2009,4,15,22.5,7.5,0.0,15.0,0.0,23.7215012955
2009,4,16,18.5,-1.5,0.0,8.5,0.0,18.1714667441
2009,4,17,16.5,-1.0,0.0,7.75,0.0,22.9351456479
2009,4,18,22.0,1.5,0.0,11.75,0.0,17.5741767385
2009,4,19,26.5,5.5,0.0,16.0,0.0,17.8019513815
2009,4,20,28.5,8.5,0.0,18.5,0.0,19.0020154529
2009,4,21,31.0,8.0,0.0,19.5,0.0,17.8524045865
2009,4,22,30.5,10.0,0.0,20.25,0.0,18.7449160958
2009,4,23,29.0,9.0,0.0,19.0,0.0,18.4172587297
2009,4,24,27.0,10.0,0.0,18.5,0.0,20.9022169982
2009,4,25,26.5,9.5,0.0,18.0,0.0,21.568188883
2009,4,26,24.5,5.0,0.0,14.75,0.0,19.2842808563
2009,4,27,25.0,3.5,0.0,14.25,0.0,17.4257100599
2009,4,28,27.5,7.5,0.0,17.5,0.0,18.2109129259
2009,4,29,28.5,8.0,0.0,18.25,0.0,19.302096562
2009,4,30,29.5,7.5,0.0,18.5,0.0,17.1018139076
2009,5,1,30.0,8.5,0.0,19.25,0.0,18.1323907167
2009,5,2,28.0,13.0,0.0,20.5,0.0,23.4912700744
2009,5,3,28.0,10.0,0.0,19.0,0.0,20.2589846027
2009,5,4,30.0,10.0,0.0,20.0,0.0,19.0373856968
2009,5,5,29.5,11.5,0.0,20.5,0.0,20.1353743495
2009,5,6,31.5,10.5,0.0,21.0,0.0,19.5240201893
2009,5,7,34.0,12.0,0.0,23.0,0.0,18.7163817193
2009,5,8,34.5,12.5,0.0,23.5,0.0,18.1575178485
2009,5,9,34.5,13.5,0.0,24.0,0.0,18.9723040844
2009,5,10,34.5,12.5,0.0,23.5,0.0,18.1575178485
2009,5,11,34.5,12.0,0.0,23.25,0.0,18.4345963185
2009,5,12,33.0,13.5,0.0,23.25,0.0,19.8526421892
2009,5,13,33.0,12.5,0.0,22.75,0.0,19.0029617598
2009,5,14,33.0,12.5,0.0,22.75,0.0,19.0029617598
2009,5,15,33.0,11.5,0.0,22.25,0.0,18.0838758484
2009,5,16,34.0,13.0,0.0,23.5,0.0,19.5542499907
2009,5,17,33.0,18.0,0.0,25.5,0.0,24.769801051
2009,5,18,33.5,17.0,0.0,25.25,0.0,22.6284237254
2009,5,19,31.0,17.0,0.0,24.0,0.0,24.3929623942
2009,5,20,27.0,16.0,0.0,21.5,0.0,26.8220477717
2009,5,21,21.5,13.5,9.0,17.5,0.9,28.3280867736
2009,5,22,21.5,13.0,11.0,17.25,1.1,28.7785567989
2009,5,23,25.5,12.0,0.0,18.75,0.0,24.3192324759
2009,5,24,28.5,13.5,0.0,21.0,0.0,22.7780235542
2009,5,25,29.5,13.0,0.0,21.25,0.0,22.4304441267
2009,5,26,30.0,11.5,0.0,20.75,0.0,19.8270809669
2009,5,27,30.5,12.0,0.0,21.25,0.0,20.8282695462
2009,5,28,31.0,13.0,0.0,22.0,0.0,21.4225562335
2009,5,29,31.0,14.0,0.0,22.5,0.0,22.2627991415
2009,5,30,31.5,13.5,0.0,22.5,0.0,20.7786125321
2009,5,31,31.0,10.5,0.0,20.75,0.0,19.8270809669
2009,6,1,31.0,12.0,0.0,21.5,0.0,20.5109777078
2009,6,2,32.0,14.5,0.0,23.25,0.0,21.2706880598
2009,6,3,33.5,14.0,0.0,23.75,0.0,20.6366080801
2009,6,4,35.0,15.5,0.0,25.25,0.0,20.1141544225
2009,6,5,32.0,18.0,0.0,25.0,0.0,25.5218384735
2009,6,6,30.0,15.5,0.0,22.75,0.0,23.3882606275
2009,6,7,30.0,12.5,0.0,21.25,0.0,20.8282695462
2009,6,8,30.5,12.5,0.0,21.5,0.0,20.5109777078
2009,6,9,29.0,15.5,0.0,22.25,0.0,24.1118344645
2009,6,10,28.5,12.5,0.0,20.5,0.0,21.8133222119
2009,6,11,29.0,11.5,0.0,20.25,0.0,20.4489993773
2009,6,12,31.0,12.0,0.0,21.5,0.0,20.5109777078
2009,6,13,32.0,15.0,0.0,23.5,0.0,22.3477142751
2009,6,14,31.5,16.0,0.0,23.75,0.0,23.3881558241
2009,6,15,31.0,13.0,0.0,22.0,0.0,21.4225562335
2009,6,16,32.0,13.0,0.0,22.5,0.0,20.7786125321
2009,6,17,32.0,14.0,0.0,23.0,0.0,21.5958250607
2009,6,18,32.0,15.0,0.0,23.5,0.0,22.3477142751
2009,6,19,27.5,16.0,0.0,21.75,0.0,26.4141362792
2009,6,20,28.5,13.0,0.0,20.75,0.0,23.1315944614
2009,6,21,32.5,15.0,0.0,23.75,0.0,22.0123819521
2009,6,22,35.5,15.5,0.0,25.5,0.0,19.8158408408
2009,6,23,35.5,20.0,0.0,27.75,0.0,23.8449937893
2009,6,24,35.5,20.5,0.0,28.0,0.0,24.5652102892
2009,6,25,32.5,21.0,0.0,26.75,0.0,27.5943239437
2009,6,26,32.5,19.5,0.0,26.0,0.0,26.4465611789
2009,6,27,34.0,20.5,0.0,27.25,0.0,25.6742648458
2009,6,28,33.5,20.0,0.0,26.75,0.0,25.2947969484
2009,6,29,33.5,18.0,0.0,25.75,0.0,24.4030497019
2009,6,30,34.5,18.0,14.0,26.25,1.4,23.6875285
2009,7,1,33.5,16.5,4.0,25.0,0.4,22.9696546261
2009,7,2,33.0,18.5,4.0,25.75,0.4,24.4030497019
2009,7,3,32.0,19.0,14.0,25.5,1.4,28.4852712087
2009,7,4,31.5,18.0,8.0,24.75,0.8,36.2702934694
2009,7,5,34.5,18.5,0.0,26.5,0.0,23.3385438022
2009,7,6,35.0,20.0,0.0,27.5,0.0,25.2985057378
2009,7,7,34.0,21.0,0.0,27.5,0.0,31.8981159303
2009,7,8,35.0,18.5,17.0,26.75,1.7,32.1933779344
2009,7,9,36.0,18.0,9.0,27.0,0.9,36.2521674876
2009,7,10,37.5,20.0,7.0,28.75,0.7,40.8856063069
2009,7,11,37.5,19.5,0.0,28.5,0.0,31.1158658461
2009,7,12,38.0,19.0,0.0,28.5,0.0,29.0414747896
2009,7,13,38.0,19.5,0.0,28.75,0.0,30.6642047302
2009,7,14,37.5,20.0,0.0,28.75,0.0,32.7084850455
2009,7,15,36.0,21.5,0.0,28.75,0.0,39.8634661492
2009,7,16,36.0,20.5,0.0,28.25,0.0,36.8374368459
2009,7,17,36.5,21.0,8.0,28.75,0.8,47.018447253
2009,7,18,37.5,21.0,2.0,29.25,0.2,37.7246477405
2009,7,19,38.0,20.0,0.0,29.0,0.0,35.2564697877
2009,7,20,37.5,20.5,0.0,29.0,0.0,37.2711252041
2009,7,21,35.0,21.5,0.0,28.25,0.0,47.3624188018
2009,7,22,34.0,18.5,0.0,26.25,0.0,40.26879845
2009,7,23,33.5,19.0,13.0,26.25,1.3,53.296939125
2009,7,24,32.5,20.0,5.0,26.25,0.5,62.771950525
2009,7,25,34.0,20.0,0.0,27.0,0.0,50.9796105294
2009,7,26,36.0,19.5,0.0,27.75,0.0,43.3545341623
2009,7,27,38.0,21.0,0.0,29.5,0.0,43.0502374252
2009,7,28,38.0,21.0,0.0,29.5,0.0,43.0502374252
2009,7,29,36.0,20.0,0.0,28.0,0.0,45.9262627145
2009,7,30,35.5,20.5,0.0,28.0,0.0,48.0623679571
2009,7,31,36.5,18.0,0.0,27.25,0.0,39.0695334611
2009,8,1,37.0,19.5,0.0,28.25,0.0,42.0999278238
2009,8,2,37.0,20.5,0.0,28.75,0.0,44.9741669376
2009,8,3,37.5,20.5,0.0,29.0,0.0,43.3150914534
2009,8,4,38.5,21.0,0.0,29.75,0.0,42.4294365417
2009,8,5,38.0,20.5,0.0,29.25,0.0,42.68841718
2009,8,6,36.5,22.0,0.0,29.25,0.0,51.6232021712
2009,8,7,35.0,19.5,0.0,27.25,0.0,47.9997125379
2009,8,8,34.5,18.0,0.0,26.25,0.0,45.00630415
2009,8,9,35.0,18.5,0.0,26.75,0.0,44.8407764086
2009,8,10,35.0,19.0,0.0,27.0,0.0,46.4480895935
2009,8,11,34.5,20.5,0.0,27.5,0.0,52.7968815398
2009,8,12,36.0,19.5,0.0,27.75,0.0,45.5222608705
2009,8,13,29.0,18.5,7.0,23.75,0.7,72.9160152162
2009,8,14,30.0,17.0,0.0,23.5,0.0,57.2660178298
2009,8,15,33.5,17.5,0.0,25.5,0.0,48.3011120495
2009,8,16,34.5,17.5,0.0,26.0,0.0,45.6804238545
2009,8,17,36.0,17.0,0.0,26.5,0.0,40.8424516539
2009,8,18,36.5,18.0,0.0,27.25,0.0,42.4183506149
2009,8,19,36.0,19.5,0.0,27.75,0.0,47.6899875786
2009,8,20,36.0,20.5,0.0,28.25,0.0,48.4149169974
2009,8,21,36.0,19.5,0.0,27.75,0.0,43.3545341623
2009,8,22,31.5,18.0,6.0,24.75,0.6,60.8822783236
2009,8,23,31.5,17.0,0.0,24.25,0.0,50.7261203458
2009,8,24,32.5,17.5,0.0,25.0,0.0,48.4914930996
2009,8,25,31.5,17.0,0.0,24.25,0.0,50.7261203458
2009,8,26,34.0,16.5,0.0,25.25,0.0,42.7425781479
2009,8,27,36.0,17.5,0.0,26.75,0.0,40.241722418
2009,8,28,36.5,19.5,0.0,28.0,0.0,44.8582100933
2009,8,29,35.5,18.5,0.0,27.0,0.0,44.1823291255
2009,8,30,36.0,19.5,0.0,27.75,0.0,46.6061242245
2009,8,31,35.5,20.5,0.0,28.0,0.0,50.1984731996
2009,9,1,34.5,18.0,0.0,26.25,0.0,46.190680575
2009,9,2,33.0,17.5,0.0,25.25,0.0,49.0282514049
2009,9,3,33.5,18.0,0.0,25.75,0.0,48.8060994038
2009,9,4,33.0,16.0,6.0,24.5,0.6,52.5987048654
2009,9,5,31.0,16.0,0.0,23.5,0.0,51.6790892611
2009,9,6,31.0,16.5,0.0,23.75,0.0,53.6551810081
2009,9,7,31.5,16.0,9.0,23.75,0.9,57.7825026241
2009,9,8,30.5,16.5,0.0,23.5,0.0,57.2660178298
2009,9,9,31.5,14.0,0.0,22.75,0.0,48.2382875441
2009,9,10,33.0,16.0,0.0,24.5,0.0,49.9687696222
2009,9,11,32.5,17.0,0.0,24.75,0.0,53.1100725801
2009,9,12,30.5,17.0,0.0,23.75,0.0,60.5340503682
2009,9,13,30.5,14.5,0.0,22.5,0.0,51.9465313302
2009,9,14,31.0,15.5,0.0,23.25,0.0,53.8857430848
2009,9,15,30.5,15.5,0.0,23.0,0.0,56.1491451578
2009,9,16,31.0,13.0,0.0,22.0,0.0,47.4356602314
2009,9,17,31.0,13.5,0.0,22.25,0.0,49.730658583
2009,9,18,29.5,14.0,0.0,21.75,0.0,54.3820452807
2009,9,19,30.0,14.5,0.0,22.25,0.0,54.2516275451
2009,9,20,31.0,13.5,0.0,22.25,0.0,49.730658583
2009,9,21,32.0,14.0,0.0,23.0,0.0,48.9505368043
2009,9,22,31.0,12.5,0.0,21.75,0.0,48.1669543915
2009,9,23,27.0,12.5,0.0,19.75,0.0,58.004789537
2009,9,24,29.0,11.5,0.0,20.25,0.0,51.1224984432
2009,9,25,31.5,13.5,0.0,22.5,0.0,48.9781581113
2009,9,26,32.5,13.5,0.0,23.0,0.0,47.5108151335
2009,9,27,34.5,13.5,0.0,24.0,0.0,43.3652664786
2009,9,28,35.0,14.0,0.0,24.5,0.0,43.393931514
2009,9,29,34.5,15.0,0.0,24.75,0.0,44.0424992128
2009,9,30,32.5,15.5,0.0,24.0,0.0,50.1410893659
2009,10,1,29.5,11.5,0.0,20.5,0.0,46.9825401488
2009,10,2,28.5,10.0,0.0,19.25,0.0,41.7044986484
2009,10,3,24.5,10.5,3.0,17.5,0.3,60.7030430862
2009,10,4,25.0,11.0,0.0,18.0,0.0,52.9400999854
2009,10,5,26.0,13.0,0.0,19.5,0.0,57.1276946769
2009,10,6,27.0,14.0,0.0,20.5,0.0,57.0502273236
2009,10,7,25.5,13.0,0.0,19.25,0.0,52.5839330785
2009,10,8,22.5,8.0,0.0,15.25,0.0,42.0199449715
2009,10,9,23.5,4.5,0.0,14.0,0.0,27.8286978475
2009,10,10,25.5,7.0,0.0,16.25,0.0,28.4714663704
2009,10,11,26.5,9.0,0.0,17.75,0.0,31.8690565693
2009,10,12,26.5,9.0,0.0,17.75,0.0,31.8690565693
2009,10,13,27.0,11.5,0.0,19.25,0.0,38.0780205051
2009,10,14,27.5,9.0,0.0,18.25,0.0,30.8833544993
2009,10,15,29.5,9.5,0.0,19.5,0.0,28.5638473384
2009,10,16,32.0,11.5,0.0,21.75,0.0,23.3065908346
2009,10,17,31.0,13.5,0.0,22.25,0.0,27.1258137726
2009,10,18,31.5,14.5,0.0,23.0,0.0,28.7944334143
2009,10,19,30.0,13.5,1.0,21.75,0.1,31.0754544461
2009,10,20,26.0,11.5,0.0,18.75,0.0,37.4142038091
2009,10,21,23.5,4.5,0.0,14.0,0.0,27.8286978475
2009,10,22,23.0,5.0,0.0,14.0,0.0,20.23905298
2009,10,23,24.5,5.5,0.0,15.0,0.0,18.9772010364
2009,10,24,26.0,5.5,0.0,15.75,0.0,18.0880070504
2009,10,25,25.5,7.0,0.0,16.25,0.0,19.7110151795
2009,10,26,24.5,4.5,0.0,14.5,0.0,19.5968767607
2009,10,27,23.5,4.5,0.0,14.0,0.0,20.23905298
2009,10,28,17.5,1.0,0.0,9.25,0.0,20.7375527605
2009,10,29,10.5,-4.0,0.0,3.25,0.0,31.2308486382
2009,10,30,14.0,-3.5,0.0,5.25,0.0,22.6607873165
2009,10,31,21.0,0.5,0.0,10.75,0.0,18.7705067339
2009,11,1,26.0,4.5,0.0,15.25,0.0,18.6755310984
2009,11,2,28.5,5.5,0.0,17.0,0.0,16.7068488125
2009,11,3,28.5,8.5,0.0,18.5,0.0,19.0020154529
2009,11,4,28.5,8.0,0.0,18.25,0.0,19.302096562
2009,11,5,28.5,9.0,0.0,18.75,0.0,18.7071019045
2009,11,6,28.5,8.5,0.0,18.5,0.0,19.0020154529
2009,11,7,27.0,8.0,0.0,17.5,0.0,20.2343476954
2009,11,8,25.5,6.5,0.0,16.0,0.0,20.0271953041
2009,11,9,25.5,6.5,0.0,16.0,0.0,20.0271953041
2009,11,10,26.5,7.5,0.0,17.0,0.0,20.8835610156
2009,11,11,26.5,8.5,0.0,17.5,0.0,22.2577824649
2009,11,12,25.0,9.5,0.0,17.25,0.0,22.6117231991
2009,11,13,20.0,10.5,0.0,15.25,0.0,42.0199449715
2009,11,14,17.0,6.0,0.0,11.5,0.0,35.7302773762
2009,11,15,16.5,0.0,0.0,8.25,0.0,22.175239797
2009,11,16,18.5,-0.5,0.0,9.0,0.0,17.5725427102
2009,11,17,20.0,1.5,0.0,10.75,0.0,18.7705067339
2009,11,18,21.0,1.0,0.0,11.0,0.0,18.4631952554
2009,11,19,21.0,1.5,0.0,11.25,0.0,18.1614424389
2009,11,20,21.0,1.5,0.0,11.25,0.0,18.1614424389
2009,11,21,21.5,3.0,0.0,12.25,0.0,19.842503949
2009,11,22,21.5,1.0,0.0,11.25,0.0,18.1614424389
2009,11,23,20.5,0.5,0.0,10.5,0.0,19.0834888575
2009,11,24,19.5,0.0,0.0,9.75,0.0,16.7146799227
2009,11,25,18.5,1.5,0.0,10.0,0.0,19.7269252403
2009,11,26,19.0,3.5,0.0,11.25,0.0,21.1883495121
2009,11,27,21.0,3.5,0.0,12.25,0.0,19.842503949
2009,11,28,18.5,4.5,0.0,11.5,0.0,23.8201849174
2009,11,29,14.0,3.0,7.0,8.5,0.7,43.6115201859
2009,11,30,10.5,3.0,6.0,6.75,0.6,73.6285141639
2009,12,1,12.5,-0.5,0.0,6.0,0.0,43.0506196386
2009,12,2,14.0,-1.5,0.0,6.25,0.0,33.8574450263
2009,12,3,14.0,-2.0,0.0,6.0,0.0,34.4404957109
2009,12,4,12.5,-5.0,0.0,3.75,0.0,25.13559555
2009,12,5,12.0,-4.0,0.0,4.0,0.0,29.643822633
2009,12,6,12.0,-2.5,0.0,4.75,0.0,32.8362638183
2009,12,7,12.0,1.5,6.0,6.75,0.6,44.9952031002
2009,12,8,10.5,1.0,11.0,5.75,1.1,56.9313223899
2009,12,9,10.0,-1.5,0.0,4.25,0.0,48.5579481624
2009,12,10,13.5,-3.0,0.0,5.25,0.0,36.2572597064
2009,12,11,15.5,-2.0,0.0,6.75,0.0,32.7237840728
2009,12,12,15.0,-1.0,0.0,7.0,0.0,36.1943280101
2009,12,13,15.0,0.5,0.0,7.75,0.0,38.2252427465
2009,12,14,12.5,0.0,0.0,6.25,0.0,46.5539869111
2009,12,15,14.0,-2.0,0.0,6.0,0.0,34.4404957109
2009,12,16,17.0,1.5,0.0,9.25,0.0,34.5625879342
2009,12,17,19.0,1.0,0.0,10.0,0.0,29.5903878604
2009,12,18,19.5,-0.5,0.0,9.5,0.0,27.1926002048
2009,12,19,17.5,-1.0,0.0,8.25,0.0,29.566986396
2009,12,20,17.5,0.5,0.0,9.0,0.0,31.6305768784
2009,12,21,17.0,2.5,0.0,9.75,0.0,36.77229583
2009,12,22,15.5,1.5,0.0,8.5,0.0,39.977226837
2009,12,23,10.0,-1.5,9.0,4.25,0.9,58.2695377949
2009,12,24,9.5,-4.0,0.0,2.75,0.0,48.5113334686
2009,12,25,10.0,-6.0,0.0,2.0,0.0,45.4513054461
2009,12,26,10.5,-6.0,0.0,2.25,0.0,39.0770722669
2009,12,27,12.0,-5.0,0.0,3.5,0.0,40.9222034097
2009,12,28,11.0,-0.5,0.0,5.25,0.0,54.3858895597
2009,12,29,10.5,0.5,0.0,5.5,0.0,62.3702958694
2009,12,30,11.5,-3.0,0.0,4.25,0.0,48.5579481624
2009,12,31,12.5,-1.0,0.0,5.75,0.0,48.1726574069
2010,1,1,15.5,-1.0,0.0,7.25,0.0,39.5399070766
2010,1,2,17.0,-1.0,0.0,8.0,0.0,33.8274813507
2010,1,3,18.5,-2.0,0.0,8.25,0.0,29.566986396
2010,1,4,17.5,0.0,0.0,8.75,0.0,28.5907679479
2010,1,5,18.5,0.0,0.0,9.25,0.0,27.6500703474
2010,1,6,18.5,-1.0,0.0,8.75,0.0,25.0169219544
2010,1,7,18.0,0.0,0.0,9.0,0.0,28.1160683363
2010,1,8,15.5,0.0,0.0,7.75,0.0,34.4027184719
2010,1,9,15.0,-1.0,0.0,7.0,0.0,32.172736009
2010,1,10,15.5,-1.0,0.0,7.25,0.0,31.6319256613
2010,1,11,15.5,0.5,0.0,8.0,0.0,33.8274813507
2010,1,12,18.0,1.5,0.0,9.75,0.0,30.0864238609
2010,1,13,18.0,1.5,0.0,9.75,0.0,30.0864238609
2010,1,14,16.0,0.0,0.0,8.0,0.0,30.0688723118
2010,1,15,15.5,-0.5,0.0,7.5,0.0,31.101145921
2010,1,16,17.0,0.0,0.0,8.5,0.0,29.0743467906
2010,1,17,15.5,0.0,0.0,7.75,0.0,30.5801941972
2010,1,18,15.5,2.0,0.0,8.75,0.0,35.7384599349
2010,1,19,15.5,5.0,0.0,10.25,0.0,45.2719307864
2010,1,20,14.0,0.5,9.0,7.25,0.9,43.4938977843
2010,1,21,12.5,4.5,5.0,8.5,0.5,76.3201603253
2010,1,22,11.0,2.0,33.0,6.5,3.3,74.8918835728
2010,1,23,7.5,0.0,31.0,3.75,3.1,75.4067866501
2010,1,24,8.0,-2.5,0.0,2.75,0.0,70.0719261213
2010,1,25,12.5,-3.0,0.0,4.75,0.0,56.2907379743
2010,1,26,16.0,-0.5,0.0,7.75,0.0,57.3378641198
2010,1,27,14.5,2.0,0.0,8.25,0.0,66.5257193909
2010,1,28,10.5,2.5,6.0,6.5,0.6,74.8918835728
2010,1,29,11.5,2.0,5.0,6.75,0.5,73.6285141639
2010,1,30,12.5,0.0,0.0,6.25,0.0,63.4827094243
2010,1,31,14.5,0.5,0.0,7.5,0.0,62.2022918419
2010,2,1,15.0,0.5,0.0,7.75,0.0,61.1603883944
2010,2,2,16.0,2.0,0.0,9.0,0.0,63.2611537567
2010,2,3,13.5,4.0,7.0,8.75,0.7,71.4769198697
2010,2,4,12.0,2.5,0.0,7.25,0.0,71.1718327379
2010,2,5,15.5,0.0,0.0,7.75,0.0,57.3378641198
2010,2,6,17.0,1.0,0.0,9.0,0.0,56.2321366726
2010,2,7,11.5,1.0,7.0,6.25,0.7,67.7148900525
2010,2,8,11.0,-2.0,0.0,4.5,0.0,62.0432594102
2010,2,9,13.0,-2.5,0.0,5.25,0.0,58.918047023
2010,2,10,10.5,-1.0,8.0,4.75,0.8,65.6725276366
2010,2,11,11.0,0.5,3.0,5.75,0.3,70.0693198645
2010,2,12,14.0,-2.0,0.0,6.0,0.0,55.9658055302
2010,2,13,17.0,-1.0,0.0,8.0,0.0,52.6205265456
2010,2,14,18.5,0.0,0.0,9.25,0.0,51.8438819013
2010,2,15,17.5,0.0,0.0,8.75,0.0,53.6076899023
2010,2,16,18.0,1.5,0.0,9.75,0.0,56.8299117373
2010,2,17,20.0,1.5,0.0,10.75,0.0,53.1831024127
2010,2,18,19.0,1.5,0.0,10.25,0.0,54.973058812
2010,2,19,18.5,1.0,0.0,9.75,0.0,53.4869757527
2010,2,20,14.5,2.0,8.0,8.25,0.8,66.5257193909
2010,2,21,12.0,2.5,6.0,7.25,0.6,71.1718327379
2010,2,22,9.0,2.0,11.0,5.5,1.1,80.1903804035
2010,2,23,9.5,-3.0,0.0,3.25,0.0,62.4616972764
2010,2,24,14.0,-1.5,0.0,6.25,0.0,59.250528796
2010,2,25,15.5,1.5,0.0,8.5,0.0,61.78298693
2010,2,26,16.0,-0.5,0.0,7.75,0.0,57.3378641198
2010,2,27,16.0,2.5,0.0,9.25,0.0,62.2126582816
2010,2,28,12.5,1.5,7.0,7.0,0.7,68.367064019
2010,3,1,12.0,2.0,0.0,7.0,0.0,72.3886560202
2010,3,2,17.0,2.5,0.0,9.75,0.0,60.1728477218
2010,3,3,19.0,1.5,0.0,10.25,0.0,54.973058812
2010,3,4,18.5,2.5,0.0,10.5,0.0,57.2504665724
2010,3,5,19.0,0.5,0.0,9.75,0.0,53.4869757527
2010,3,6,19.0,3.5,0.0,11.25,0.0,60.538141463
2010,3,7,17.0,4.5,4.0,10.75,0.4,65.6967735686
2010,3,8,11.0,1.5,10.0,6.25,1.0,71.9470706808
2010,3,9,13.0,0.0,3.0,6.5,0.3,62.4099029773
2010,3,10,12.0,-1.5,0.0,5.25,0.0,63.4502044863
2010,3,11,11.5,-0.5,1.0,5.5,0.1,66.8253170029
2010,3,12,16.5,-2.5,0.0,7.0,0.0,52.2806960146
2010,3,13,19.0,0.0,0.0,9.5,0.0,50.9861253841
2010,3,14,17.5,3.5,0.0,10.5,0.0,63.6116295249
2010,3,15,15.0,-0.5,0.0,7.25,0.0,59.3098606149
2010,3,16,18.0,3.0,0.0,10.5,0.0,60.4310480486
2010,3,17,22.0,4.5,0.0,13.25,0.0,55.7719986931
2010,3,18,23.0,5.0,0.0,14.0,0.0,55.657395695
2010,3,19,20.0,3.5,0.0,11.75,0.0,58.5805891282
2010,3,20,17.5,2.0,0.0,9.75,0.0,60.1728477218
2010,3,21,19.5,-1.5,0.0,9.0,0.0,49.2031195886
2010,3,22,22.5,3.0,0.0,12.75,0.0,52.1286544245
2010,3,23,19.0,4.0,0.0,11.5,0.0,59.5504622936
2010,3,24,17.5,2.5,0.0,10.0,0.0,59.1807757208
2010,3,25,20.5,1.0,0.0,10.75,0.0,50.0546846237
2010,3,26,19.0,2.0,0.0,10.5,0.0,57.2504665724
2010,3,27,17.0,1.5,0.0,9.25,0.0,58.7563994881
2010,3,28,19.0,1.5,0.0,10.25,0.0,54.973058812
2010,3,29,24.5,3.0,0.0,13.75,0.0,46.2799287051
2010,3,30,26.0,4.0,0.0,15.0,0.0,45.0708524614
2010,3,31,25.5,4.5,0.0,15.0,0.0,45.0708524614
2010,4,1,18.0,5.5,0.0,11.75,0.0,67.3676774974
2010,4,2,15.0,-1.0,0.0,7.0,0.0,56.3022880157
2010,4,3,20.5,1.0,0.0,10.75,0.0,46.9262668347
2010,4,4,24.0,4.5,0.0,14.25,0.0,47.2983558768
2010,4,5,24.0,6.0,0.0,15.0,0.0,49.8151527205
2010,4,6,21.5,5.0,0.0,13.25,0.0,55.7719986931
2010,4,7,20.0,0.5,0.0,10.25,0.0,48.5056401283
2010,4,8,23.5,3.5,0.0,13.5,0.0,47.03540722
2010,4,9,25.5,5.5,0.0,15.5,0.0,45.9479176202
2010,4,10,25.5,4.5,0.0,15.0,0.0,45.0708524614
2010,4,11,26.5,6.0,0.0,16.25,0.0,45.9923687522
2010,4,12,26.5,6.5,0.0,16.5,0.0,45.2675065769
2010,4,13,24.0,3.5,0.0,13.75,0.0,43.7088215549
2010,4,14,25.0,4.0,0.0,14.5,0.0,44.0929727116
2010,4,15,27.0,5.0,0.0,16.0,0.0,42.279634531
2010,4,16,28.0,9.0,0.0,18.5,0.0,47.5050386322
2010,4,17,27.5,8.0,0.0,17.75,0.0,47.803584854
2010,4,18,27.5,10.0,0.0,18.75,0.0,52.3798853327
2010,4,19,24.0,9.5,0.0,16.75,0.0,61.5287337733
2010,4,20,23.5,7.5,0.0,15.5,0.0,55.1375011443
2010,4,21,21.5,6.5,0.0,14.0,0.0,58.1872773175
2010,4,22,16.5,2.5,6.0,9.5,0.6,61.1833504609
2010,4,23,13.5,1.5,3.0,7.5,0.3,66.089935082
2010,4,24,19.5,3.0,0.0,11.25,0.0,39.349791951
2010,4,25,24.5,4.5,0.0,14.5,0.0,31.8449247362
2010,4,26,27.0,6.5,0.0,16.75,0.0,29.7035266492
2010,4,27,27.5,8.5,0.0,18.0,0.0,33.3326555464
2010,4,28,26.0,10.0,0.0,18.0,0.0,39.2148888781
2010,4,29,22.0,8.0,0.0,15.0,0.0,45.0708524614
2010,4,30,17.5,2.0,0.0,9.75,0.0,40.1152318145
2010,5,1,17.0,-0.5,0.0,8.25,0.0,33.2628596955
2010,5,2,18.0,4.5,0.0,11.25,0.0,45.4036060973
2010,5,3,22.5,1.0,0.0,11.75,0.0,23.4322356513
2010,5,4,27.5,4.0,0.0,15.75,0.0,20.3490079317
2010,5,5,30.5,7.0,0.0,18.75,0.0,18.7071019045
2010,5,6,30.5,10.0,0.0,20.25,0.0,22.1530826587
2010,5,7,30.5,9.0,0.0,19.75,0.0,21.0926507407
2010,5,8,31.0,12.0,0.0,21.5,0.0,25.2442802557
2010,5,9,30.0,9.5,0.0,19.75,0.0,19.3349298457
2010,5,10,27.0,11.5,0.0,19.25,0.0,29.0118251467
2010,5,11,25.5,8.0,0.0,16.75,0.0,25.4601656993
2010,5,12,23.5,3.5,0.0,13.5,0.0,18.2915472522
2010,5,13,25.0,4.0,0.0,14.5,0.0,17.1472671656
2010,5,14,26.5,7.0,0.0,16.75,0.0,19.0951242745
2010,5,15,28.0,9.5,0.0,18.75,0.0,20.577812095
2010,5,16,30.0,9.0,0.0,19.5,0.0,17.8524045865
2010,5,17,30.5,10.5,0.0,20.5,0.0,20.1353743495
2010,5,18,27.5,10.5,0.0,19.0,0.0,22.1007104756
2010,5,19,28.0,8.0,0.0,18.0,0.0,19.607444439
2010,5,20,29.5,9.5,0.0,19.5,0.0,19.6376450452
2010,5,21,31.5,11.0,0.0,21.25,0.0,19.2260949658
2010,5,22,30.5,12.5,0.0,21.5,0.0,20.5109777078
2010,5,23,28.5,10.5,0.0,19.5,0.0,21.4228855038
2010,5,24,25.5,4.0,0.0,14.75,0.0,16.8737457492
2010,5,25,27.0,5.0,0.0,16.0,0.0,17.8019513815
2010,5,26,31.0,8.0,0.0,19.5,0.0,17.8524045865
2010,5,27,34.0,10.5,0.0,22.25,0.0,18.0838758484
2010,5,28,34.5,12.5,0.0,23.5,0.0,18.1575178485
2010,5,29,32.0,12.5,0.0,22.25,0.0,19.5908655024
2010,5,30,32.0,10.5,0.0,21.25,0.0,19.2260949658
2010,5,31,32.0,11.5,0.0,21.75,0.0,18.6452726677
2010,6,1,31.5,13.5,0.0,22.5,0.0,20.7786125321
2010,6,2,31.0,12.5,0.0,21.75,0.0,20.19904539
2010,6,3,32.0,12.0,0.0,22.0,0.0,19.8923736454
2010,6,4,34.0,13.0,0.0,23.5,0.0,19.5542499907
2010,6,5,36.0,15.0,0.0,25.5,0.0,19.8158408408
2010,6,6,38.0,17.5,0.0,27.75,0.0,20.5934037271
2010,6,7,38.0,18.0,0.0,28.0,0.0,21.3610524254
2010,6,8,36.0,16.5,0.0,26.25,0.0,21.31877565
2010,6,9,36.0,16.5,0.0,26.25,0.0,21.31877565
2010,6,10,34.5,16.5,0.0,25.5,0.0,22.2928209459
2010,6,11,32.5,16.5,0.0,24.5,0.0,23.6694171894
2010,6,12,28.5,12.5,0.0,20.5,0.0,21.8133222119
2010,6,13,29.0,9.0,0.0,19.0,0.0,18.4172587297
2010,6,14,30.5,11.0,0.0,20.75,0.0,19.8270809669
2010,6,15,33.0,13.0,0.0,23.0,0.0,20.15610339
2010,6,16,34.5,14.0,0.0,24.25,0.0,20.0234685576
2010,6,17,36.0,13.0,0.0,24.5,0.0,18.4095467029
2010,6,18,36.5,14.5,0.0,25.5,0.0,18.5773507883
2010,6,19,35.5,14.0,0.0,24.75,0.0,19.4305143586
2010,6,20,35.5,16.0,0.0,25.75,0.0,20.7425922466
2010,6,21,36.0,16.5,0.0,26.25,0.0,21.31877565
2010,6,22,36.5,16.0,0.0,26.25,0.0,20.134399225
2010,6,23,38.5,14.5,0.0,26.5,0.0,17.5039078517
2010,6,24,38.5,19.0,0.0,28.75,0.0,21.4649433111
2010,6,25,36.5,19.5,0.0,28.0,0.0,23.4971576679
2010,6,26,36.0,18.5,0.0,27.25,0.0,22.325447692
2010,6,27,36.5,15.0,0.0,25.75,0.0,19.5224397615
2010,6,28,36.5,17.5,0.0,27.0,0.0,21.5247244457
2010,6,29,36.0,18.5,1.0,27.25,0.1,22.325447692
2010,6,30,35.5,21.0,0.0,28.25,0.0,25.2599566943
2010,7,1,35.5,21.0,0.0,28.25,0.0,25.2599566943
2010,7,2,36.0,21.5,0.0,28.75,0.0,25.5535039418
2010,7,3,35.5,20.5,0.0,28.0,0.0,24.5652102892
2010,7,4,34.0,17.0,0.0,25.5,0.0,22.2928209459
2010,7,5,34.0,16.0,0.0,25.0,0.0,21.6935627025
2010,7,6,35.5,16.0,0.0,25.75,0.0,20.7425922466
2010,7,7,35.5,18.5,0.0,27.0,0.0,22.6576046797
2010,7,8,36.0,22.5,0.0,29.25,0.0,25.8116010856
2010,7,9,36.0,23.0,0.0,29.5,0.0,26.4171911473
2010,7,10,35.0,21.5,0.0,28.25,0.0,26.3124548899
2010,7,11,33.0,20.0,0.0,26.5,0.0,25.6723981825
2010,7,12,34.5,18.0,0.0,26.25,0.0,23.6875285
2010,7,13,36.0,20.0,0.0,28.0,0.0,23.4971576679
2010,7,14,36.0,22.0,0.0,29.0,0.0,25.1831927055
2010,7,15,38.0,22.5,0.0,30.25,0.0,24.3558093698
2010,7,16,36.5,22.0,0.0,29.25,0.0,24.8188471977
2010,7,17,35.5,21.5,5.0,28.5,0.5,25.929888205
2010,7,18,36.0,20.0,0.0,28.0,0.0,23.4971576679
2010,7,19,36.5,21.0,15.0,28.75,1.5,24.5313637841
2010,7,20,37.0,19.5,0.0,28.25,0.0,23.1549603031
2010,7,21,34.5,20.5,0.0,27.5,0.0,25.2985057378
2010,7,22,31.5,19.0,0.0,25.25,0.0,26.3998276796
2010,7,23,31.5,19.5,4.0,25.5,0.4,27.2467811561
2010,7,24,31.5,19.0,0.0,25.25,0.0,26.3998276796
2010,7,25,31.0,20.0,0.0,25.5,0.0,27.2467811561
2010,7,26,30.5,19.5,0.0,25.0,0.0,28.0740223208
2010,7,27,30.5,20.0,10.0,25.25,1.0,27.656962331
2010,7,28,30.0,19.5,0.0,24.75,0.0,28.4980877259
2010,7,29,32.5,19.5,17.0,26.0,1.7,26.4465611789
2010,7,30,32.0,17.5,19.0,24.75,1.9,27.202720102
2010,7,31,28.0,17.5,17.0,22.75,1.7,52.6235864118
2010,8,1,27.5,18.5,0.0,23.0,0.0,57.5888668285
2010,8,2,31.0,18.0,0.0,24.5,0.0,39.4490286491
2010,8,3,33.5,18.0,0.0,25.75,0.0,32.9441170976
2010,8,4,35.5,18.0,0.0,26.75,0.0,28.7440874414
2010,8,5,36.5,19.0,0.0,27.75,0.0,28.1804472055
2010,8,6,35.5,19.5,0.0,27.5,0.0,31.8981159303
2010,8,7,33.0,18.0,5.0,25.5,0.5,44.5856418918
2010,8,8,30.5,18.0,4.0,24.25,0.4,54.7308140574
2010,8,9,32.5,18.5,0.0,25.5,0.0,40.8701717342
2010,8,10,34.0,18.5,0.0,26.25,0.0,36.715669175
2010,8,11,35.5,18.5,0.0,27.0,0.0,33.9864070196
2010,8,12,36.5,19.5,0.0,28.0,0.0,34.1776838806
2010,8,13,36.5,21.0,0.0,28.75,0.0,37.8191858339
2010,8,14,37.0,21.0,0.0,29.0,0.0,36.2637974959
2010,8,15,36.0,19.5,0.0,27.75,0.0,35.7674906839
2010,8,16,34.0,18.0,9.0,26.0,0.9,45.6804238545
2010,8,17,32.5,19.5,27.0,26.0,2.7,57.7015880267
2010,8,18,34.0,18.5,0.0,26.25,0.0,48.559433425
2010,8,19,34.5,19.0,0.0,26.75,0.0,48.2900669015
2010,8,20,35.5,19.0,0.0,27.25,0.0,46.8834401533
2010,8,21,34.5,20.5,18.0,27.5,1.8,61.5963617965
2010,8,22,34.0,19.0,0.0,26.5,0.0,54.8455779352
2010,8,23,34.0,20.0,0.0,27.0,0.0,57.7768919333
2010,8,24,35.0,19.5,0.0,27.25,0.0,53.5810744609
2010,8,25,30.0,19.0,10.0,24.5,1.0,72.32321919
2010,8,26,28.0,20.0,0.0,24.0,0.0,78.5995454926
2010,8,27,30.5,18.0,12.0,24.25,1.2,69.4146909996
2010,8,28,30.5,16.5,0.0,23.5,0.0,61.4562142564
2010,8,29,29.5,17.0,0.0,23.25,0.0,66.6481559207
2010,8,30,30.0,15.5,0.0,22.75,0.0,59.9324178578
2010,8,31,30.5,17.5,0.0,24.0,0.0,65.047899718
2010,9,1,33.5,15.0,0.0,24.25,0.0,50.7261203458
2010,9,2,35.0,16.5,0.0,25.75,0.0,50.0262518889
2010,9,3,34.0,16.0,0.0,25.0,0.0,52.3197688706
2010,9,4,34.0,18.5,0.0,26.25,0.0,59.21882125
2010,9,5,35.0,15.5,0.0,25.25,0.0,49.0282514049
2010,9,6,33.5,18.0,0.0,25.75,0.0,58.5673192846
2010,9,7,32.0,18.0,0.0,25.0,0.0,63.8045961837
2010,9,8,31.0,17.0,0.0,24.0,0.0,63.6927351405
2010,9,9,29.5,16.5,0.0,23.0,0.0,66.2271968528
2010,9,10,29.5,11.5,0.0,20.5,0.0,52.0163837362
2010,9,11,30.5,10.0,0.0,20.25,0.0,46.0102485988
2010,9,12,32.0,14.0,0.0,23.0,0.0,53.2697018164
2010,9,13,33.0,16.5,0.0,24.75,0.0,56.9961754519
2010,9,14,34.0,18.0,0.0,26.0,0.0,58.9037044439
2010,9,15,34.5,16.5,0.0,25.5,0.0,53.2550722597
2010,9,16,35.0,17.0,0.0,26.0,0.0,54.0952387751
2010,9,17,35.0,16.0,0.0,25.5,0.0,52.0165822072
2010,9,18,35.5,17.0,0.0,26.25,0.0,53.296939125
2010,9,19,34.0,19.0,0.0,26.5,0.0,63.014068266
2010,9,20,34.0,16.0,0.0,25.0,0.0,54.871952718
2010,9,21,32.5,17.5,4.0,25.0,0.4,63.8045961837
2010,9,22,27.0,17.5,7.0,22.25,0.7,75.3494827016
2010,9,23,27.5,15.0,0.0,21.25,0.0,68.8935069606
2010,9,24,30.5,12.5,0.0,21.5,0.0,55.2218630594
2010,9,25,32.0,15.5,0.0,23.75,0.0,60.5340503682
2010,9,26,31.0,16.0,0.0,23.5,0.0,62.8529463986
2010,9,27,30.0,16.0,0.0,23.0,0.0,64.7874751821
2010,9,28,32.0,16.0,0.0,24.0,0.0,60.9824059856
2010,9,29,34.5,12.5,0.0,23.5,0.0,48.8856249767
2010,9,30,34.5,13.5,0.0,24.0,0.0,51.4962539434
2010,10,1,35.0,15.5,0.0,25.25,0.0,54.0567900106
2010,10,2,34.0,15.0,0.0,24.5,0.0,55.2286401087
2010,10,3,32.5,12.5,0.0,22.5,0.0,53.4307179396
2010,10,4,29.0,14.5,0.0,21.75,0.0,63.7046816146
2010,10,5,27.5,14.0,7.0,20.75,0.7,66.0902698898
2010,10,6,27.5,12.5,2.0,20.0,0.2,62.3041713714
2010,10,7,28.5,11.0,0.0,19.75,0.0,58.004789537
2010,10,8,29.0,8.0,0.0,18.5,0.0,51.3054417228
2010,10,9,28.0,8.0,0.0,18.0,0.0,52.9400999854
2010,10,10,27.5,7.5,0.0,17.5,0.0,52.6093040081
2010,10,11,28.0,7.5,0.0,17.75,0.0,51.7872169252
2010,10,12,29.0,9.5,0.0,19.25,0.0,54.3971721501
2010,10,13,29.0,13.5,0.0,21.25,0.0,62.4848086387
2010,10,14,29.0,15.0,0.0,22.0,0.0,65.7978512887
2010,10,15,27.0,12.5,0.0,19.75,0.0,63.2779522222
2010,10,16,28.0,9.0,0.0,18.5,0.0,55.1058448134
2010,10,17,27.0,10.0,0.0,18.5,0.0,58.9062479039
2010,10,18,25.5,10.5,0.0,18.0,0.0,62.743822205
2010,10,19,25.5,8.5,0.0,17.0,0.0,58.4739708437
2010,10,20,23.5,8.5,0.0,16.0,0.0,62.3068298351
2010,10,21,18.0,6.5,0.0,12.25,0.0,68.031442111
2010,10,22,17.5,4.5,0.0,11.0,0.0,64.6211833938
2010,10,23,19.0,5.0,0.0,12.0,0.0,63.3909892165
2010,10,24,22.0,5.0,0.0,13.5,0.0,57.4877199356
2010,10,25,22.0,8.5,0.0,15.25,0.0,65.3643588445
2010,10,26,22.5,7.0,0.0,14.75,0.0,60.2633776758
2010,10,27,23.5,6.5,0.0,15.0,0.0,56.9316031092
2010,10,28,25.5,10.0,0.0,17.75,0.0,61.7462971031
2010,10,29,28.0,10.0,0.0,19.0,0.0,55.2517761891
2010,10,30,28.0,8.5,0.0,18.25,0.0,48.2552414051
2010,10,31,25.5,6.5,0.0,16.0,0.0,48.955366299
2010,11,1,24.5,4.5,0.0,14.5,0.0,46.5425823067
2010,11,2,24.0,7.5,0.0,15.75,0.0,56.5250220325
2010,11,3,25.0,9.0,0.0,17.0,0.0,56.3856147422
2010,11,4,24.5,9.5,0.0,17.0,0.0,60.5623269453
2010,11,5,24.5,7.0,0.0,15.75,0.0,54.2640211512
2010,11,6,26.0,6.0,0.0,16.0,0.0,46.7301223763
2010,11,7,25.5,5.0,0.0,15.25,0.0,44.3543863588
2010,11,8,24.0,4.5,0.0,14.25,0.0,47.2983558768
2010,11,9,19.0,3.5,0.0,11.25,0.0,57.5112343899
2010,11,10,17.5,-2.0,0.0,7.75,0.0,49.6928155705
2010,11,11,17.5,-1.0,0.0,8.25,0.0,51.7422261929
2010,11,12,17.0,-2.0,0.0,7.5,0.0,50.5393621216
2010,11,13,19.0,0.0,0.0,9.5,0.0,50.9861253841
2010,11,14,19.0,0.0,0.0,9.5,0.0,50.9861253841
2010,11,15,18.0,0.5,0.0,9.25,0.0,51.8438819013
2010,11,16,18.5,1.0,0.0,9.75,0.0,43.4581677991
2010,11,17,20.5,2.0,0.0,11.25,0.0,42.3766990241
2010,11,18,21.5,2.5,0.0,12.0,0.0,40.3397204105
2010,11,19,22.5,3.5,0.0,13.0,0.0,40.4897410178
2010,11,20,22.0,4.5,0.0,13.25,0.0,34.5255230005
2010,11,21,18.0,4.0,0.0,11.0,0.0,46.1579881384
2010,11,22,15.5,2.0,0.0,8.75,0.0,46.4599979153
2010,11,23,16.0,-1.5,0.0,7.25,0.0,35.5859163689
2010,11,24,15.5,-2.0,0.0,6.75,0.0,28.6333110637
2010,11,25,13.0,-2.5,0.0,5.25,0.0,36.2572597064
2010,11,26,14.5,-5.5,0.0,4.5,0.0,14.3176752485
2010,11,27,17.5,-2.0,0.0,7.75,0.0,19.1126213733
2010,11,28,14.0,-1.5,0.0,6.25,0.0,21.1609031414
2010,11,29,8.5,-5.5,0.0,1.5,0.0,29.4261116749
2010,11,30,9.5,-8.0,0.0,0.75,0.0,18.618672733
2010,12,1,16.5,-1.5,0.0,7.5,0.0,19.4382162006
2010,12,2,21.0,0.5,0.0,10.75,0.0,18.7705067339
2010,12,3,22.0,2.0,0.0,12.0,0.0,17.2884516045
2010,12,4,22.5,2.5,0.0,12.5,0.0,16.7323029261
2010,12,5,22.5,2.5,0.0,12.5,0.0,16.7323029261
2010,12,6,24.0,4.5,0.0,14.25,0.0,19.9150972113
2010,12,7,22.0,2.5,0.0,12.25,0.0,17.0078605277
2010,12,8,21.0,1.5,0.0,11.25,0.0,18.1614424389
2010,12,9,22.0,1.5,0.0,11.75,0.0,17.5741767385
2010,12,10,21.5,2.5,0.0,12.0,0.0,17.2884516045
2010,12,11,21.0,2.5,0.0,11.75,0.0,17.5741767385
2010,12,12,22.5,2.5,0.0,12.5,0.0,16.7323029261
2010,12,13,23.0,3.5,0.0,13.25,0.0,18.590666231
2010,12,14,23.0,2.5,0.0,12.75,0.0,16.4616803446
2010,12,15,21.0,2.0,0.0,11.5,0.0,17.8651386881
2010,12,16,17.5,2.0,0.0,9.75,0.0,20.0576159073
2010,12,17,15.5,2.5,3.0,9.0,0.3,38.6595939624
2010,12,18,16.0,1.5,0.0,8.75,0.0,28.5907679479
2010,12,19,18.0,2.5,0.0,10.25,0.0,25.8696747351
2010,12,20,19.5,3.5,0.0,11.5,0.0,23.8201849174
2010,12,21,19.0,5.5,0.0,12.25,0.0,22.6771473703
2010,12,22,19.0,5.5,0.0,12.25,0.0,22.6771473703
2010,12,23,16.0,3.0,16.0,9.5,1.6,37.3898252816
2010,12,24,15.5,-1.5,0.0,7.0,0.0,28.1511440078
2010,12,25,16.5,2.0,0.0,9.25,0.0,34.5625879342
2010,12,26,16.5,-0.5,0.0,8.0,0.0,26.3102632728
2010,12,27,14.5,0.5,0.0,7.5,0.0,34.9887891611
2010,12,28,13.5,-1.5,0.0,6.0,0.0,34.4404957109
2010,12,29,12.0,-2.0,0.0,5.0,0.0,36.8861737706
2010,12,30,8.5,-4.5,14.0,2.0,1.4,51.1327186268
2010,12,31,3.0,-8.5,0.0,-2.75,0.0,63.8623481093
2011,1,1,5.0,-11.0,0.0,-3.0,0.0,48.7779684225
2011,1,2,8.5,-7.0,0.0,0.75,0.0,43.4435697103
2011,1,3,11.5,-4.5,0.0,3.5,0.0,40.9222034097
2011,1,4,12.5,-5.5,0.0,3.5,0.0,35.8069279835
2011,1,5,12.5,-4.5,0.0,4.0,0.0,39.5250968439
2011,1,6,14.5,-2.0,0.0,6.25,0.0,38.0896256546
2011,1,7,17.0,0.0,0.0,8.5,0.0,36.3429334882
2011,1,8,14.5,-3.5,0.0,5.5,0.0,35.6401690682
2011,1,9,13.0,-2.5,0.0,5.25,0.0,40.7894171697
2011,1,10,12.5,-3.0,0.0,4.75,0.0,42.2180534807
2011,1,11,14.5,-4.5,0.0,5.0,0.0,32.2754020493
2011,1,12,16.0,-0.5,0.0,7.75,0.0,38.2252427465
2011,1,13,17.0,-1.0,0.0,8.0,0.0,33.8274813507
2011,1,14,17.5,-1.5,0.0,8.0,0.0,33.8274813507
2011,1,15,19.0,0.0,0.0,9.5,0.0,30.5916752304
2011,1,16,19.5,-0.5,0.0,9.5,0.0,30.5916752304
2011,1,17,21.5,1.5,0.0,11.5,0.0,29.7752311468
2011,1,18,23.0,1.5,0.0,12.25,0.0,25.5117907916
2011,1,19,21.0,3.5,0.0,12.25,0.0,34.0157210555
2011,1,20,19.0,1.0,0.0,10.0,0.0,32.8782087338
2011,1,21,18.5,-1.0,0.0,8.75,0.0,28.5907679479
2011,1,22,19.5,-0.5,0.0,9.5,0.0,27.1926002048
2011,1,23,16.5,-1.5,0.0,7.5,0.0,31.101145921
2011,1,24,16.0,-3.0,0.0,6.5,0.0,29.1246213894
2011,1,25,15.5,-1.5,0.0,7.0,0.0,36.1943280101
2011,1,26,14.5,-4.0,0.0,5.25,0.0,31.7251022431
2011,1,27,15.5,-1.5,0.0,7.0,0.0,32.172736009
2011,1,28,17.5,-3.0,0.0,7.25,0.0,27.6779349536
2011,1,29,17.5,-2.0,0.0,7.75,0.0,26.7576699226
2011,1,30,17.5,-1.5,0.0,8.0,0.0,30.0688723118
2011,1,31,13.0,1.0,0.0,7.0,0.0,48.2591040134
2011,2,1,9.5,-2.5,0.0,3.5,0.0,51.1527542621
2011,2,2,6.5,-9.5,0.0,-1.5,0.0,36.4548912494
2011,2,3,0.0,-14.5,0.0,-7.25,0.0,44.5666704527
2011,2,4,5.0,-12.0,0.0,-3.5,0.0,33.729634982
2011,2,5,12.0,-7.5,0.0,2.25,0.0,22.3297555811
2011,2,6,15.0,-4.0,0.0,5.5,0.0,22.2751056676
2011,2,7,18.0,-2.5,0.0,7.75,0.0,19.1126213733
2011,2,8,18.0,-0.5,0.0,8.75,0.0,21.4430759609
2011,2,9,16.0,-3.5,0.0,6.25,0.0,21.1609031414
2011,2,10,14.0,-3.5,0.0,5.25,0.0,27.1929447798
2011,2,11,15.5,-3.0,0.0,6.25,0.0,25.3930837697
2011,2,12,19.5,-1.5,0.0,9.0,0.0,17.5725427102
2011,2,13,23.0,0.0,0.0,11.5,0.0,14.8876155734
2011,2,14,24.0,1.5,0.0,12.75,0.0,16.4616803446
2011,2,15,24.5,1.0,0.0,12.75,0.0,16.4616803446
2011,2,16,22.5,3.5,0.0,13.0,0.0,18.895212475
2011,2,17,20.5,5.5,0.0,13.0,0.0,21.5945285428
2011,2,18,20.5,2.5,0.0,11.5,0.0,17.8651386881
2011,2,19,21.5,6.0,0.0,13.75,0.0,20.5688572023
2011,2,20,16.0,4.0,2.0,10.0,0.2,26.302566987
2011,2,21,14.0,-1.5,0.0,6.25,0.0,21.1609031414
2011,2,22,17.0,-2.5,0.0,7.25,0.0,15.8159628306
2011,2,23,17.0,-2.5,0.0,7.25,0.0,15.8159628306
2011,2,24,15.0,-2.5,0.0,6.25,0.0,16.9287225131
2011,2,25,17.0,-2.0,0.0,7.5,0.0,19.4382162006
2011,2,26,17.5,0.5,0.0,9.0,0.0,21.0870512522
2011,2,27,11.5,-3.0,4.0,4.25,0.4,29.1347688975
2011,2,28,15.0,-7.0,0.0,4.0,0.0,14.8219113165
2011,3,1,20.0,-1.0,0.0,9.5,0.0,16.995375128
2011,3,2,23.5,1.5,0.0,12.5,0.0,16.7323029261
2011,3,3,23.5,4.0,0.0,13.75,0.0,17.997750052
2011,3,4,20.5,2.0,0.0,11.25,0.0,18.1614424389
2011,3,5,19.5,2.0,0.0,10.75,0.0,18.7705067339
2011,3,6,22.0,2.5,0.0,12.25,0.0,17.0078605277
2011,3,7,20.5,7.0,0.0,13.75,0.0,23.1399643526
2011,3,8,18.0,4.0,0.0,11.0,0.0,21.5403944646
2011,3,9,21.0,-0.5,0.0,10.25,0.0,16.1685467094
2011,3,10,25.5,2.5,0.0,14.0,0.0,15.179289735
2011,3,11,26.5,3.5,0.0,15.0,0.0,16.6050509068
2011,3,12,25.0,4.5,0.0,14.75,0.0,19.2842808563
2011,3,13,24.5,4.0,0.0,14.25,0.0,17.4257100599
2011,3,14,25.5,4.5,0.0,15.0,0.0,18.9772010364
2011,3,15,25.5,5.5,0.0,15.5,0.0,18.3791670481
2011,3,16,26.5,6.0,0.0,16.25,0.0,17.5209023818
2011,3,17,27.5,7.0,0.0,17.25,0.0,18.5005007993
2011,3,18,27.0,7.0,0.0,17.0,0.0,18.7952049141
2011,3,19,24.5,6.0,0.0,15.25,0.0,18.6755310984
2011,3,20,25.0,3.5,0.0,14.25,0.0,17.4257100599
2011,3,21,22.5,5.5,0.0,14.0,0.0,20.23905298
2011,3,22,17.0,3.5,1.0,10.25,0.1,22.6359653932
2011,3,23,21.5,-0.5,0.0,10.5,0.0,15.9029073812
2011,3,24,20.5,2.5,0.0,11.5,0.0,17.8651386881
2011,3,25,19.5,1.5,0.0,10.5,0.0,19.0834888575
2011,3,26,21.0,2.0,0.0,11.5,0.0,17.8651386881
2011,3,27,22.0,3.5,0.0,12.75,0.0,19.2052937354
2011,3,28,24.0,2.5,0.0,13.25,0.0,15.9348567695
2011,3,29,24.5,4.5,0.0,14.5,0.0,19.5968767607
2011,3,30,25.0,5.5,0.0,15.25,0.0,18.6755310984
2011,3,31,27.0,7.5,0.0,17.25,0.0,18.5005007993
2011,4,1,31.0,9.0,0.0,20.0,0.0,17.3067142698
2011,4,2,32.0,9.5,0.0,20.75,0.0,18.1748242197
2011,4,3,28.0,13.0,0.0,20.5,0.0,23.4912700744
2011,4,4,25.5,7.0,0.0,16.25,0.0,19.7110151795
2011,4,5,28.0,5.0,0.0,16.5,0.0,17.2447644102
2011,4,6,27.5,10.0,0.0,18.75,0.0,20.577812095
2011,4,7,24.0,7.0,0.0,15.5,0.0,20.6765629291
2011,4,8,22.5,7.0,0.0,14.75,0.0,21.6948159633
2011,4,9,17.0,4.0,3.0,10.5,0.3,22.2640703337
2011,4,10,13.0,-2.5,0.0,5.25,0.0,18.1286298532
2011,4,11,20.0,-1.5,0.0,9.25,0.0,17.2812939671
2011,4,12,24.0,4.5,0.0,14.25,0.0,19.9150972113
2011,4,13,24.5,4.0,0.0,14.25,0.0,17.4257100599
2011,4,14,22.5,7.0,0.0,14.75,0.0,21.6948159633
2011,4,15,25.0,3.5,0.0,14.25,0.0,17.4257100599
2011,4,16,29.5,5.5,0.0,17.5,0.0,16.1874781563
2011,4,17,30.0,9.5,0.0,19.75,0.0,19.3349298457
2011,4,18,29.0,9.0,0.0,19.0,0.0,18.4172587297
2011,4,19,28.5,11.0,0.0,19.75,0.0,21.0926507407
2011,4,20,28.5,8.5,0.0,18.5,0.0,19.0020154529
2011,4,21,28.0,9.5,0.0,18.75,0.0,20.577812095
2011,4,22,27.5,9.0,0.0,18.25,0.0,19.302096562
2011,4,23,27.5,9.0,0.0,18.25,0.0,19.302096562
2011,4,24,26.0,11.0,0.0,18.5,0.0,22.8024185435
2011,4,25,25.0,9.5,0.0,17.25,0.0,22.6117231991
2011,4,26,24.5,10.5,0.0,17.5,0.0,24.2812172345
2011,4,27,25.5,6.0,0.0,15.75,0.0,18.0880070504
2011,4,28,28.5,6.5,0.0,17.5,0.0,18.2109129259
2011,4,29,29.5,10.5,0.0,20.0,0.0,20.7680571238
2011,4,30,26.0,8.5,0.0,17.25,0.0,20.5561119992
2011,5,1,21.0,3.0,0.0,12.0,0.0,20.1698602053
2011,5,2,20.5,5.5,0.0,13.0,0.0,21.5945285428
2011,5,3,25.0,8.0,0.0,16.5,0.0,21.5559555128
2011,5,4,29.5,9.5,0.0,19.5,0.0,19.6376450452
2011,5,5,31.5,9.5,0.0,20.5,0.0,18.457426487
2011,5,6,32.0,9.5,0.0,20.75,0.0,18.1748242197
2011,5,7,32.0,10.0,0.0,21.0,0.0,17.8970185069
2011,5,8,31.0,9.0,0.0,20.0,0.0,17.3067142698
2011,5,9,26.5,11.0,0.0,18.75,0.0,22.4485222854
2011,5,10,22.5,7.5,0.0,15.0,0.0,21.3493511659
2011,5,11,22.5,3.5,0.0,13.0,0.0,18.895212475
2011,5,12,26.5,6.5,0.0,16.5,0.0,19.4003599615
2011,5,13,30.5,9.0,0.0,19.75,0.0,17.5772089506
2011,5,14,30.5,10.5,0.0,20.5,0.0,20.1353743495
2011,5,15,29.5,9.0,0.0,19.25,0.0,18.1323907167
2011,5,16,28.5,8.0,0.0,18.25,0.0,19.302096562
2011,5,17,25.5,9.5,0.0,17.5,0.0,22.2577824649
2011,5,18,22.5,8.0,0.0,15.25,0.0,23.344413873
2011,5,19,20.5,8.5,0.0,14.5,0.0,24.4960959509
2011,5,20,22.5,4.0,0.0,13.25,0.0,18.590666231
2011,5,21,27.0,7.5,0.0,17.25,0.0,18.5005007993
2011,5,22,29.0,10.0,0.0,19.5,0.0,19.6376450452
2011,5,23,29.0,9.5,0.0,19.25,0.0,19.9456297884
2011,5,24,27.5,10.5,0.0,19.0,0.0,22.1007104756
2011,5,25,30.0,9.5,0.0,19.75,0.0,19.3349298457
2011,5,26,32.5,10.5,0.0,21.5,0.0,18.9332101918
2011,5,27,33.5,14.0,0.0,23.75,0.0,20.6366080801
2011,5,28,33.5,14.5,0.0,24.0,0.0,20.3274686619
2011,5,29,32.0,13.5,0.0,22.75,0.0,20.464728049
2011,5,30,28.5,12.0,0.0,20.25,0.0,22.1530826587
2011,5,31,31.0,10.0,0.0,20.5,0.0,18.457426487
2011,6,1,35.0,14.5,0.0,24.75,0.0,19.4305143586
2011,6,2,34.0,14.0,0.0,24.0,0.0,20.3274686619
2011,6,3,33.5,12.5,0.0,23.0,0.0,18.7163817193
2011,6,4,35.5,13.5,0.0,24.5,0.0,18.4095467029
2011,6,5,36.5,15.5,0.0,26.0,0.0,19.2338626756
2011,6,6,35.0,14.5,0.0,24.75,0.0,19.4305143586
2011,6,7,33.5,13.0,0.0,23.25,0.0,19.8526421892
2011,6,8,33.5,13.5,0.0,23.5,0.0,19.5542499907
2011,6,9,34.0,10.5,0.0,22.25,0.0,18.0838758484
2011,6,10,33.5,13.0,0.0,23.25,0.0,19.8526421892
2011,6,11,33.5,13.0,0.0,23.25,0.0,19.8526421892
2011,6,12,34.5,14.0,0.0,24.25,0.0,20.0234685576
2011,6,13,35.0,13.5,0.0,24.25,0.0,18.6885706537
2011,6,14,35.5,13.5,0.0,24.5,0.0,18.4095467029
2011,6,15,36.5,14.0,0.0,25.25,0.0,18.8570197711
2011,6,16,36.0,16.5,0.0,26.25,0.0,21.31877565
2011,6,17,35.0,15.5,0.0,25.25,0.0,20.1141544225
2011,6,18,36.0,16.5,0.0,26.25,0.0,21.31877565
2011,6,19,35.0,18.0,0.0,26.5,0.0,23.3385438022
2011,6,20,33.5,14.0,0.0,23.75,0.0,20.6366080801
2011,6,21,35.0,15.5,0.0,25.25,0.0,20.1141544225
2011,6,22,38.0,17.5,0.0,27.75,0.0,20.5934037271
2011,6,23,38.5,19.0,0.0,28.75,0.0,21.4649433111
2011,6,24,38.0,19.5,0.0,28.75,0.0,22.4870834688
2011,6,25,38.5,20.0,0.0,29.25,0.0,21.840585534
2011,6,26,39.0,20.5,0.0,29.75,0.0,22.1790236468
2011,6,27,40.5,20.5,0.0,30.5,0.0,21.2363522154
2011,6,28,41.0,21.0,0.0,31.0,0.0,21.5298016622
2011,6,29,39.0,20.0,0.0,29.5,0.0,21.5251187126
2011,6,30,37.5,20.5,0.0,29.0,0.0,23.168537289
2011,7,1,38.5,18.0,0.0,28.25,0.0,21.0499639119
2011,7,2,38.5,21.0,0.0,29.75,0.0,23.1433290228
2011,7,3,37.5,20.5,0.0,29.0,0.0,23.168537289
2011,7,4,35.5,18.0,10.0,26.75,1.0,22.9952699531
2011,7,5,35.0,17.0,8.0,26.0,0.8,21.63809551
2011,7,6,35.5,16.5,8.0,26.0,0.8,21.63809551
2011,7,7,35.5,18.5,8.0,27.0,0.8,22.6576046797
2011,7,8,36.0,18.0,0.0,27.0,0.0,22.6576046797
2011,7,9,36.0,20.0,0.0,28.0,0.0,23.4971576679
2011,7,10,34.5,19.5,0.0,27.0,0.0,24.9233651477
2011,7,11,31.0,19.0,0.0,25.0,0.0,26.7979303971
2011,7,12,32.0,19.0,0.0,25.5,0.0,26.0082911036
2011,7,13,34.0,19.0,0.0,26.5,0.0,24.5054709923
2011,7,14,34.5,15.5,0.0,25.0,0.0,20.4174707788
2011,7,15,35.0,14.0,0.0,24.5,0.0,19.7245143245
2011,7,16,38.0,17.5,0.0,27.75,0.0,20.5934037271
2011,7,17,37.5,21.0,2.0,29.25,0.2,23.8260933098
2011,7,18,35.5,19.0,2.0,27.25,0.2,23.4417200766
2011,7,19,34.5,20.0,0.0,27.25,0.0,24.5579924612
2011,7,20,34.5,19.0,8.0,26.75,0.8,24.1450334508
2011,7,21,34.0,18.5,20.0,26.25,2.0,23.6875285
2011,7,22,34.0,20.5,0.0,27.25,0.0,31.2556267689
2011,7,23,33.5,20.5,0.0,27.0,0.0,32.8535267856
2011,7,24,32.0,17.5,33.0,24.75,3.3,38.8610287172
2011,7,25,31.0,18.0,9.0,24.5,0.9,56.5436077304
2011,7,26,31.0,19.5,0.0,25.25,0.0,56.5710593134
2011,7,27,33.0,18.0,0.0,25.5,0.0,43.3471518393
2011,7,28,35.0,18.5,0.0,26.75,0.0,39.0919589203
2011,7,29,33.5,19.0,3.0,26.25,0.3,54.48131555
2011,7,30,33.5,20.0,9.0,26.75,0.9,58.6379383804
2011,7,31,34.5,19.0,16.0,26.75,1.6,54.0388843898
2011,8,1,33.5,18.5,18.0,26.0,1.8,58.9037044439
2011,8,2,35.0,19.5,0.0,27.25,0.0,52.4648020763
2011,8,3,35.0,20.0,10.0,27.5,1.0,61.5963617965
2011,8,4,35.0,19.5,0.0,27.25,0.0,54.6973468455
2011,8,5,35.5,21.0,0.0,28.25,0.0,57.8874007578
2011,8,6,33.5,20.5,0.0,27.0,0.0,62.3084128693
2011,8,7,33.5,20.5,0.0,27.0,0.0,62.3084128693
2011,8,8,34.0,19.5,0.0,26.75,0.0,57.4881748828
2011,8,9,34.5,21.0,0.0,27.75,0.0,60.6963478273
2011,8,10,31.5,19.5,0.0,25.5,0.0,65.6399727852
2011,8,11,31.0,18.0,0.0,24.5,0.0,61.8034782169
2011,8,12,31.0,18.5,0.0,24.75,0.0,63.4730135714
2011,8,13,32.0,18.5,0.0,25.25,0.0,60.3424632676
2011,8,14,32.0,19.5,17.0,25.75,1.7,69.5486916504
2011,8,15,30.5,20.5,0.0,25.5,0.0,74.3094031531
2011,8,16,32.0,19.5,0.0,25.75,0.0,65.8882341951
2011,8,17,35.0,19.5,0.0,27.25,0.0,56.9298916147
2011,8,18,35.5,19.5,0.0,27.5,0.0,56.0966866361
2011,8,19,32.5,18.0,0.0,25.25,0.0,60.3424632676
2011,8,20,32.0,18.5,0.0,25.25,0.0,62.8567325704
2011,8,21,33.5,19.0,0.0,26.25,0.0,60.403197675
2011,8,22,35.5,20.0,0.0,27.75,0.0,57.4447577651
2011,8,23,37.0,19.0,0.0,28.0,0.0,51.2665258209
2011,8,24,38.0,19.0,0.0,28.5,0.0,49.7853853537
2011,8,25,36.5,19.0,5.0,27.75,0.5,59.6124844732
2011,8,26,36.0,20.0,0.0,28.0,0.0,57.6748415485
2011,8,27,37.0,22.0,0.0,29.5,0.0,61.640112677
2011,8,28,37.0,19.5,0.0,28.25,0.0,54.729906171
2011,8,29,38.0,20.5,0.0,29.25,0.0,54.6014638349
2011,8,30,38.0,20.5,0.0,29.25,0.0,54.6014638349
2011,8,31,38.0,21.0,3.0,29.5,0.3,60.66169819
2011,9,1,37.0,21.0,0.0,29.0,0.0,59.4323347849
2011,9,2,35.5,19.5,0.0,27.5,0.0,59.3964917323
2011,9,3,35.5,19.0,0.0,27.25,0.0,58.0461639993
2011,9,4,35.0,20.0,0.0,27.5,0.0,62.6962968285
2011,9,5,31.0,19.5,0.0,25.25,0.0,71.6566751303
2011,9,6,32.0,19.5,0.0,25.75,0.0,69.5486916504
2011,9,7,34.5,19.5,0.0,27.0,0.0,62.3084128693
2011,9,8,35.0,20.5,0.0,27.75,0.0,65.0318012435
2011,9,9,33.0,17.0,0.0,25.0,0.0,59.9763204127
2011,9,10,30.5,14.0,13.0,22.25,1.3,60.2795861613
2011,9,11,29.0,14.5,10.0,21.75,1.0,63.7046816146
2011,9,12,27.0,16.5,5.0,21.75,0.5,73.0273179484
2011,9,13,29.0,13.0,27.0,21.0,2.7,60.1990622505
2011,9,14,27.0,13.0,11.0,20.0,1.1,64.0348427983
2011,9,15,25.0,14.5,6.0,19.75,0.6,72.0665566975
2011,9,16,27.5,15.0,6.0,21.25,0.6,68.8935069606
2011,9,17,28.0,14.0,0.0,21.0,0.0,65.0800672978
2011,9,18,29.5,12.5,0.0,21.0,0.0,58.572060568
2011,9,19,31.5,13.0,0.0,22.25,0.0,55.7586171992
2011,9,20,32.5,14.0,0.0,23.25,0.0,56.7218348261
2011,9,21,33.0,14.5,0.0,23.75,0.0,56.4067287521
2011,9,22,33.0,14.5,0.0,23.75,0.0,56.4067287521
2011,9,23,33.0,14.0,0.0,23.5,0.0,55.8692856876
2011,9,24,33.5,14.0,0.0,23.75,0.0,55.0309548801
2011,9,25,32.5,15.0,0.0,23.75,0.0,59.1582764962
2011,9,26,31.0,13.0,0.0,22.0,0.0,56.6167557601
2011,9,27,30.5,14.0,0.0,22.25,0.0,60.2795861613
2011,9,28,30.5,12.5,0.0,21.5,0.0,56.7996305754
2011,9,29,32.0,14.0,0.0,23.0,0.0,57.5888668285
2011,9,30,30.5,17.0,0.0,23.75,0.0,66.0371458562
2011,10,1,30.0,15.0,1.0,22.5,0.1,63.8200242056
2011,10,2,30.0,15.0,0.0,22.5,0.0,63.8200242056
2011,10,3,29.5,14.0,2.0,21.75,0.2,62.1509088923
2011,10,4,28.0,14.5,0.0,21.25,0.0,65.6891577997
2011,10,5,26.0,9.5,0.0,17.75,0.0,59.7544810675
2011,10,6,22.0,10.0,0.0,16.0,0.0,68.9825616032
2011,10,7,19.0,7.5,0.0,13.25,0.0,69.051046001
2011,10,8,19.5,1.5,0.0,10.5,0.0,54.0698850961
2011,10,9,22.5,3.5,0.0,13.0,0.0,53.9863213571
2011,10,10,26.0,6.5,0.0,16.25,0.0,52.5627071453
2011,10,11,27.0,6.5,0.0,16.75,0.0,50.9203313986
2011,10,12,30.0,9.5,0.0,19.75,0.0,52.7316268518
2011,10,13,30.5,9.0,0.0,19.75,0.0,50.9739059567
2011,10,14,32.0,10.0,0.0,21.0,0.0,50.4370521558
2011,10,15,32.5,10.5,0.0,21.5,0.0,50.4885605115
2011,10,16,32.5,10.0,0.0,21.25,0.0,49.6674119949
2011,10,17,31.0,10.5,0.0,20.75,0.0,52.8722159118
2011,10,18,30.0,10.0,0.0,20.0,0.0,53.6508142364
2011,10,19,29.5,9.5,0.0,19.5,0.0,53.5572137596
2011,10,20,29.0,10.0,0.0,19.5,0.0,55.3424542182
2011,10,21,28.0,9.5,0.0,18.75,0.0,56.1213057136
2011,10,22,28.5,10.5,0.0,19.5,0.0,57.1276946769
2011,10,23,29.5,10.5,0.0,20.0,0.0,55.3814856634
2011,10,24,28.5,10.0,0.0,19.25,0.0,56.2104112218
2011,10,25,26.5,11.0,0.0,18.75,0.0,61.733436285
2011,10,26,24.0,10.0,0.0,17.0,0.0,64.7390391484
2011,10,27,22.5,4.0,0.0,13.25,0.0,53.1161892315
2011,10,28,22.5,5.0,0.0,13.75,0.0,56.5643573063
2011,10,29,24.5,6.5,0.0,15.5,0.0,55.1375011443
2011,10,30,26.5,6.0,0.0,16.25,0.0,50.3725943476
2011,10,31,27.5,7.0,0.0,17.25,0.0,47.2790575982
2011,11,1,27.0,7.0,0.0,17.0,0.0,50.1205464375
2011,11,2,24.0,5.5,0.0,14.75,0.0,50.6212372477
2011,11,3,22.0,5.5,0.0,13.75,0.0,56.5643573063
2011,11,4,22.5,5.5,0.0,14.0,0.0,55.657395695
2011,11,5,18.5,2.0,5.0,10.25,0.5,58.2067681539
2011,11,6,13.5,2.5,0.0,8.0,0.0,67.6549627014
2011,11,7,11.5,1.0,0.0,6.25,0.0,67.7148900525
2011,11,8,13.0,-3.5,0.0,4.75,0.0,56.2907379743
2011,11,9,15.0,-1.5,0.0,6.75,0.0,57.2666221275
2011,11,10,16.5,3.5,0.0,10.0,0.0,65.7564174675
2011,11,11,16.5,5.5,0.0,11.0,0.0,70.7755818122
2011,11,12,17.5,6.0,0.0,11.75,0.0,67.3676774974
2011,11,13,15.5,5.5,8.0,10.5,0.8,73.1533739536
2011,11,14,16.0,4.0,0.0,10.0,0.0,65.7564174675
2011,11,15,17.0,2.0,0.0,9.5,0.0,61.1833504609
2011,11,16,17.5,2.0,0.0,9.75,0.0,60.1728477218
2011,11,17,19.5,2.5,0.0,11.0,0.0,55.3895857661
2011,11,18,20.0,3.5,0.0,11.75,0.0,58.5805891282
2011,11,19,19.0,4.5,0.0,11.75,0.0,61.5096185846
2011,11,20,17.5,5.0,0.0,11.25,0.0,66.5919556093
2011,11,21,16.5,2.5,0.0,9.5,0.0,61.1833504609
2011,11,22,18.0,0.0,0.0,9.0,0.0,52.7176281306
2011,11,23,21.0,4.5,0.0,12.75,0.0,57.6158812061
2011,11,24,20.0,4.0,0.0,12.0,0.0,57.628172015
2011,11,25,17.0,3.0,4.0,10.0,0.4,62.4685965941
2011,11,26,17.5,0.5,0.0,9.0,0.0,56.2321366726
2011,11,27,19.0,1.0,0.0,10.0,0.0,52.605133974
2011,11,28,19.5,1.0,0.0,10.25,0.0,51.7393494702
2011,11,29,23.0,2.5,0.0,12.75,0.0,49.3850410338
2011,11,30,22.5,2.5,0.0,12.5,0.0,50.1969087783
2011,12,1,18.0,3.0,0.0,10.5,0.0,60.4310480486
2011,12,2,11.5,2.5,4.0,7.0,0.4,72.3886560202
2011,12,3,9.5,-0.5,2.0,4.5,0.2,71.5883762425
2011,12,4,7.0,-3.0,2.0,2.0,0.2,68.1769581691
2011,12,5,5.0,-6.0,0.0,-0.5,0.0,67.8501138793
2011,12,6,7.0,-7.0,0.0,0.0,0.0,58.9198036007
2011,12,7,11.5,-6.0,0.0,2.75,0.0,53.9014816318
2011,12,8,14.5,-4.0,0.0,5.25,0.0,49.8537320964
2011,12,9,16.5,-4.0,0.0,6.25,0.0,46.5539869111
2011,12,10,15.5,-1.5,0.0,7.0,0.0,56.3022880157
2011,12,11,15.5,0.0,0.0,7.75,0.0,57.3378641198
2011,12,12,11.5,2.5,0.0,7.0,0.0,72.3886560202
2011,12,13,8.0,3.0,15.0,5.5,1.5,84.645401537
2011,12,14,9.5,-1.0,0.0,4.25,0.0,67.9811274274
2011,12,15,11.5,-3.0,0.0,4.25,0.0,48.5579481624
2011,12,16,11.5,0.0,0.0,5.75,0.0,56.9313223899
2011,12,17,14.0,4.0,0.0,9.0,0.0,63.2611537567
2011,12,18,12.5,2.0,0.0,7.25,0.0,59.3098606149
2011,12,19,9.0,1.0,0.0,5.0,0.0,73.7723475413
2011,12,20,10.0,0.5,0.0,5.25,0.0,63.4502044863
2011,12,21,11.5,-0.5,0.0,5.5,0.0,53.4602536023
2011,12,22,10.0,-0.5,0.0,4.75,0.0,60.9816328055
2011,12,23,6.5,-6.0,0.0,0.25,0.0,51.447489065
2011,12,24,8.0,-6.0,0.0,1.0,0.0,48.7770155939
2011,12,25,11.0,-4.0,0.0,3.5,0.0,46.0374788359
2011,12,26,13.5,-4.5,0.0,4.5,0.0,38.1804673294
2011,12,27,17.0,-3.5,0.0,6.75,0.0,32.7237840728
2011,12,28,18.5,-1.5,0.0,8.5,0.0,32.7086401394
2011,12,29,20.0,0.0,0.0,10.0,0.0,29.5903878604
2011,12,30,23.0,2.0,0.0,12.5,0.0,27.8871715435
2011,12,31,22.0,3.0,0.0,12.5,0.0,30.6758886978
2012,1,1,22.0,3.5,0.0,12.75,0.0,46.641427643
2012,1,2,20.0,4.5,0.0,12.25,0.0,53.8582250045
2012,1,3,21.0,2.0,0.0,11.5,0.0,44.6628467202
2012,1,4,19.5,2.0,0.0,10.75,0.0,46.9262668347
2012,1,5,20.5,1.0,0.0,10.75,0.0,43.7978490458
2012,1,6,20.0,0.5,0.0,10.25,0.0,42.0382214445
2012,1,7,19.0,0.5,0.0,9.75,0.0,46.8011037836
2012,1,8,13.5,0.0,0.0,6.75,0.0,61.3570951366
2012,1,9,13.0,-1.5,0.0,5.75,0.0,56.9313223899
2012,1,10,16.0,-2.0,0.0,7.0,0.0,48.2591040134
2012,1,11,16.0,0.0,0.0,8.0,0.0,52.6205265456
2012,1,12,14.5,0.5,0.0,7.5,0.0,54.4270053617
2012,1,13,14.5,-1.0,0.0,6.75,0.0,53.1761491184
2012,1,14,16.5,0.5,0.0,8.5,0.0,50.8801068835
2012,1,15,16.0,2.5,0.0,9.25,0.0,55.3001406947
2012,1,16,12.5,5.5,5.0,9.0,0.5,80.8336964669
2012,1,17,14.5,1.0,0.0,7.75,0.0,57.3378641198
2012,1,18,16.5,-1.0,0.0,7.75,0.0,45.8702912958
2012,1,19,19.5,0.0,0.0,9.75,0.0,40.1152318145
2012,1,20,19.5,0.5,0.0,10.0,0.0,42.7416713539
2012,1,21,18.5,1.5,0.0,10.0,0.0,46.0294922273
2012,1,22,16.0,1.0,0.0,8.5,0.0,54.5144002323
2012,1,23,16.0,-0.5,0.0,7.75,0.0,49.6928155705
2012,1,24,14.0,0.0,0.0,7.0,0.0,56.3022880157
2012,1,25,15.0,-1.5,0.0,6.75,0.0,49.0856761093
2012,1,26,19.5,0.0,0.0,9.75,0.0,40.1152318145
2012,1,27,20.0,2.0,0.0,11.0,0.0,43.0807889292
2012,1,28,18.5,4.5,0.0,11.5,0.0,53.5954160642
2012,1,29,19.0,2.5,0.0,10.75,0.0,46.9262668347
2012,1,30,20.0,2.0,0.0,11.0,0.0,43.0807889292
2012,1,31,19.5,2.0,0.0,10.75,0.0,43.7978490458
2012,2,1,19.5,0.5,0.0,10.0,0.0,39.4538504805
2012,2,2,16.5,0.0,0.0,8.25,0.0,48.0463528934
2012,2,3,15.0,-3.0,0.0,6.0,0.0,43.0506196386
2012,2,4,16.5,-1.5,0.0,7.5,0.0,42.7640756413
2012,2,5,16.0,1.0,0.0,8.5,0.0,50.8801068835
2012,2,6,17.0,0.5,0.0,8.75,0.0,46.4599979153
2012,2,7,19.0,2.0,0.0,10.5,0.0,44.5281406674
2012,2,8,17.0,3.5,0.0,10.25,0.0,54.973058812
2012,2,9,18.5,2.5,0.0,10.5,0.0,44.5281406674
2012,2,10,20.5,2.5,0.0,11.5,0.0,38.7078004908
2012,2,11,22.0,3.0,0.0,12.5,0.0,36.2533230065
2012,2,12,18.0,4.0,0.0,11.0,0.0,49.2351873476
2012,2,13,15.5,0.5,0.0,8.0,0.0,45.1033084676
2012,2,14,12.5,1.0,0.0,6.75,0.0,57.2666221275
2012,2,15,13.5,-3.0,0.0,5.25,0.0,40.7894171697
2012,2,16,15.0,1.5,0.0,8.25,0.0,48.0463528934
2012,2,17,10.5,2.0,7.0,6.25,0.7,76.1792513091
2012,2,18,13.5,-0.5,0.0,6.5,0.0,49.9279223819
2012,2,19,14.5,0.0,0.0,7.25,0.0,47.4478884919
2012,2,20,15.5,0.5,0.0,8.0,0.0,45.1033084676
2012,2,21,18.0,0.0,0.0,9.0,0.0,38.6595939624
2012,2,22,20.5,1.0,0.0,10.75,0.0,34.4125956788
2012,2,23,21.5,2.0,0.0,11.75,0.0,35.1483534769
2012,2,24,21.5,3.0,0.0,12.25,0.0,36.8503644768
2012,2,25,22.0,2.5,0.0,12.25,0.0,34.0157210555
2012,2,26,21.5,2.5,0.0,12.0,0.0,34.576903209
2012,2,27,20.5,5.0,0.0,12.75,0.0,41.1542008615
2012,2,28,15.0,2.0,0.0,8.5,0.0,50.8801068835
2012,2,29,16.0,-2.0,0.0,7.0,0.0,36.1943280101
2012,3,1,18.0,0.0,0.0,9.0,0.0,35.1450854204
2012,3,2,16.0,0.5,0.0,8.25,0.0,40.6546062944
2012,3,3,16.5,-2.5,0.0,7.0,0.0,32.172736009
2012,3,4,22.5,0.5,0.0,11.5,0.0,26.7977080321
2012,3,5,25.0,4.0,0.0,14.5,0.0,29.3953151411
2012,3,6,24.5,5.5,0.0,15.0,0.0,30.8379516841
2012,3,7,18.5,3.0,0.0,10.75,0.0,40.6694312568
2012,3,8,15.0,-2.5,0.0,6.25,0.0,38.0896256546
2012,3,9,13.5,1.0,0.0,7.25,0.0,51.4018791996
2012,3,10,13.5,0.0,0.0,6.75,0.0,49.0856761093
2012,3,11,17.5,0.0,0.0,8.75,0.0,35.7384599349
2012,3,12,23.0,2.5,0.0,12.75,0.0,27.4361339077
2012,3,13,24.5,3.5,0.0,14.0,0.0,25.298816225
2012,3,14,25.0,3.5,0.0,14.25,0.0,24.8938715141
2012,3,15,25.5,4.0,0.0,14.75,0.0,16.8737457492
2012,3,16,26.5,5.0,0.0,15.75,0.0,18.0880070504
2012,3,17,25.5,6.0,0.0,15.75,0.0,18.0880070504
2012,3,18,18.0,4.5,4.0,11.25,0.4,42.3766990241
2012,3,19,8.0,-1.0,3.0,3.5,0.3,66.4985805407
2012,3,20,9.0,-4.5,0.0,2.25,0.0,39.0770722669
2012,3,21,16.5,-2.0,0.0,7.25,0.0,23.723944246
2012,3,22,23.0,4.5,0.0,13.75,0.0,20.5688572023
2012,3,23,25.0,5.5,0.0,15.25,0.0,18.6755310984
2012,3,24,27.0,6.5,0.0,16.75,0.0,19.0951242745
2012,3,25,27.0,8.5,0.0,17.75,0.0,19.9181603558
2012,3,26,24.0,7.0,0.0,15.5,0.0,20.6765629291
2012,3,27,25.5,5.0,0.0,15.25,0.0,18.6755310984
2012,3,28,27.0,6.0,0.0,16.5,0.0,17.2447644102
2012,3,29,26.5,6.5,0.0,16.5,0.0,19.4003599615
2012,3,30,27.0,6.5,0.0,16.75,0.0,19.0951242745
2012,3,31,28.0,8.5,0.0,18.25,0.0,19.302096562
2012,4,1,25.0,6.5,0.0,15.75,0.0,20.3490079317
2012,4,2,18.5,4.0,0.0,11.25,0.0,21.1883495121
2012,4,3,18.0,1.0,0.0,9.5,0.0,20.3944501536
2012,4,4,22.5,3.0,0.0,12.75,0.0,19.2052937354
2012,4,5,26.0,6.5,0.0,16.25,0.0,19.7110151795
2012,4,6,25.5,7.0,0.0,16.25,0.0,19.7110151795
2012,4,7,26.5,6.5,0.0,16.5,0.0,19.4003599615
2012,4,8,28.5,9.5,0.0,19.0,0.0,20.2589846027
2012,4,9,30.0,10.5,0.0,20.25,0.0,20.4489993773
2012,4,10,30.0,10.0,0.0,20.0,0.0,19.0373856968
2012,4,11,26.5,10.0,0.0,18.25,0.0,21.2323062182
2012,4,12,21.0,6.0,0.0,13.5,0.0,20.9046254311
2012,4,13,20.5,3.5,0.0,12.0,0.0,20.1698602053
2012,4,14,17.0,2.5,3.0,9.75,0.3,20.0576159073
2012,4,15,14.0,-0.5,0.0,6.75,0.0,20.4523650455
2012,4,16,21.0,3.0,0.0,12.0,0.0,20.1698602053
2012,4,17,26.0,7.0,0.0,16.5,0.0,19.4003599615
2012,4,18,29.0,8.0,0.0,18.5,0.0,19.0020154529
2012,4,19,28.5,10.0,0.0,19.25,0.0,19.9456297884
2012,4,20,29.5,11.0,0.0,20.25,0.0,20.4489993773
2012,4,21,32.5,12.0,0.0,22.25,0.0,19.5908655024
2012,4,22,34.0,13.5,0.0,23.75,0.0,19.260834208
2012,4,23,34.0,14.5,0.0,24.25,0.0,20.0234685576
2012,4,24,33.0,13.0,0.0,23.0,0.0,20.15610339
2012,4,25,31.0,13.0,0.0,22.0,0.0,21.4225562335
2012,4,26,27.5,13.5,0.0,20.5,0.0,23.4912700744
2012,4,27,26.5,7.0,0.0,16.75,0.0,19.0951242745
2012,4,28,28.5,9.0,0.0,18.75,0.0,18.7071019045
2012,4,29,28.5,11.5,0.0,20.0,0.0,20.7680571238
2012,4,30,29.5,10.5,0.0,20.0,0.0,20.7680571238
2012,5,1,29.5,11.5,0.0,20.5,0.0,20.1353743495
2012,5,2,28.5,11.0,0.0,19.75,0.0,21.0926507407
2012,5,3,29.0,10.0,0.0,19.5,0.0,19.6376450452
2012,5,4,30.5,10.5,0.0,20.5,0.0,20.1353743495
2012,5,5,30.5,11.0,0.0,20.75,0.0,19.8270809669
2012,5,6,30.0,10.0,0.0,20.0,0.0,19.0373856968
2012,5,7,28.0,9.0,0.0,18.5,0.0,19.0020154529
2012,5,8,27.5,9.0,0.0,18.25,0.0,19.302096562
2012,5,9,24.0,11.0,0.0,17.5,0.0,24.2812172345
2012,5,10,25.5,8.0,0.0,16.75,0.0,21.2168047494
2012,5,11,29.5,12.0,0.0,20.75,0.0,21.4793377142
2012,5,12,31.5,12.0,0.0,21.75,0.0,20.19904539
2012,5,13,32.5,12.0,0.0,22.25,0.0,19.5908655024
2012,5,14,32.5,15.0,0.0,23.75,0.0,22.0123819521
2012,5,15,31.5,16.0,0.0,23.75,0.0,23.3881558241
2012,5,16,33.0,16.0,0.0,24.5,0.0,22.3544495678
2012,5,17,34.0,15.0,0.0,24.5,0.0,21.0394819462
2012,5,18,32.5,15.5,0.0,24.0,0.0,21.6826332393
2012,5,19,31.5,12.5,0.0,22.0,0.0,19.8923736454
2012,5,20,33.5,12.0,0.0,22.75,0.0,19.0029617598
2012,5,21,36.5,15.0,0.0,25.75,0.0,19.5224397615
2012,5,22,36.5,16.0,0.0,26.25,0.0,20.134399225
2012,5,23,34.5,17.0,0.0,25.75,0.0,21.9627447317
2012,5,24,33.5,15.5,0.0,24.5,0.0,21.0394819462
2012,5,25,32.0,16.0,0.0,24.0,0.0,23.0377978168
2012,5,26,28.5,13.0,0.0,20.75,0.0,23.1315944614
2012,5,27,27.5,8.0,0.0,17.75,0.0,19.9181603558
2012,5,28,30.0,8.5,0.0,19.25,0.0,18.1323907167
2012,5,29,32.5,11.5,0.0,22.0,0.0,18.3621910573
2012,5,30,33.0,12.0,0.0,22.5,0.0,19.2944259226
2012,5,31,35.0,14.0,0.0,24.5,0.0,19.7245143245
2012,6,1,37.0,16.5,0.0,26.75,0.0,20.6957429578
2012,6,2,36.0,18.5,0.0,27.25,0.0,22.325447692
2012,6,3,35.0,15.5,0.0,25.25,0.0,20.1141544225
2012,6,4,34.0,15.0,0.0,24.5,0.0,21.0394819462
2012,6,5,34.0,15.0,0.0,24.5,0.0,21.0394819462
2012,6,6,35.0,15.0,0.0,25.0,0.0,20.4174707788
2012,6,7,35.5,14.0,0.0,24.75,0.0,19.4305143586
2012,6,8,36.0,14.5,0.0,25.25,0.0,18.8570197711
2012,6,9,35.5,15.0,0.0,25.25,0.0,20.1141544225
2012,6,10,34.0,15.5,0.0,24.75,0.0,20.7258819825
2012,6,11,34.5,16.0,0.0,25.25,0.0,21.3712890739
2012,6,12,36.0,16.5,0.0,26.25,0.0,21.31877565
2012,6,13,36.5,16.5,0.0,26.5,0.0,21.004689422
2012,6,14,35.5,16.0,0.0,25.75,0.0,20.7425922466
2012,6,15,35.0,17.5,0.0,26.25,0.0,22.503152075
2012,6,16,35.0,16.0,0.0,25.5,0.0,21.0543308934
2012,6,17,36.5,17.5,0.0,27.0,0.0,21.5247244457
2012,6,18,37.0,20.5,0.0,28.75,0.0,23.5092236265
2012,6,19,36.5,19.0,0.0,27.75,0.0,22.7611304352
2012,6,20,37.5,15.5,0.0,26.5,0.0,18.6708350418
2012,6,21,38.5,17.5,0.0,28.0,0.0,20.2929998041
2012,6,22,39.5,20.0,0.0,29.75,0.0,21.2147182709
2012,6,23,39.5,20.5,0.0,30.0,0.0,21.8597176007
2012,6,24,37.5,22.5,0.0,30.0,0.0,24.7109851138
2012,6,25,36.5,21.0,0.0,28.75,0.0,24.5313637841
2012,6,26,36.5,20.0,0.0,28.25,0.0,23.1549603031
2012,6,27,38.0,21.0,0.0,29.5,0.0,23.4819476865
2012,6,28,38.0,19.5,0.0,28.75,0.0,22.4870834688
2012,6,29,38.0,21.0,0.0,29.5,0.0,23.4819476865
2012,6,30,37.5,22.0,0.0,29.75,0.0,24.1076343987
2012,7,1,38.0,23.0,0.0,30.5,0.0,24.9296308616
2012,7,2,37.0,22.0,0.0,29.5,0.0,24.4603621734
2012,7,3,33.5,19.0,0.0,26.25,0.0,24.871904925
2012,7,4,29.5,17.5,13.0,23.5,1.3,26.5379107016
2012,7,5,30.5,16.0,0.0,23.25,0.0,24.1067798011
2012,7,6,33.0,18.5,0.0,25.75,0.0,24.4030497019
2012,7,7,34.0,20.5,0.0,27.25,0.0,25.6742648458
2012,7,8,34.5,19.5,0.0,27.0,0.0,24.9233651477
2012,7,9,35.5,21.0,0.0,28.25,0.0,25.2599566943
2012,7,10,34.0,21.5,0.0,27.75,0.0,27.0965838515
2012,7,11,34.5,22.0,0.0,28.25,0.0,26.3124548899
2012,7,12,35.0,21.5,0.0,28.25,0.0,26.3124548899
2012,7,13,34.0,20.5,0.0,27.25,0.0,25.6742648458
2012,7,14,32.5,19.0,0.0,25.75,0.0,25.623202187
2012,7,15,34.0,18.0,0.0,26.0,0.0,24.0423283445
2012,7,16,33.0,17.0,0.0,25.0,0.0,22.9696546261
2012,7,17,31.5,18.0,0.0,24.75,0.0,25.9073524781
2012,7,18,33.5,18.5,0.0,26.0,0.0,24.0423283445
2012,7,19,34.0,20.0,0.0,27.0,0.0,24.9233651477
2012,7,20,34.0,19.0,0.0,26.5,0.0,24.5054709923
2012,7,21,33.0,19.0,0.0,26.0,0.0,25.2444447617
2012,7,22,32.5,19.0,0.0,25.75,0.0,25.623202187
2012,7,23,32.0,18.5,0.0,25.25,0.0,25.1426930282
2012,7,24,32.0,18.0,0.0,25.0,0.0,25.5218384735
2012,7,25,32.5,17.5,5.0,25.0,0.5,24.2457465498
2012,7,26,33.5,20.5,0.0,27.0,0.0,26.0562453817
2012,7,27,34.5,20.5,0.0,27.5,0.0,25.2985057378
2012,7,28,33.0,18.0,0.0,25.5,0.0,24.769801051
2012,7,29,31.5,16.5,10.0,24.0,1.0,24.3929623942
2012,7,30,32.5,17.5,7.0,25.0,0.7,24.2457465498
2012,7,31,31.5,17.0,0.0,24.25,0.0,24.0281622691
2012,8,1,32.0,18.5,0.0,25.25,0.0,25.1426930282
2012,8,2,33.5,18.5,0.0,26.0,0.0,24.0423283445
2012,8,3,34.5,20.0,0.0,27.25,0.0,24.5579924612
2012,8,4,35.0,19.0,0.0,27.0,0.0,23.7904849137
2012,8,5,35.0,20.0,0.0,27.5,0.0,24.1985707057
2012,8,6,36.5,19.5,0.0,28.0,0.0,23.4971576679
2012,8,7,37.5,20.0,0.0,28.75,0.0,22.4870834688
2012,8,8,37.5,22.0,0.0,29.75,0.0,24.1076343987
2012,8,9,37.0,21.0,0.0,29.0,0.0,24.1758649973
2012,8,10,37.0,20.5,0.0,28.75,0.0,23.5092236265
2012,8,11,37.5,20.0,0.0,28.75,0.0,22.4870834688
2012,8,12,38.5,20.5,0.0,29.5,0.0,22.5035331995
2012,8,13,38.5,22.5,0.0,30.5,0.0,24.0063112001
2012,8,14,38.0,22.5,0.0,30.25,0.0,24.3558093698
2012,8,15,36.0,20.0,4.0,28.0,0.4,23.4971576679
2012,8,16,32.0,19.0,3.0,25.5,0.3,26.0082911036
2012,8,17,29.0,19.0,0.0,24.0,0.0,28.4584561266
2012,8,18,30.5,18.5,0.0,24.5,0.0,26.2993524327
2012,8,19,34.0,17.5,9.0,25.75,0.9,23.1828972168
2012,8,20,33.0,19.5,15.0,26.25,1.5,31.978163475
2012,8,21,32.5,20.5,0.0,26.5,0.0,36.1747428935
2012,8,22,30.0,18.5,0.0,24.25,0.0,38.7120392113
2012,8,23,28.5,19.0,8.0,23.75,0.8,59.1582764962
2012,8,24,29.0,16.5,0.0,22.75,0.0,39.4676898088
2012,8,25,31.5,16.5,0.0,24.0,0.0,31.1687852815
2012,8,26,32.5,18.5,6.0,25.5,0.6,45.8241319444
2012,8,27,33.5,19.5,0.0,26.5,0.0,37.3416700836
2012,8,28,33.0,20.5,0.0,26.75,0.0,42.5412494133
2012,8,29,34.0,16.5,0.0,25.25,0.0,28.9140969824
2012,8,30,34.5,17.0,0.0,25.75,0.0,29.2836596423
2012,8,31,34.5,18.0,0.0,26.25,0.0,31.978163475
2012,9,1,35.5,19.0,0.0,27.25,0.0,32.3718991535
2012,9,2,35.0,19.0,0.0,27.0,0.0,33.9864070196
2012,9,3,34.5,19.0,0.0,26.75,0.0,35.6426684273
2012,9,4,32.0,19.0,0.0,25.5,0.0,43.3471518393
2012,9,5,31.0,19.0,0.0,25.0,0.0,47.2154011759
2012,9,6,32.0,19.0,0.0,25.5,0.0,43.3471518393
2012,9,7,30.0,19.0,0.0,24.5,0.0,51.2837372438
2012,9,8,26.0,18.5,0.0,22.25,0.0,69.3215240855
2012,9,9,26.0,16.5,0.0,21.25,0.0,57.6782848973
2012,9,10,29.0,16.0,8.0,22.5,0.8,51.9465313302
2012,9,11,28.0,16.5,2.0,22.25,0.2,51.2376482371
2012,9,12,27.5,16.0,0.0,21.75,0.0,52.8282725584
2012,9,13,29.0,14.5,0.0,21.75,0.0,41.9518635023
2012,9,14,26.5,14.5,0.0,20.5,0.0,50.3384358737
2012,9,15,26.5,12.5,0.0,19.5,0.0,44.6310114663
2012,9,16,29.5,12.0,0.0,20.75,0.0,36.3496484394
2012,9,17,30.0,13.5,0.0,21.75,0.0,38.8443180577
2012,9,18,31.0,13.5,0.0,22.25,0.0,36.1677516968
2012,9,19,32.5,14.0,0.0,23.25,0.0,35.4511467663
2012,9,20,33.0,15.5,0.0,24.25,0.0,37.3771413075
2012,9,21,33.0,15.5,0.0,24.25,0.0,37.3771413075
2012,9,22,34.5,16.5,0.0,25.5,0.0,37.1547015765
2012,9,23,34.0,16.0,0.0,25.0,0.0,37.0066657865
2012,9,24,33.0,15.0,0.0,24.0,0.0,37.9446081688
2012,9,25,31.0,15.0,0.0,23.0,0.0,43.1916501214
2012,9,26,30.5,14.5,0.0,22.5,0.0,43.0414116736
2012,9,27,30.0,13.5,0.0,21.75,0.0,41.9518635023
2012,9,28,26.0,16.0,0.0,21.0,0.0,65.0800672978
2012,9,29,26.5,13.0,0.0,19.75,0.0,50.9739059567
2012,9,30,31.0,12.5,0.0,21.75,0.0,37.2905453354
2012,10,1,32.0,13.0,0.0,22.5,0.0,37.1046652358
2012,10,2,32.5,14.0,0.0,23.25,0.0,38.2872385076
2012,10,3,32.5,13.5,0.0,23.0,0.0,33.1135984264
2012,10,4,31.0,12.5,0.0,21.75,0.0,34.1829998907
2012,10,5,30.0,12.5,0.0,21.25,0.0,36.850015351
2012,10,6,29.0,11.0,0.0,20.0,0.0,36.3440999666
2012,10,7,28.5,12.0,0.0,20.25,0.0,40.8979987545
2012,10,8,29.5,11.0,0.0,20.25,0.0,35.7857489102
2012,10,9,29.5,11.5,0.0,20.5,0.0,38.5928008365
2012,10,10,29.0,10.0,0.0,19.5,0.0,35.7048091731
2012,10,11,27.0,12.5,0.0,19.75,0.0,49.2161850617
2012,10,12,24.0,11.5,5.0,17.75,0.5,63.7381131386
2012,10,13,22.5,5.5,0.0,14.0,0.0,43.0079875825
2012,10,14,25.5,7.5,0.0,16.5,0.0,40.9563154743
2012,10,15,28.5,11.0,0.0,19.75,0.0,43.9430223765
2012,10,16,28.5,9.5,0.0,19.0,0.0,40.5179692053
2012,10,17,28.5,9.5,0.0,19.0,0.0,40.5179692053
2012,10,18,27.5,12.5,0.0,20.0,0.0,51.9201428095
2012,10,19,29.0,10.5,0.0,19.75,0.0,42.1853014814
2012,10,20,29.0,11.5,0.0,20.25,0.0,44.3061653174
2012,10,21,27.5,11.0,0.0,19.25,0.0,47.1442158635
2012,10,22,26.5,8.5,0.0,17.5,0.0,44.5155649299
2012,10,23,27.0,9.0,0.0,18.0,0.0,43.1363777659
2012,10,24,26.0,10.5,0.0,18.25,0.0,50.1854510613
2012,10,25,25.0,5.0,0.0,15.0,0.0,37.9544020728
2012,10,26,24.0,6.0,0.0,15.0,0.0,42.6987023319
2012,10,27,24.5,7.5,0.0,16.0,0.0,46.7301223763
2012,10,28,25.5,7.0,0.0,16.25,0.0,39.422030359
2012,10,29,27.5,8.5,0.0,18.0,0.0,35.2933999903
2012,10,30,27.5,8.5,0.0,18.0,0.0,35.2933999903
2012,10,31,28.0,7.5,0.0,17.75,0.0,31.8690565693
2012,11,1,27.5,8.5,0.0,18.0,0.0,35.2933999903
2012,11,2,25.5,8.0,0.0,16.75,0.0,40.3119290239
2012,11,3,24.5,8.5,0.0,16.5,0.0,43.1119110256
2012,11,4,25.5,8.0,0.0,16.75,0.0,40.3119290239
2012,11,5,27.0,7.0,0.0,17.0,0.0,35.5020537266
2012,11,6,27.5,8.5,0.0,18.0,0.0,37.2541444342
2012,11,7,28.5,9.0,0.0,18.75,0.0,37.4142038091
2012,11,8,26.5,11.0,0.0,18.75,0.0,46.7677547613
2012,11,9,22.5,11.0,5.0,16.75,0.5,67.8937751982
2012,11,10,17.0,4.5,0.0,10.75,0.0,59.4399379907
2012,11,11,12.5,-1.5,0.0,5.5,0.0,57.9152747358
2012,11,12,14.0,1.0,0.0,7.5,0.0,58.3146486018
2012,11,13,18.5,3.5,0.0,11.0,0.0,52.3123865569
2012,11,14,21.0,4.0,0.0,12.5,0.0,44.6194744696
2012,11,15,21.5,4.5,0.0,13.0,0.0,43.1890570857
2012,11,16,22.0,7.0,0.0,14.5,0.0,48.9921919018
2012,11,17,21.0,7.5,0.0,14.25,0.0,54.766517331
2012,11,18,20.5,8.0,0.0,14.25,0.0,52.2771301796
2012,11,19,20.5,5.5,0.0,13.0,0.0,32.3917928143
2012,11,20,21.5,5.0,0.0,13.25,0.0,29.2139040773
2012,11,21,23.0,7.5,0.0,15.25,0.0,30.3477380349
2012,11,22,24.0,6.0,0.0,15.0,0.0,18.9772010364
2012,11,23,23.0,7.0,0.0,15.0,0.0,21.3493511659
2012,11,24,23.5,7.5,0.0,15.5,0.0,20.6765629291
2012,11,25,23.0,6.5,0.0,14.75,0.0,21.6948159633
2012,11,26,22.5,5.5,0.0,14.0,0.0,20.23905298
2012,11,27,22.5,5.0,0.0,13.75,0.0,20.5688572023
2012,11,28,22.5,5.5,0.0,14.0,0.0,20.23905298
2012,11,29,21.5,4.5,0.0,13.0,0.0,21.5945285428
2012,11,30,22.5,4.5,0.0,13.5,0.0,20.9046254311
2012,12,1,22.5,4.0,0.0,13.25,0.0,18.590666231
2012,12,2,22.0,4.0,0.0,13.0,0.0,18.895212475
2012,12,3,21.0,4.0,0.0,12.5,0.0,19.5210200804
2012,12,4,21.5,4.5,0.0,13.0,0.0,21.5945285428
2012,12,5,23.5,6.0,0.0,14.75,0.0,19.2842808563
2012,12,6,22.5,5.0,0.0,13.75,0.0,20.5688572023
2012,12,7,21.0,4.5,0.0,12.75,0.0,21.9489071261
2012,12,8,19.5,2.5,0.0,11.0,0.0,18.4631952554
2012,12,9,17.5,1.5,0.0,9.5,0.0,20.3944501536
2012,12,10,16.0,-1.5,0.0,7.25,0.0,19.7699535383
2012,12,11,14.5,-2.5,0.0,6.0,0.0,17.2202478554
2012,12,12,16.5,-1.0,0.0,7.75,0.0,19.1126213733
2012,12,13,18.0,2.0,0.0,10.0,0.0,19.7269252403
2012,12,14,13.0,1.5,21.0,7.25,2.1,43.4938977843
2012,12,15,8.5,2.5,0.0,5.5,0.0,80.1903804035
2012,12,16,9.5,1.0,0.0,5.25,0.0,63.4502044863
2012,12,17,11.5,-2.0,0.0,4.75,0.0,42.2180534807
2012,12,18,14.5,0.5,0.0,7.5,0.0,38.8764324012
2012,12,19,12.5,-2.0,5.0,5.25,0.5,45.321574633
2012,12,20,11.0,-3.5,0.0,3.75,0.0,40.21695288
2012,12,21,14.0,-0.5,0.0,6.75,0.0,40.9047300911
2012,12,22,16.5,2.0,0.0,9.25,0.0,41.475105521
2012,12,23,17.0,1.5,0.0,9.25,0.0,38.0188467276
2012,12,24,14.5,1.5,0.0,8.0,0.0,45.1033084676
2012,12,25,12.0,1.5,0.0,6.75,0.0,57.2666221275
2012,12,26,13.0,1.0,0.0,7.0,0.0,48.2591040134
2012,12,27,11.5,-3.0,0.0,4.25,0.0,43.7021533462
2012,12,28,9.0,-4.5,0.0,2.25,0.0,44.6595111622
2012,12,29,12.0,-3.0,0.0,4.5,0.0,38.1804673294
2012,12,30,13.0,-1.5,30.0,5.75,3.0,48.1726574069
2013,1,1,7.5,-7.0,0.0,0.25,0.0,51.447489065
2013,1,2,10.5,-4.0,0.0,3.25,0.0,52.051414397
2013,1,3,10.0,-4.5,0.0,2.75,0.0,48.5113334686
2013,1,4,9.0,-3.5,0.0,2.75,0.0,53.9014816318
2013,1,5,12.5,-5.5,0.0,3.5,0.0,40.9222034097
2013,1,6,13.0,-3.0,0.0,5.0,0.0,46.1077172133
2013,1,7,12.5,-3.0,0.0,4.75,0.0,46.9089483119
2013,1,8,14.5,-2.5,0.0,6.0,0.0,38.7455576747
2013,1,9,16.5,-2.0,0.0,7.25,0.0,35.5859163689
2013,1,10,17.0,-1.0,0.0,8.0,0.0,37.5860903897
2013,1,11,12.0,-4.0,0.0,4.0,0.0,44.4657339494
2013,1,12,4.0,-9.5,0.0,-2.75,0.0,55.8795545956
2013,1,13,4.0,-11.0,0.0,-3.5,0.0,50.594452473
2013,1,14,3.5,-11.0,0.0,-3.75,0.0,51.5305303641
2013,1,15,3.5,-13.0,0.0,-4.75,0.0,46.225180438
2013,1,16,9.0,-9.0,0.0,0.0,0.0,39.2798690671
2013,1,17,14.5,-2.0,0.0,6.25,0.0,42.3218062828
2013,1,18,17.5,-1.5,0.0,8.0,0.0,33.8274813507
2013,1,19,19.5,-1.5,0.0,9.0,0.0,31.6305768784
2013,1,20,21.0,0.5,0.0,10.75,0.0,31.2841778898
2013,1,21,22.0,3.0,0.0,12.5,0.0,33.4646058522
2013,1,22,22.0,2.5,0.0,12.25,0.0,31.1810776342
2013,1,23,22.5,2.5,0.0,12.5,0.0,30.6758886978
2013,1,24,19.0,5.5,1.0,12.25,0.1,45.3542947406
2013,1,25,19.5,6.5,4.0,13.0,0.4,56.6856374249
2013,1,26,17.0,7.0,8.0,12.0,0.8,72.0352150188
2013,1,27,15.5,7.0,0.0,11.25,0.0,75.6726768288
2013,1,28,12.5,3.5,2.0,8.0,0.2,71.4135717404
2013,1,29,8.5,-2.0,2.0,3.25,0.2,67.6668387161
2013,1,30,8.5,-4.5,0.0,2.0,0.0,56.8141318076
2013,1,31,13.5,-3.5,0.0,5.0,0.0,46.1077172133
2013,2,1,17.5,-1.0,0.0,8.25,0.0,40.6546062944
2013,2,2,20.5,-0.5,0.0,10.0,0.0,36.1660296071
2013,2,3,19.0,4.0,0.0,11.5,0.0,47.6403698349
2013,2,4,17.5,4.0,0.0,10.75,0.0,53.1831024127
2013,2,5,19.0,2.0,0.0,10.5,0.0,41.3475591912
2013,2,6,18.0,2.5,0.0,10.25,0.0,45.2719307864
2013,2,7,17.5,1.0,0.0,9.25,0.0,44.9313643145
2013,2,8,17.0,2.5,0.0,9.75,0.0,50.1440397682
2013,2,9,11.5,-1.5,5.0,5.0,0.5,59.9400323773
2013,2,10,9.0,-6.0,0.0,1.5,0.0,52.9670010148
2013,2,11,8.5,-5.5,0.0,1.5,0.0,52.9670010148
2013,2,12,8.0,-6.0,3.0,1.0,0.3,60.9712694924
2013,2,13,11.5,-6.0,0.0,2.75,0.0,43.1211853054
2013,2,14,15.0,-3.5,0.0,5.75,0.0,39.4139924238
2013,2,15,17.5,-1.0,0.0,8.25,0.0,40.6546062944
2013,2,16,18.5,0.5,0.0,9.5,0.0,40.7889003072
2013,2,17,19.5,0.0,0.0,9.75,0.0,36.77229583
2013,2,18,18.0,-0.5,0.0,8.75,0.0,39.3123059284
2013,2,19,17.5,1.5,0.0,9.5,0.0,44.1879753329
2013,2,20,11.5,-2.0,9.0,4.75,0.9,60.9816328055
2013,2,21,7.0,-5.5,0.0,0.75,0.0,62.0622424433
2013,2,22,8.5,-4.0,0.0,2.25,0.0,55.8243889528
2013,2,23,13.0,-4.0,0.0,4.5,0.0,33.4079089132
2013,2,24,10.5,-2.5,0.0,4.0,0.0,44.4657339494
2013,2,25,10.5,-6.0,0.0,2.25,0.0,39.0770722669
2013,2,26,14.0,-5.0,0.0,4.5,0.0,28.635350497
2013,2,27,15.0,-5.0,0.0,5.0,0.0,27.664630328
2013,2,28,15.5,-4.0,0.0,5.75,0.0,30.6553274407
2013,3,1,18.5,-1.0,0.0,8.75,0.0,28.5907679479
2013,3,2,23.0,2.5,0.0,12.75,0.0,24.6925205169
2013,3,3,23.5,5.0,0.0,14.25,0.0,27.3832586655
2013,3,4,21.5,7.0,0.0,14.25,0.0,37.3408072712
2013,3,5,21.0,3.0,0.0,12.0,0.0,28.8140860075
2013,3,6,23.5,6.5,0.0,15.0,0.0,26.093651425
2013,3,7,23.0,6.0,0.0,14.5,0.0,26.945705546
2013,3,8,19.0,5.0,0.0,12.0,0.0,34.576903209
2013,3,9,10.5,1.0,4.0,5.75,0.4,65.689987373
2013,3,10,13.0,1.5,0.0,7.25,0.0,47.4478884919
2013,3,11,17.5,1.0,0.0,9.25,0.0,31.1063291408
2013,3,12,22.5,3.5,0.0,13.0,0.0,24.2938446107
2013,3,13,25.5,8.0,0.0,16.75,0.0,25.4601656993
2013,3,14,27.5,9.5,0.0,18.5,0.0,24.7026200887
2013,3,15,29.0,10.0,0.0,19.5,0.0,21.4228855038
2013,3,16,27.5,7.0,0.0,17.25,0.0,20.5561119992
2013,3,17,25.0,8.0,0.0,16.5,0.0,25.8671466154
2013,3,18,23.0,7.0,0.0,15.0,0.0,28.4658015546
2013,3,19,23.5,7.5,0.0,15.5,0.0,27.5687505721
2013,3,20,23.5,7.0,0.0,15.25,0.0,25.6788552603
2013,3,21,23.0,9.0,0.0,16.0,0.0,22.2524392268
2013,3,22,22.5,10.0,0.0,16.25,0.0,24.0912407749
2013,3,23,20.5,6.5,0.0,13.5,0.0,23.51770361
2013,3,24,20.5,3.5,0.0,12.0,0.0,20.1698602053
2013,3,25,21.0,4.0,0.0,12.5,0.0,19.5210200804
2013,3,26,24.0,6.5,0.0,15.25,0.0,21.0099724857
2013,3,27,25.5,8.0,0.0,16.75,0.0,21.2168047494
2013,3,28,25.0,9.0,0.0,17.0,0.0,20.8835610156
2013,3,29,25.5,9.0,0.0,17.25,0.0,20.5561119992
2013,3,30,25.5,9.5,0.0,17.5,0.0,22.2577824649
2013,3,31,25.5,8.0,0.0,16.75,0.0,21.2168047494
2013,4,1,25.5,8.0,0.0,16.75,0.0,21.2168047494
2013,4,2,23.0,6.0,0.0,14.5,0.0,19.5968767607
2013,4,3,23.5,6.0,0.0,14.75,0.0,19.2842808563
2013,4,4,26.5,7.0,0.0,16.75,0.0,19.0951242745
2013,4,5,27.0,10.0,0.0,18.5,0.0,20.9022169982
2013,4,6,26.5,10.5,0.0,18.5,0.0,22.8024185435
2013,4,7,26.0,9.5,0.0,17.75,0.0,21.9099763914
2013,4,8,25.5,8.5,0.0,17.0,0.0,20.8835610156
2013,4,9,18.5,4.0,0.0,11.25,0.0,21.1883495121
2013,4,10,14.5,3.0,1.0,8.75,0.1,25.0169219544
2013,4,11,20.0,2.5,0.0,11.25,0.0,18.1614424389
2013,4,12,23.0,7.0,0.0,15.0,0.0,21.3493511659
2013,4,13,24.5,7.0,0.0,15.75,0.0,20.3490079317
2013,4,14,25.0,11.0,0.0,18.0,0.0,23.5289333269
2013,4,15,25.5,10.0,0.0,17.75,0.0,21.9099763914
2013,4,16,25.5,11.0,0.0,18.25,0.0,23.1625158744
2013,4,17,20.0,8.0,0.0,14.0,0.0,25.298816225
2013,4,18,17.0,1.0,0.0,9.0,0.0,21.0870512522
2013,4,19,21.0,2.5,0.0,11.75,0.0,17.5741767385
2013,4,20,24.0,5.0,0.0,14.5,0.0,19.5968767607
2013,4,21,27.0,8.0,0.0,17.5,0.0,20.2343476954
2013,4,22,28.5,8.5,0.0,18.5,0.0,19.0020154529
2013,4,23,28.5,10.5,0.0,19.5,0.0,21.4228855038
2013,4,24,28.5,9.5,0.0,19.0,0.0,20.2589846027
2013,4,25,27.0,12.0,0.0,19.5,0.0,23.2081259625
2013,4,26,26.5,6.5,0.0,16.5,0.0,19.4003599615
2013,4,27,28.0,9.0,0.0,18.5,0.0,19.0020154529
2013,4,28,29.5,10.5,0.0,20.0,0.0,20.7680571238
2013,4,29,31.0,12.0,0.0,21.5,0.0,20.5109777078
2013,4,30,31.0,14.0,0.0,22.5,0.0,22.2627991415
2013,5,1,30.0,12.0,0.0,21.0,0.0,21.1510218718
2013,5,2,27.5,11.0,0.0,19.25,0.0,21.7588688601
2013,5,3,26.0,8.5,0.0,17.25,0.0,20.5561119992
2013,5,4,27.5,11.0,0.0,19.25,0.0,21.7588688601
2013,5,5,28.5,14.5,0.0,21.5,0.0,23.6665127398
2013,5,6,26.0,10.0,0.0,18.0,0.0,21.568188883
2013,5,7,25.0,9.5,0.0,17.25,0.0,22.6117231991
2013,5,8,25.0,8.5,0.0,16.75,0.0,21.2168047494
2013,5,9,25.0,9.5,0.0,17.25,0.0,22.6117231991
2013,5,10,25.0,10.0,0.0,17.5,0.0,22.2577824649
2013,5,11,25.5,11.5,0.0,18.5,0.0,22.8024185435
2013,5,12,27.0,12.5,0.0,19.75,0.0,22.8503716358
2013,5,13,29.0,13.0,0.0,21.0,0.0,22.7780235542
2013,5,14,31.0,13.5,0.0,22.25,0.0,21.0978551564
2013,5,15,31.5,16.0,0.0,23.75,0.0,23.3881558241
2013,5,16,32.0,14.5,0.0,23.25,0.0,21.2706880598
2013,5,17,31.5,13.5,0.0,22.5,0.0,20.7786125321
2013,5,18,30.0,14.0,0.0,22.0,0.0,22.9527388216
2013,5,19,29.0,12.0,0.0,20.5,0.0,21.8133222119
2013,5,20,29.0,12.0,0.0,20.5,0.0,21.8133222119
2013,5,21,30.5,11.0,0.0,20.75,0.0,19.8270809669
2013,5,22,32.0,12.5,0.0,22.25,0.0,19.5908655024
2013,5,23,33.0,14.0,0.0,23.5,0.0,20.9509821329
2013,5,24,33.5,14.0,0.0,23.75,0.0,20.6366080801
2013,5,25,32.5,13.0,0.0,22.75,0.0,20.464728049
2013,5,26,31.5,13.0,0.0,22.25,0.0,21.0978551564
2013,5,27,32.0,12.5,0.0,22.25,0.0,19.5908655024
2013,5,28,31.5,12.5,0.0,22.0,0.0,19.8923736454
2013,5,29,30.5,14.5,0.0,22.5,0.0,22.2627991415
2013,5,30,30.5,15.5,0.0,23.0,0.0,23.0355467314
2013,5,31,33.0,16.0,0.0,24.5,0.0,22.3544495678
2013,6,1,35.0,15.5,0.0,25.25,0.0,20.1141544225
2013,6,2,37.0,17.5,0.0,27.25,0.0,21.2091753074
2013,6,3,36.0,17.5,0.0,26.75,0.0,21.8455064555
2013,6,4,35.0,16.5,0.0,25.75,0.0,21.9627447317
2013,6,5,35.0,16.0,0.0,25.5,0.0,21.0543308934
2013,6,6,35.5,16.0,0.0,25.75,0.0,20.7425922466
2013,6,7,37.5,18.5,0.0,28.0,0.0,21.3610524254
2013,6,8,37.0,19.0,0.0,28.0,0.0,22.4291050466
2013,6,9,36.5,20.0,0.0,28.25,0.0,23.1549603031
2013,6,10,37.0,18.0,0.0,27.5,0.0,21.9987006416
2013,6,11,38.0,19.0,0.0,28.5,0.0,21.7811060922
2013,6,12,38.5,19.5,0.0,29.0,0.0,22.1612095808
2013,6,13,37.5,22.0,0.0,29.75,0.0,24.1076343987
2013,6,14,36.0,20.0,0.0,28.0,0.0,23.4971576679
2013,6,15,35.5,19.0,0.0,27.25,0.0,23.4417200766
2013,6,16,35.0,17.5,0.0,26.25,0.0,22.503152075
2013,6,17,36.0,17.5,0.0,26.75,0.0,21.8455064555
2013,6,18,36.5,16.0,0.0,26.25,0.0,20.134399225
2013,6,19,37.0,16.5,0.0,26.75,0.0,20.6957429578
2013,6,20,36.5,16.5,0.0,26.5,0.0,21.004689422
2013,6,21,36.0,17.0,0.0,26.5,0.0,21.004689422
2013,6,22,35.5,17.0,0.0,26.25,0.0,21.31877565
2013,6,23,35.5,16.5,0.0,26.0,0.0,21.63809551
2013,6,24,35.0,18.5,0.0,26.75,0.0,22.9952699531
2013,6,25,35.0,17.0,0.0,26.0,0.0,21.63809551
2013,6,26,35.5,17.5,0.0,26.5,0.0,22.1716166121
2013,6,27,37.5,19.0,0.0,28.25,0.0,22.1024621075
2013,6,28,38.5,22.0,0.0,30.25,0.0,23.419047471
2013,6,29,38.5,23.0,0.0,30.75,0.0,24.5724831561
2013,6,30,39.5,24.0,7.0,31.75,0.7,24.9183276036
2013,7,1,37.5,20.5,19.0,29.0,1.9,23.168537289
2013,7,2,34.5,18.0,10.0,26.25,1.0,23.6875285
2013,7,3,35.0,18.5,14.0,26.75,1.4,22.9952699531
2013,7,4,35.5,19.5,10.0,27.5,1.0,25.2985057378
2013,7,5,34.0,20.5,0.0,27.25,0.0,27.9068096151
2013,7,6,35.5,18.5,0.0,27.0,0.0,22.6576046797
2013,7,7,37.5,20.0,0.0,28.75,0.0,22.4870834688
2013,7,8,36.0,21.5,6.0,28.75,0.6,35.7749055186
2013,7,9,34.5,20.0,0.0,27.25,0.0,27.9068096151
2013,7,10,33.0,19.5,7.0,26.25,0.7,41.453174875
2013,7,11,31.5,19.5,13.0,25.5,1.3,50.7780921546
2013,7,12,33.0,18.5,9.0,25.75,0.9,46.3657944336
2013,7,13,33.0,19.0,0.0,26.0,0.0,42.0740746028
2013,7,14,36.0,20.0,0.0,28.0,0.0,36.3137891231
2013,7,15,35.0,19.5,7.0,27.25,0.7,46.8834401533
2013,7,16,29.0,18.5,19.0,23.75,1.9,67.4129197282
2013,7,17,30.0,18.5,8.0,24.25,0.8,66.7448951919
2013,7,18,30.0,18.5,0.0,24.25,0.0,60.0704056727
2013,7,19,29.5,19.5,0.0,24.5,0.0,67.0633487034
2013,7,20,30.0,19.0,0.0,24.5,0.0,61.8034782169
2013,7,21,30.0,18.5,5.0,24.25,0.5,68.0797930957
2013,7,22,30.5,18.5,0.0,24.5,0.0,59.1735429736
2013,7,23,31.5,19.0,0.0,25.25,0.0,56.5710593134
2013,7,24,32.0,20.0,7.0,26.0,0.7,66.1164029473
2013,7,25,30.5,20.0,7.0,25.25,0.7,72.9138097817
2013,7,26,31.0,20.0,0.0,25.5,0.0,64.4014827327
2013,7,27,31.0,19.5,0.0,25.25,0.0,62.8567325704
2013,7,28,33.0,19.0,0.0,26.0,0.0,54.0952387751
2013,7,29,33.5,19.0,0.0,26.25,0.0,52.1125627
2013,7,30,34.5,18.5,0.0,26.5,0.0,47.8440147946
2013,7,31,35.0,21.0,0.0,28.0,0.0,54.4706836847
2013,8,1,30.5,20.0,0.0,25.25,0.0,66.6281365247
2013,8,2,31.0,19.0,0.0,25.0,0.0,59.9763204127
2013,8,3,33.0,17.5,0.0,25.25,0.0,49.0282514049
2013,8,4,33.0,20.0,0.0,26.5,0.0,57.1794323155
2013,8,5,31.0,17.5,11.0,24.25,1.1,62.7402014804
2013,8,6,28.5,16.5,5.0,22.5,0.5,69.7567706434
2013,8,7,29.5,15.0,9.0,22.25,0.9,61.7865758153
2013,8,8,32.0,16.0,0.0,24.0,0.0,52.8514185209
2013,8,9,34.0,16.0,0.0,25.0,0.0,47.2154011759
2013,8,10,34.0,18.0,0.0,26.0,0.0,52.8931223578
2013,8,11,33.0,19.0,0.0,26.0,0.0,58.9037044439
2013,8,12,34.0,18.5,0.0,26.25,0.0,54.48131555
2013,8,13,35.0,17.5,0.0,26.25,0.0,49.74380985
2013,8,14,35.5,19.5,0.0,27.5,0.0,53.8968165719
2013,8,15,35.0,18.0,0.0,26.5,0.0,51.3447963649
2013,8,16,36.0,18.5,0.0,27.25,0.0,50.2322573071
2013,8,17,37.5,20.5,0.0,29.0,0.0,52.3810408274
2013,8,18,36.5,20.5,0.0,28.5,0.0,54.9713629947
2013,8,19,36.0,20.0,0.0,28.0,0.0,55.5387363059
2013,8,20,35.5,20.0,0.0,27.75,0.0,56.3608944111
2013,8,21,33.5,19.5,0.0,26.5,0.0,60.6802138858
2013,8,22,33.5,18.5,0.0,26.0,0.0,57.7015880267
2013,8,23,33.5,16.5,0.0,25.0,0.0,52.3197688706
2013,8,24,30.0,17.0,13.0,23.5,1.3,67.0431428252
2013,8,25,29.0,17.5,13.0,23.25,1.3,70.9022935327
2013,8,26,31.5,18.5,4.0,25.0,0.4,67.6328719547
2013,8,27,32.5,18.0,0.0,25.25,0.0,64.1138672218
2013,8,28,31.0,19.5,0.0,25.25,0.0,71.6566751303
2013,8,29,28.5,17.5,13.0,23.0,1.3,71.9860835357
2013,8,30,28.0,18.0,15.0,23.0,1.5,74.8655268771
2013,8,31,30.5,17.0,0.0,23.75,0.0,66.0371458562
2013,9,1,33.0,17.5,0.0,25.25,0.0,62.8567325704
2013,9,2,34.0,17.5,0.0,25.75,0.0,61.0076242547
2013,9,3,34.0,18.5,0.0,26.25,0.0,62.771950525
2013,9,4,33.0,17.5,0.0,25.25,0.0,62.8567325704
2013,9,5,34.0,18.0,0.0,26.0,0.0,62.5100536956
2013,9,6,33.0,18.0,0.0,25.5,0.0,64.4014827327
2013,9,7,29.0,18.5,5.0,23.75,0.5,72.9160152162
2013,9,8,27.5,17.5,8.0,22.5,0.8,74.2093304717
2013,9,9,24.5,16.5,13.0,20.5,1.3,78.8635495355
2013,9,10,25.5,14.5,0.0,20.0,0.0,70.9575285063
2013,9,11,28.0,14.5,0.0,21.25,0.0,65.6891577997
2013,9,12,29.5,14.5,0.0,22.0,0.0,62.7374861125
2013,9,13,31.0,17.0,0.0,24.0,0.0,65.047899718
2013,9,14,31.0,18.0,0.0,24.5,0.0,68.3783163251
2013,9,15,31.5,18.0,0.0,24.75,0.0,67.3591164431
2013,9,16,32.0,20.0,0.0,26.0,0.0,69.722752199
2013,9,17,32.0,19.5,0.0,25.75,0.0,69.5486916504
2013,9,18,32.5,18.0,0.0,25.25,0.0,65.3710018732
2013,9,19,33.5,15.5,0.0,24.5,0.0,57.858575352
2013,9,20,32.5,16.5,0.0,24.5,0.0,61.8034782169
2013,9,21,31.5,15.5,0.0,23.5,0.0,61.4562142564
2013,9,22,30.0,16.5,0.0,23.25,0.0,66.6481559207
2013,9,23,29.5,10.0,0.0,19.75,0.0,54.4893477469
2013,9,24,30.5,10.5,0.0,20.5,0.0,53.6943315986
2013,9,25,31.0,12.0,0.0,21.5,0.0,55.2218630594
2013,9,26,29.5,12.5,0.0,21.0,0.0,58.572060568
2013,9,27,25.5,13.0,0.0,19.25,0.0,67.0898456518
2013,9,28,26.0,8.0,0.0,17.0,0.0,56.3856147422
2013,9,29,28.0,10.0,0.0,19.0,0.0,57.0935020621
2013,9,30,29.5,9.5,0.0,19.5,0.0,53.5572137596
2013,10,1,29.5,9.0,0.0,19.25,0.0,52.5839330785
2013,10,2,29.0,9.5,0.0,19.25,0.0,54.3971721501
2013,10,3,29.0,10.0,0.0,19.5,0.0,55.3424542182
2013,10,4,27.0,11.5,0.0,19.25,0.0,61.6501284368
2013,10,5,25.0,7.0,0.0,16.0,0.0,55.6310980671
2013,10,6,26.0,6.0,0.0,16.0,0.0,51.1806102217
2013,10,7,28.5,9.0,0.0,18.75,0.0,54.2505955232
2013,10,8,28.5,10.0,0.0,19.25,0.0,56.2104112218
2013,10,9,27.5,11.0,0.0,19.25,0.0,59.8368893652
2013,10,10,22.0,10.0,0.0,16.0,0.0,68.9825616032
2013,10,11,21.0,4.0,0.0,12.5,0.0,55.774343087
2013,10,12,25.5,5.5,0.0,15.5,0.0,50.5427093823
2013,10,13,27.0,9.5,0.0,18.25,0.0,57.9062896861
2013,10,14,26.0,9.5,0.0,17.75,0.0,59.7544810675
2013,10,15,25.0,7.0,0.0,16.0,0.0,53.4058541444
2013,10,16,23.5,4.5,0.0,14.0,0.0,50.59763245
2013,10,17,23.5,3.0,0.0,13.25,0.0,47.8045703084
2013,10,18,24.0,3.5,0.0,13.75,0.0,46.2799287051
2013,10,19,25.0,3.5,0.0,14.25,0.0,44.8089687254
2013,10,20,25.5,4.0,0.0,14.75,0.0,45.8001670336
2013,10,21,25.5,5.0,0.0,15.25,0.0,46.6888277461
2013,10,22,26.0,6.0,0.0,16.0,0.0,48.955366299
2013,10,23,27.5,8.0,0.0,17.75,0.0,49.7954008896
2013,10,24,28.0,9.5,0.0,18.75,0.0,50.5091751422
2013,10,25,27.0,7.5,0.0,17.25,0.0,47.2790575982
2013,10,26,26.0,6.0,0.0,16.0,0.0,46.7301223763
2013,10,27,26.5,9.0,0.0,17.75,0.0,53.7790329607
2013,10,28,24.5,8.0,0.0,16.25,0.0,56.9429327408
2013,10,29,23.5,9.0,0.0,16.25,0.0,63.5132711339
2013,10,30,20.0,5.0,0.0,12.5,0.0,61.3517773957
2013,10,31,19.5,0.5,0.0,10.0,0.0,49.3173131006
2013,11,1,22.0,1.5,0.0,11.75,0.0,46.8644713026
2013,11,2,24.0,5.0,0.0,14.5,0.0,51.4418014969
2013,11,3,23.5,8.0,0.0,15.75,0.0,61.047023795
2013,11,4,22.5,6.5,0.0,14.5,0.0,56.3410206871
2013,11,5,20.0,6.5,0.0,13.25,0.0,63.7394270778
2013,11,6,19.0,0.5,0.0,9.75,0.0,46.8011037836
2013,11,7,21.0,4.5,0.0,12.75,0.0,52.1286544245
2013,11,8,23.0,5.0,0.0,14.0,0.0,48.0677508275
2013,11,9,24.0,5.0,0.0,14.5,0.0,46.5425823067
2013,11,10,25.5,6.0,0.0,15.75,0.0,45.220017626
2013,11,11,26.0,8.5,0.0,17.25,0.0,51.3902799981
2013,11,12,24.0,8.5,0.0,16.25,0.0,56.9429327408
2013,11,13,21.0,8.5,0.0,14.75,0.0,67.4949829969
2013,11,14,22.0,5.5,0.0,13.75,0.0,53.993250156
2013,11,15,21.5,6.5,0.0,14.0,0.0,58.1872773175
2013,11,16,20.0,9.0,0.0,14.5,0.0,71.0386782576
2013,11,17,20.5,5.0,0.0,12.75,0.0,57.6158812061
2013,11,18,21.5,6.5,0.0,14.0,0.0,58.1872773175
2013,11,19,22.5,5.0,0.0,13.75,0.0,51.4221430057
2013,11,20,21.5,5.5,0.0,13.5,0.0,54.8746417567
2013,11,21,20.0,8.0,0.0,14.0,0.0,68.3068038075
2013,11,22,17.5,7.5,5.0,12.5,0.5,72.5066460131
2013,11,23,11.5,3.5,13.0,7.5,1.3,77.7528648024
2013,11,24,8.0,1.5,8.0,4.75,0.8,79.7452121302
2013,11,25,10.5,-2.5,0.0,4.0,0.0,64.2282823714
2013,11,26,12.5,0.5,0.0,6.5,0.0,66.5705631758
2013,11,27,12.0,2.5,0.0,7.25,0.0,71.1718327379
2013,11,28,15.0,0.5,0.0,7.75,0.0,53.5153398451
2013,11,29,18.5,2.0,0.0,10.25,0.0,42.0382214445
2013,11,30,19.5,4.5,0.0,12.0,0.0,46.102537612
2013,12,1,20.0,5.5,0.0,12.75,0.0,46.641427643
2013,12,2,19.5,1.5,0.0,10.5,0.0,38.1669777149
2013,12,3,20.0,3.0,0.0,11.5,0.0,41.6853236055
2013,12,4,17.5,5.5,0.0,11.5,0.0,56.5729391789
2013,12,5,12.0,0.5,5.0,6.25,0.5,67.7148900525
2013,12,6,8.5,-5.0,0.0,1.75,0.0,57.8232716738
2013,12,7,11.0,-4.0,0.0,3.5,0.0,51.1527542621
2013,12,8,11.0,-1.0,0.0,5.0,0.0,55.3292606559
2013,12,9,9.5,-2.5,0.0,3.5,0.0,46.0374788359
2013,12,10,11.5,-3.0,0.0,4.25,0.0,33.9905637137
2013,12,11,15.0,-0.5,0.0,7.25,0.0,31.6319256613
2013,12,12,16.0,2.5,0.0,9.25,0.0,34.5625879342
2013,12,13,14.5,-1.0,0.0,6.75,0.0,32.7237840728
2013,12,14,14.5,-2.5,0.0,6.0,0.0,30.135433747
2013,12,15,16.0,-1.0,0.0,7.5,0.0,27.2135026808
2013,12,16,19.5,1.5,0.0,10.5,0.0,25.4446518099
2013,12,17,22.0,2.5,0.0,12.25,0.0,22.6771473703
2013,12,18,21.5,4.5,0.0,13.0,0.0,26.9931606785
2013,12,19,18.0,3.0,0.0,10.5,0.0,31.8058147624
2013,12,20,12.5,1.5,13.0,7.0,1.3,56.3022880157
2013,12,21,7.5,1.5,3.0,4.5,0.3,81.1334930749
2013,12,22,9.5,-1.5,0.0,4.0,0.0,59.2876452659
2013,12,23,12.5,-1.5,0.0,5.5,0.0,49.0052324688
2013,12,24,15.5,-1.0,0.0,7.25,0.0,43.4938977843
2013,12,25,15.0,-1.5,0.0,6.75,0.0,40.9047300911
2013,12,26,14.5,0.5,0.0,7.5,0.0,50.5393621216
2013,12,27,14.0,-0.5,0.0,6.75,0.0,49.0856761093
2013,12,28,15.0,-1.0,0.0,7.0,0.0,44.2375120123
2013,12,29,14.5,-0.5,0.0,7.0,0.0,44.2375120123
2013,12,30,15.5,-1.5,0.0,7.0,0.0,40.2159200112
2013,12,31,17.0,-1.0,0.0,8.0,0.0,37.5860903897
2014,1,1,18.0,0.0,0.0,9.0,0.0,52.7176281306
2014,1,2,17.5,2.5,0.0,10.0,0.0,59.1807757208
2014,1,3,19.0,1.0,0.0,10.0,0.0,52.605133974
2014,1,4,17.0,0.5,0.0,8.75,0.0,57.1815358958
2014,1,5,15.0,-1.0,0.0,7.0,0.0,56.3022880157
2014,1,6,15.0,-3.5,0.0,5.75,0.0,52.5519898984
2014,1,7,15.5,-2.0,0.0,6.75,0.0,53.1761491184
2014,1,8,16.5,0.0,0.0,8.25,0.0,51.7422261929
2014,1,9,16.0,-1.0,0.0,7.5,0.0,50.5393621216
2014,1,10,15.0,-2.0,0.0,6.5,0.0,49.9279223819
2014,1,11,17.5,-1.0,0.0,8.25,0.0,44.3504795939
2014,1,12,18.5,0.5,0.0,9.5,0.0,44.1879753329
2014,1,13,17.0,-1.5,0.0,7.75,0.0,45.8702912958
2014,1,14,17.5,-2.0,0.0,7.75,0.0,42.0477670212
2014,1,15,19.5,-1.0,0.0,9.25,0.0,38.0188467276
2014,1,16,19.5,-0.5,0.0,9.5,0.0,40.7889003072
2014,1,17,20.0,-0.5,0.0,9.75,0.0,40.1152318145
2014,1,18,20.5,0.0,0.0,10.25,0.0,32.3370934188
2014,1,19,20.5,1.0,0.0,10.75,0.0,34.4125956788
2014,1,20,20.5,1.0,0.0,10.75,0.0,34.4125956788
2014,1,21,20.5,1.5,0.0,11.0,0.0,33.8491913015
2014,1,22,20.5,2.5,0.0,11.5,0.0,35.7302773762
2014,1,23,20.0,1.0,0.0,10.5,0.0,34.9863962387
2014,1,24,16.5,3.0,0.0,9.75,0.0,50.1440397682
2014,1,25,16.5,5.0,0.0,10.75,0.0,56.3115202017
2014,1,26,19.0,3.0,0.0,11.0,0.0,40.00358972
2014,1,27,17.5,4.5,0.0,11.0,0.0,49.2351873476
2014,1,28,18.5,0.0,0.0,9.25,0.0,34.5625879342
2014,1,29,19.5,-0.5,0.0,9.5,0.0,30.5916752304
2014,1,30,21.0,2.5,0.0,11.75,0.0,32.2193240205
2014,1,31,19.5,5.0,0.0,12.25,0.0,42.5196513194
2014,2,1,14.0,5.0,0.0,9.5,0.0,67.9815005121
2014,2,2,12.5,-2.5,0.0,5.0,0.0,41.496945492
2014,2,3,12.5,-3.0,0.0,4.75,0.0,42.2180534807
2014,2,4,11.0,-4.0,0.0,3.5,0.0,46.0374788359
2014,2,5,12.5,-2.5,0.0,5.0,0.0,41.496945492
2014,2,6,11.5,-2.0,0.0,4.75,0.0,46.9089483119
2014,2,7,13.0,0.0,0.0,6.5,0.0,49.9279223819
2014,2,8,16.5,0.0,0.0,8.25,0.0,36.9587329949
2014,2,9,20.5,1.5,0.0,11.0,0.0,30.7719920923
2014,2,10,21.5,3.0,0.0,12.25,0.0,31.1810776342
2014,2,11,20.0,2.0,0.0,11.0,0.0,30.7719920923
2014,2,12,21.0,0.5,0.0,10.75,0.0,25.0273423119
2014,2,13,23.5,2.5,0.0,13.0,0.0,24.2938446107
2014,2,14,26.0,4.5,0.0,15.25,0.0,23.344413873
2014,2,15,27.5,5.0,0.0,16.25,0.0,21.9011279772
2014,2,16,26.5,6.0,0.0,16.25,0.0,24.0912407749
2014,2,17,25.5,6.5,0.0,16.0,0.0,26.7029270722
2014,2,18,25.0,5.0,0.0,15.0,0.0,23.7215012955
2014,2,19,23.0,5.0,0.0,14.0,0.0,27.8286978475
2014,2,20,21.0,2.5,0.0,11.75,0.0,26.3612651077
2014,2,21,21.5,1.5,0.0,11.5,0.0,23.8201849174
2014,2,22,22.0,1.5,0.0,11.75,0.0,23.4322356513
2014,2,23,22.5,5.5,0.0,14.0,0.0,30.35857947
2014,2,24,22.5,7.0,0.0,14.75,0.0,33.7474914985
2014,2,25,22.0,6.5,0.0,14.25,0.0,32.3620329683
2014,2,26,21.5,5.5,0.0,13.5,0.0,31.3569381467
2014,2,27,21.5,5.0,0.0,13.25,0.0,29.2139040773
2014,2,28,23.0,5.0,0.0,14.0,0.0,25.298816225
2014,3,1,19.0,6.0,25.0,12.5,2.5,50.1969087783
2014,3,2,15.0,3.5,16.0,9.25,1.6,65.668917075
2014,3,3,17.5,5.0,0.0,11.25,0.0,60.538141463
2014,3,4,19.5,5.5,0.0,12.5,0.0,52.9856259326
2014,3,5,21.0,4.0,0.0,12.5,0.0,41.8307573152
2014,3,6,23.5,6.0,0.0,14.75,0.0,40.9790968196
2014,3,7,22.5,5.0,0.0,13.75,0.0,41.1377144046
2014,3,8,20.0,4.5,0.0,12.25,0.0,45.3542947406
2014,3,9,18.0,4.0,0.0,11.0,0.0,52.3123865569
2014,3,10,20.5,3.0,0.0,11.75,0.0,41.0064123897
2014,3,11,21.5,4.0,0.0,12.75,0.0,41.1542008615
2014,3,12,20.0,4.0,0.0,12.0,0.0,43.2211290113
2014,3,13,21.5,7.5,0.0,14.5,0.0,48.9921919018
2014,3,14,19.5,5.0,0.0,12.25,0.0,45.3542947406
2014,3,15,19.5,3.0,0.0,11.25,0.0,39.349791951
2014,3,16,19.5,3.0,0.0,11.25,0.0,39.349791951
2014,3,17,22.0,3.0,0.0,12.5,0.0,33.4646058522
2014,3,18,23.0,6.0,0.0,14.5,0.0,31.8449247362
2014,3,19,23.0,3.0,0.0,13.0,0.0,21.5945285428
2014,3,20,24.0,4.0,0.0,14.0,0.0,17.7091713575
2014,3,21,23.5,5.5,0.0,14.5,0.0,19.5968767607
2014,3,22,23.5,5.5,0.0,14.5,0.0,19.5968767607
2014,3,23,23.5,4.5,0.0,14.0,0.0,20.23905298
2014,3,24,24.5,6.0,0.0,15.25,0.0,18.6755310984
2014,3,25,24.5,6.0,0.0,15.25,0.0,18.6755310984
2014,3,26,23.0,5.5,0.0,14.25,0.0,19.9150972113
2014,3,27,20.5,5.5,0.0,13.0,0.0,21.5945285428
2014,3,28,20.5,3.0,0.0,11.75,0.0,20.5032061949
2014,3,29,24.0,3.5,0.0,13.75,0.0,17.997750052
2014,3,30,24.5,7.0,0.0,15.75,0.0,20.3490079317
2014,3,31,23.5,3.5,0.0,13.5,0.0,18.2915472522
2014,4,1,23.5,6.5,0.0,15.0,0.0,21.3493511659
2014,4,2,19.5,4.0,0.0,11.75,0.0,20.5032061949
2014,4,3,18.0,1.5,0.0,9.75,0.0,20.0576159073
2014,4,4,20.5,2.0,0.0,11.25,0.0,18.1614424389
2014,4,5,20.0,5.0,0.0,12.5,0.0,22.3097372348
2014,4,6,19.0,2.5,0.0,10.75,0.0,18.7705067339
2014,4,7,22.5,5.0,0.0,13.75,0.0,20.5688572023
2014,4,8,27.0,6.0,0.0,16.5,0.0,17.2447644102
2014,4,9,29.0,7.5,0.0,18.25,0.0,17.3718869058
2014,4,10,30.0,9.0,0.0,19.5,0.0,17.8524045865
2014,4,11,29.5,10.5,0.0,20.0,0.0,20.7680571238
2014,4,12,27.0,12.5,0.0,19.75,0.0,22.8503716358
2014,4,13,26.0,6.0,0.0,16.0,0.0,17.8019513815
2014,4,14,24.5,7.5,0.0,16.0,0.0,20.0271953041
2014,4,15,25.5,6.0,0.0,15.75,0.0,18.0880070504
2014,4,16,27.0,6.5,0.0,16.75,0.0,19.0951242745
2014,4,17,28.0,8.0,0.0,18.0,0.0,19.607444439
2014,4,18,24.0,10.5,0.0,17.25,0.0,24.6673343991
2014,4,19,22.5,8.5,0.0,15.5,0.0,22.9739588101
2014,4,20,24.5,7.0,0.0,15.75,0.0,20.3490079317
2014,4,21,28.0,9.0,0.0,18.5,0.0,19.0020154529
2014,4,22,30.0,10.5,0.0,20.25,0.0,20.4489993773
2014,4,23,27.5,11.0,0.0,19.25,0.0,21.7588688601
2014,4,24,27.0,6.0,0.0,16.5,0.0,17.2447644102
2014,4,25,28.0,9.0,0.0,18.5,0.0,19.0020154529
2014,4,26,22.5,9.5,0.0,16.0,0.0,24.4776831495
2014,4,27,21.0,3.5,0.0,12.25,0.0,19.842503949
2014,4,28,22.5,5.0,0.0,13.75,0.0,20.5688572023
2014,4,29,23.5,7.0,0.0,15.25,0.0,21.0099724857
2014,4,30,23.5,5.0,0.0,14.25,0.0,19.9150972113
2014,5,1,23.5,10.0,0.0,16.75,0.0,23.3384852244
2014,5,2,26.5,7.0,0.0,16.75,0.0,19.0951242745
2014,5,3,29.5,9.5,0.0,19.5,0.0,19.6376450452
2014,5,4,31.5,10.5,0.0,21.0,0.0,19.5240201893
2014,5,5,29.5,12.5,0.0,21.0,0.0,21.1510218718
2014,5,6,28.0,10.0,0.0,19.0,0.0,20.2589846027
2014,5,7,23.0,8.5,0.0,15.75,0.0,22.610008813
2014,5,8,22.0,5.0,0.0,13.5,0.0,20.9046254311
2014,5,9,25.0,6.0,0.0,15.5,0.0,18.3791670481
2014,5,10,28.0,9.0,0.0,18.5,0.0,19.0020154529
2014,5,11,25.5,12.5,0.0,19.0,0.0,23.9424363486
2014,5,12,24.5,4.5,0.0,14.5,0.0,19.5968767607
2014,5,13,25.0,6.5,0.0,15.75,0.0,20.3490079317
2014,5,14,25.0,10.0,0.0,17.5,0.0,22.2577824649
2014,5,15,28.5,9.0,0.0,18.75,0.0,18.7071019045
2014,5,16,32.5,11.0,0.0,21.75,0.0,18.6452726677
2014,5,17,33.5,12.5,0.0,23.0,0.0,18.7163817193
2014,5,18,33.0,12.5,0.0,22.75,0.0,19.0029617598
2014,5,19,32.5,12.0,0.0,22.25,0.0,19.5908655024
2014,5,20,31.5,12.0,0.0,21.75,0.0,20.19904539
2014,5,21,30.5,11.5,0.0,21.0,0.0,19.5240201893
2014,5,22,29.5,11.0,0.0,20.25,0.0,20.4489993773
2014,5,23,27.5,11.0,0.0,19.25,0.0,21.7588688601
2014,5,24,26.0,7.5,0.0,16.75,0.0,19.0951242745
2014,5,25,26.0,11.0,0.0,18.5,0.0,22.8024185435
2014,5,26,30.0,11.5,0.0,20.75,0.0,19.8270809669
2014,5,27,34.5,14.0,0.0,24.25,0.0,20.0234685576
2014,5,28,36.0,16.0,0.0,26.0,0.0,20.4359790928
2014,5,29,32.5,18.5,0.0,25.5,0.0,24.769801051
2014,5,30,32.5,14.0,0.0,23.25,0.0,21.2706880598
2014,5,31,35.5,16.5,0.0,26.0,0.0,21.63809551
2014,6,1,36.0,15.5,0.0,25.75,0.0,19.5224397615
2014,6,2,37.5,15.0,0.0,26.25,0.0,18.9500228
2014,6,3,38.0,17.0,0.0,27.5,0.0,19.7988305774
2014,6,4,37.5,16.0,0.0,26.75,0.0,19.5459794601
2014,6,5,37.0,15.5,0.0,26.25,0.0,18.9500228
2014,6,6,36.5,14.0,0.0,25.25,0.0,18.8570197711
2014,6,7,36.0,14.0,0.0,25.0,0.0,19.1413788551
2014,6,8,35.0,15.5,0.0,25.25,0.0,20.1141544225
2014,6,9,36.0,16.5,0.0,26.25,0.0,21.31877565
2014,6,10,37.0,16.5,0.0,26.75,0.0,20.6957429578
2014,6,11,36.0,19.0,0.0,27.5,0.0,23.0986356737
2014,6,12,36.0,18.0,0.0,27.0,0.0,22.6576046797
2014,6,13,36.0,19.5,0.0,27.75,0.0,23.8449937893
2014,6,14,35.0,20.0,0.0,27.5,0.0,24.1985707057
2014,6,15,34.0,16.0,0.0,25.0,0.0,21.6935627025
2014,6,16,34.0,18.0,0.0,26.0,0.0,24.0423283445
2014,6,17,33.5,20.0,0.0,26.75,0.0,25.2947969484
2014,6,18,33.0,18.0,0.0,25.5,0.0,24.769801051
2014,6,19,33.5,15.0,0.0,24.25,0.0,21.3583664614
2014,6,20,35.5,16.0,0.0,25.75,0.0,20.7425922466
2014,6,21,36.5,18.0,0.0,27.25,0.0,22.325447692
2014,6,22,36.0,18.5,0.0,27.25,0.0,22.325447692
2014,6,23,36.0,18.5,0.0,27.25,0.0,22.325447692
2014,6,24,35.5,18.0,0.0,26.75,0.0,22.9952699531
2014,6,25,35.5,18.5,0.0,27.0,0.0,22.6576046797
2014,6,26,36.0,20.0,0.0,28.0,0.0,23.4971576679
2014,6,27,35.0,19.0,0.0,27.0,0.0,23.7904849137
2014,6,28,35.5,17.5,0.0,26.5,0.0,22.1716166121
2014,6,29,36.5,18.5,0.0,27.5,0.0,21.9987006416
2014,6,30,37.0,19.5,0.0,28.25,0.0,23.1549603031
2014,7,1,37.0,19.5,0.0,28.25,0.0,23.1549603031
2014,7,2,37.0,19.5,0.0,28.25,0.0,23.1549603031
2014,7,3,36.5,20.0,0.0,28.25,0.0,23.1549603031
2014,7,4,33.5,19.5,0.0,26.5,0.0,25.6723981825
2014,7,5,33.5,19.0,0.0,26.25,0.0,24.871904925
2014,7,6,32.0,20.0,0.0,26.0,0.0,26.4465611789
2014,7,7,31.5,19.0,22.0,25.25,2.2,26.3998276796
2014,7,8,32.5,17.5,0.0,25.0,0.0,24.2457465498
2014,7,9,33.0,17.5,22.0,25.25,2.2,23.8855583768
2014,7,10,33.5,18.5,0.0,26.0,0.0,24.0423283445
2014,7,11,34.0,18.5,0.0,26.25,0.0,23.6875285
2014,7,12,33.5,18.5,14.0,26.0,1.4,24.0423283445
2014,7,13,34.0,19.0,7.0,26.5,0.7,30.3401069429
2014,7,14,32.5,18.0,8.0,25.25,0.8,36.4569048909
2014,7,15,31.5,18.5,0.0,25.0,0.0,34.4544819392
2014,7,16,32.0,18.0,0.0,25.0,0.0,30.6262061682
2014,7,17,32.5,19.0,0.0,25.75,0.0,32.9441170976
2014,7,18,33.5,18.0,0.0,25.75,0.0,26.8433546721
2014,7,19,34.0,20.0,0.0,27.0,0.0,30.5877663176
2014,7,20,34.5,18.5,0.0,26.5,0.0,25.6723981825
2014,7,21,35.0,20.0,0.0,27.5,0.0,28.5983108341
2014,7,22,37.0,21.5,0.0,29.25,0.0,26.8043549735
2014,7,23,36.0,19.5,0.0,27.75,0.0,24.9288571433
2014,7,24,36.0,21.0,0.0,28.5,0.0,28.0042792614
2014,7,25,36.0,19.0,0.0,27.5,0.0,24.1985707057
2014,7,26,36.0,17.0,0.0,26.5,0.0,21.004689422
2014,7,27,35.5,18.0,6.0,26.75,0.6,33.343141432
2014,7,28,33.5,16.5,18.0,25.0,1.8,37.0066657865
2014,7,29,33.5,17.5,0.0,25.5,0.0,35.916211524
2014,7,30,34.5,20.0,0.0,27.25,0.0,40.1858058457
2014,7,31,34.0,18.5,0.0,26.25,0.0,37.9000456
2014,8,1,32.5,17.0,14.0,24.75,1.4,46.6332344606
2014,8,2,28.0,18.0,11.0,23.0,1.1,70.5463618649
2014,8,3,29.5,17.0,0.0,23.25,0.0,53.8857430848
2014,8,4,32.0,17.0,0.0,24.5,0.0,46.0238667573
2014,8,5,33.0,17.0,0.0,25.0,0.0,43.3871254049
2014,8,6,34.5,17.0,0.0,25.75,0.0,40.2650320081
2014,8,7,33.0,18.5,0.0,25.75,0.0,48.8060994038
2014,8,8,33.0,17.5,0.0,25.25,0.0,45.2568474507
2014,8,9,34.0,19.0,0.0,26.5,0.0,47.8440147946
2014,8,10,33.0,17.0,6.0,25.0,0.6,52.3197688706
2014,8,11,32.5,19.0,2.0,25.75,0.2,53.6867093442
2014,8,12,31.0,19.5,12.0,25.25,1.2,69.1424058275
2014,8,13,30.5,18.0,5.0,24.25,0.5,68.0797930957
2014,8,14,29.0,18.0,0.0,23.5,0.0,67.0431428252
2014,8,15,29.5,19.5,0.0,24.5,0.0,71.0082515683
2014,8,16,32.5,19.5,11.0,26.0,1.1,67.3185193645
2014,8,17,33.5,18.5,62.0,26.0,6.2,62.5100536956
2014,8,18,32.0,17.0,6.0,24.5,0.6,63.1184458385
2014,8,19,28.5,17.5,15.0,23.0,1.5,71.9860835357
2014,8,20,28.5,16.0,23.0,22.25,2.3,67.8145344314
2014,8,21,27.5,16.5,3.0,22.0,0.3,71.9185816411
2014,8,22,28.5,16.0,0.0,22.25,0.0,67.8145344314
2014,8,23,29.5,16.0,0.0,22.75,0.0,65.7794830147
2014,8,24,31.0,16.0,0.0,23.5,0.0,62.8529463986
2014,8,25,30.5,16.5,0.0,23.5,0.0,65.646410683
2014,8,26,29.0,17.5,13.0,23.25,1.3,70.9022935327
2014,8,27,30.0,17.0,0.0,23.5,0.0,67.0431428252
2014,8,28,32.0,16.5,0.0,24.25,0.0,62.7402014804
2014,8,29,33.0,16.0,0.0,24.5,0.0,59.1735429736
2014,8,30,34.0,16.5,0.0,25.25,0.0,59.0853286162
2014,8,31,34.5,17.0,0.0,25.75,0.0,58.5673192846
2014,9,1,34.5,16.0,0.0,25.25,0.0,56.5710593134
2014,9,2,35.0,16.0,0.0,25.5,0.0,55.7320523648
2014,9,3,34.0,17.0,0.0,25.5,0.0,59.4475225225
2014,9,4,34.0,18.0,9.0,26.0,0.9,62.5100536956
2014,9,5,31.5,17.5,5.0,24.5,0.5,65.7483810818
2014,9,6,31.0,18.0,0.0,24.5,0.0,68.3783163251
2014,9,7,29.5,18.0,0.0,23.75,0.0,71.5402413442
2014,9,8,26.5,18.0,8.0,22.25,0.8,78.3634620096
2014,9,9,27.0,16.5,13.0,21.75,1.3,73.0273179484
2014,9,10,29.0,15.0,0.0,22.0,0.0,65.7978512887
2014,9,11,31.5,15.5,0.0,23.5,0.0,61.4562142564
2014,9,12,32.0,16.0,0.0,24.0,0.0,60.9824059856
2014,9,13,29.5,16.5,0.0,23.0,0.0,67.6669185235
2014,9,14,30.0,16.5,0.0,23.25,0.0,66.6481559207
2014,9,15,30.0,17.5,0.0,23.75,0.0,68.7886936002
2014,9,16,26.5,17.5,6.0,22.0,0.6,76.5091294055
2014,9,17,23.0,18.0,19.0,20.5,1.9,87.2532888478
2014,9,18,23.5,16.5,15.0,20.0,1.5,81.3415570682
2014,9,19,27.0,16.5,0.0,21.75,0.0,73.0273179484
2014,9,20,28.0,17.0,0.0,22.5,0.0,71.2409572528
2014,9,21,29.0,17.5,0.0,23.25,0.0,70.9022935327
2014,9,22,29.5,16.5,0.0,23.0,0.0,67.6669185235
2014,9,23,30.5,16.5,0.0,23.5,0.0,65.646410683
2014,9,24,31.5,17.0,0.0,24.25,0.0,64.0750993842
2014,9,25,32.5,17.5,0.0,25.0,0.0,63.8045961837
2014,9,26,29.5,17.5,0.0,23.5,0.0,69.8366071096
2014,9,27,29.0,16.0,0.0,22.5,0.0,66.7883974245
2014,9,28,28.0,16.0,0.0,22.0,0.0,68.8582164649
2014,9,29,27.5,14.0,0.0,20.75,0.0,66.0902698898
2014,9,30,27.0,9.5,0.0,18.25,0.0,57.9062896861
2014,10,1,27.5,9.0,0.0,18.25,0.0,55.9760800299
2014,10,2,28.0,9.5,0.0,18.75,0.0,56.1213057136
2014,10,3,29.5,9.5,0.0,19.5,0.0,53.5572137596
2014,10,4,31.0,10.5,0.0,20.75,0.0,52.8722159118
2014,10,5,29.5,11.5,0.0,20.5,0.0,57.0502273236
2014,10,6,28.0,11.0,0.0,19.5,0.0,58.9129351355
2014,10,7,29.0,12.5,0.0,20.75,0.0,59.4812429008
2014,10,8,25.0,13.5,14.0,19.25,1.4,70.7163237952
2014,10,9,22.0,12.5,15.0,17.25,1.5,74.0020031972
2014,10,10,24.0,10.0,0.0,17.0,0.0,64.7390391484
2014,10,11,26.5,11.0,0.0,18.75,0.0,61.733436285
2014,10,12,26.0,11.0,0.0,18.5,0.0,62.7066509945
2014,10,13,25.5,9.0,0.0,17.25,0.0,59.6127247978
2014,10,14,26.5,8.5,0.0,17.5,0.0,56.6561735471
2014,10,15,28.5,10.5,0.0,19.5,0.0,57.1276946769
2014,10,16,28.5,11.5,0.0,20.0,0.0,58.8428285174
2014,10,17,26.5,11.0,0.0,18.75,0.0,61.733436285
2014,10,18,27.5,9.5,0.0,18.5,0.0,57.0060463587
2014,10,19,26.5,11.5,14.0,19.0,1.4,62.618679681
2014,10,20,25.0,10.0,0.0,17.5,0.0,62.7264778558
2014,10,21,24.5,10.5,0.0,17.5,0.0,64.7499126253
2014,10,22,26.0,10.5,0.0,18.25,0.0,61.7667089985
2014,10,23,27.5,10.5,0.0,19.0,0.0,58.935227935
2014,10,24,29.0,11.0,0.0,20.0,0.0,57.1121570904
2014,10,25,29.5,11.5,0.0,20.5,0.0,57.0502273236
2014,10,26,29.0,13.0,0.0,21.0,0.0,60.1990622505
2014,10,27,27.0,11.5,0.0,19.25,0.0,61.6501284368
2014,10,28,25.5,8.0,0.0,16.75,0.0,57.2853728235
2014,10,29,27.0,8.0,0.0,17.5,0.0,54.6327387776
2014,10,30,28.0,9.5,0.0,18.75,0.0,56.1213057136
2014,10,31,27.5,11.5,0.0,19.5,0.0,60.6981755942
2014,11,1,27.0,12.5,0.0,19.75,0.0,63.2779522222
2014,11,2,21.0,9.0,0.0,15.0,0.0,68.7923537569
2014,11,3,18.5,2.0,0.0,10.25,0.0,58.2067681539
2014,11,4,18.5,1.0,0.0,9.75,0.0,53.4869757527
2014,11,5,19.5,4.5,0.0,12.0,0.0,60.5095806158
2014,11,6,20.5,7.5,0.0,14.0,0.0,65.776922185
2014,11,7,23.0,5.5,0.0,14.25,0.0,57.2559044825
2014,11,8,23.5,5.0,0.0,14.25,0.0,54.766517331
2014,11,9,24.0,6.5,0.0,15.25,0.0,56.0265932953
2014,11,10,23.5,5.5,0.0,14.5,0.0,56.3410206871
2014,11,11,23.0,5.5,0.0,14.25,0.0,57.2559044825
2014,11,12,22.5,7.0,0.0,14.75,0.0,60.2633776758
2014,11,13,22.0,6.0,0.0,14.0,0.0,58.1872773175
2014,11,14,21.5,4.5,0.0,13.0,0.0,56.6856374249
2014,11,15,21.0,3.5,0.0,12.25,0.0,56.6928684258
2014,11,16,17.5,2.5,0.0,10.0,0.0,59.1807757208
2014,11,17,15.0,-2.5,0.0,6.25,0.0,55.0183481677
2014,11,18,16.5,-0.5,0.0,8.0,0.0,56.3791355845
2014,11,19,18.5,0.0,0.0,9.25,0.0,51.8438819013
2014,11,20,17.5,-0.5,0.0,8.5,0.0,54.5144002323
2014,11,21,17.0,0.5,0.0,8.75,0.0,57.1815358958
2014,11,22,18.0,-1.0,0.0,8.5,0.0,50.8801068835
2014,11,23,16.5,-0.5,0.0,8.0,0.0,56.3791355845
2014,11,24,15.0,-4.5,0.0,5.25,0.0,49.8537320964
2014,11,25,15.0,-3.5,0.0,5.75,0.0,52.5519898984
2014,11,26,20.0,-1.5,0.0,9.25,0.0,48.3876231079
2014,11,27,22.5,2.0,0.0,12.25,0.0,51.0235815832
2014,11,28,24.0,3.5,0.0,13.75,0.0,51.4221430057
2014,11,29,23.5,2.5,0.0,13.0,0.0,48.5876892214
2014,11,30,22.0,1.5,0.0,11.75,0.0,49.793500759
2014,12,1,20.5,0.0,0.0,10.25,0.0,48.5056401283
2014,12,2,19.0,4.0,0.0,11.5,0.0,59.5504622936
2014,12,3,21.0,6.5,0.0,13.75,0.0,61.7065716069
2014,12,4,16.5,6.0,8.0,11.25,0.8,69.6188626825
2014,12,5,18.5,1.5,0.0,10.0,0.0,55.8929548474
2014,12,6,15.5,4.5,0.0,10.0,0.0,69.0442383409
2014,12,7,19.0,3.0,0.0,11.0,0.0,58.4667849753
2014,12,8,19.5,6.5,0.0,13.0,0.0,64.7835856285
2014,12,9,21.5,7.0,0.0,14.25,0.0,62.2346787853
2014,12,10,21.5,5.5,0.0,13.5,0.0,60.1007981145
2014,12,11,21.0,3.5,0.0,12.25,0.0,56.6928684258
2014,12,12,21.0,4.0,0.0,12.5,0.0,55.774343087
2014,12,13,16.5,3.0,6.0,9.75,0.6,63.5157837063
2014,12,14,13.0,-1.5,0.0,5.75,0.0,61.3106548815
2014,12,15,15.5,-2.0,0.0,6.75,0.0,53.1761491184
2014,12,16,15.5,1.5,0.0,8.5,0.0,61.78298693
2014,12,17,11.5,3.0,11.0,7.25,1.1,75.1258234455
2014,12,18,9.5,1.0,9.0,5.25,0.9,72.5145194129
2014,12,19,12.0,-2.0,7.0,5.0,0.7,59.9400323773
2014,12,20,13.5,-1.5,0.0,6.0,0.0,60.270867494
2014,12,21,14.5,-1.0,0.0,6.75,0.0,57.2666221275
2014,12,22,15.5,0.5,0.0,8.0,0.0,60.1377446235
2014,12,23,13.0,-1.0,0.0,6.0,0.0,60.270867494
2014,12,24,14.0,-4.0,0.0,5.0,0.0,50.7184889346
2014,12,25,15.5,-0.5,0.0,7.5,0.0,58.3146486018
2014,12,26,10.5,-3.0,7.0,3.75,0.7,60.3254293201
2014,12,27,8.5,-7.5,0.0,0.5,0.0,56.8573061999
2014,12,28,10.5,-6.0,0.0,2.25,0.0,55.8243889528
2014,12,29,13.5,-4.5,0.0,4.5,0.0,52.4981425779
2014,12,30,16.0,-3.5,0.0,6.25,0.0,50.7861675394
2014,12,31,13.5,-2.0,0.0,5.75,0.0,56.9313223899
2015,1,1,7.0,-6.0,6.0,0.5,0.6,63.1747846666
2015,1,2,5.5,-6.0,0.0,-0.25,0.0,66.6465331261
2015,1,3,8.0,-7.0,0.0,0.5,0.0,56.8573061999
2015,1,4,13.5,-4.5,0.0,4.5,0.0,52.4981425779
2015,1,5,17.5,0.0,0.0,8.75,0.0,53.6076899023
2015,1,6,19.5,0.5,0.0,10.0,0.0,52.605133974
2015,1,7,20.0,1.0,0.0,10.5,0.0,50.8893036199
2015,1,8,14.5,3.0,0.0,8.75,0.0,67.9030738762
2015,1,9,12.5,2.5,6.0,7.5,0.6,69.9775783222
2015,1,10,14.5,1.5,0.0,8.0,0.0,63.8963536625
2015,1,11,16.0,2.0,0.0,9.0,0.0,63.2611537567
2015,1,12,15.5,4.0,5.0,9.75,0.5,66.8587196909
2015,1,13,15.0,2.5,3.0,8.75,0.3,64.3292278828
2015,1,14,13.0,1.5,8.0,7.25,0.8,67.2178420302
2015,1,15,14.0,-1.0,0.0,6.5,0.0,58.2492427789
2015,1,16,16.5,0.0,0.0,8.25,0.0,55.4380994924
2015,1,17,19.0,-1.0,0.0,9.0,0.0,49.2031195886
2015,1,18,21.0,0.5,0.0,10.75,0.0,50.0546846237
2015,1,19,21.5,1.5,0.0,11.5,0.0,50.6178929496
2015,1,20,21.5,1.5,0.0,11.5,0.0,50.6178929496
2015,1,21,18.5,2.0,0.0,10.25,0.0,58.2067681539
2015,1,22,13.0,-1.5,0.0,5.75,0.0,61.3106548815
2015,1,23,13.0,-2.5,0.0,5.25,0.0,58.918047023
2015,1,24,15.5,0.5,0.0,8.0,0.0,60.1377446235
2015,1,25,18.5,1.0,0.0,9.75,0.0,53.4869757527
2015,1,26,17.5,4.5,0.0,11.0,0.0,64.6211833938
2015,1,27,19.5,5.0,0.0,12.25,0.0,62.3621552684
2015,1,28,22.0,3.5,0.0,12.75,0.0,52.1286544245
2015,1,29,18.5,5.5,0.0,12.0,0.0,60.5095806158
2015,1,30,13.0,6.0,34.0,9.5,3.4,78.1787255889
2015,1,31,10.5,5.5,41.0,8.0,4.1,86.4480078963
2015,2,1,14.5,3.0,13.0,8.75,1.3,67.9030738762
2015,2,2,18.0,1.5,0.0,9.75,0.0,56.8299117373
2015,2,3,20.0,2.5,0.0,11.25,0.0,54.4843273167
2015,2,4,21.0,3.0,0.0,12.0,0.0,54.7467634143
2015,2,5,23.5,3.5,0.0,13.5,0.0,52.2615635778
2015,2,6,24.5,4.5,0.0,14.5,0.0,51.4418014969
2015,2,7,24.0,4.5,0.0,14.25,0.0,52.2771301796
2015,2,8,24.5,3.0,0.0,13.75,0.0,48.8510358554
2015,2,9,25.5,4.0,0.0,14.75,0.0,48.2107021407
2015,2,10,24.0,4.0,0.0,14.0,0.0,50.59763245
2015,2,11,21.0,2.5,0.0,11.75,0.0,52.7225302154
2015,2,12,17.5,4.5,0.0,11.0,0.0,64.6211833938
2015,2,13,19.5,5.0,0.0,12.25,0.0,62.3621552684
2015,2,14,21.0,7.0,0.0,14.0,0.0,63.2470405625
2015,2,15,19.5,7.5,0.0,13.5,0.0,67.9400326512
2015,2,16,20.0,4.5,0.0,12.25,0.0,59.5275118471
2015,2,17,19.5,4.5,0.0,12.0,0.0,60.5095806158
2015,2,18,21.5,2.0,0.0,11.75,0.0,52.7225302154
2015,2,19,24.0,3.0,0.0,13.5,0.0,49.6484853989
2015,2,20,21.5,4.5,0.0,13.0,0.0,56.6856374249
2015,2,21,21.0,5.0,0.0,13.0,0.0,59.3849534928
2015,2,22,21.0,7.5,0.0,14.25,0.0,64.7240659367
2015,2,23,19.5,7.5,0.0,13.5,0.0,67.9400326512
2015,2,24,14.0,2.0,8.0,8.0,0.8,67.6549627014
2015,2,25,16.0,-1.5,0.0,7.25,0.0,55.3558699072
2015,2,26,18.5,0.5,0.0,9.5,0.0,54.3852004097
2015,2,27,19.0,1.0,0.0,10.0,0.0,52.605133974
2015,2,28,18.0,6.5,0.0,12.25,0.0,68.031442111
2015,3,1,20.5,6.5,0.0,13.5,0.0,62.7138762934
2015,3,2,17.5,7.5,7.0,12.5,0.7,72.5066460131
2015,3,3,15.0,3.5,6.0,9.25,0.6,69.1251758684
2015,3,4,14.0,2.5,0.0,8.25,0.0,66.5257193909
2015,3,5,15.5,0.0,0.0,7.75,0.0,57.3378641198
2015,3,6,18.5,3.0,0.0,10.75,0.0,59.4399379907
2015,3,7,20.5,3.5,0.0,12.0,0.0,57.628172015
2015,3,8,21.5,3.0,0.0,12.25,0.0,53.8582250045
2015,3,9,21.5,3.5,0.0,12.5,0.0,55.774343087
2015,3,10,22.5,3.0,0.0,12.75,0.0,52.1286544245
2015,3,11,23.5,3.5,0.0,13.5,0.0,49.6484853989
2015,3,12,22.5,8.0,0.0,15.25,0.0,63.0299174572
2015,3,13,21.5,6.0,0.0,13.75,0.0,59.1354644566
2015,3,14,22.0,7.5,0.0,14.75,0.0,62.6739127829
2015,3,15,22.0,7.5,0.0,14.75,0.0,62.6739127829
2015,3,16,23.5,7.5,0.0,15.5,0.0,55.1375011443
2015,3,17,23.5,9.0,0.0,16.25,0.0,59.1330455385
2015,3,18,19.0,9.5,3.0,14.25,0.3,74.6816145423
2015,3,19,17.5,7.5,4.0,12.5,0.4,72.5066460131
2015,3,20,20.0,4.5,0.0,12.25,0.0,56.6928684258
2015,3,21,22.0,5.0,0.0,13.5,0.0,52.2615635778
2015,3,22,24.0,5.5,0.0,14.75,0.0,48.2107021407
2015,3,23,24.5,6.5,0.0,15.5,0.0,48.2453135012
2015,3,24,25.0,4.5,0.0,14.75,0.0,43.3896319266
2015,3,25,24.0,5.0,0.0,14.5,0.0,46.5425823067
2015,3,26,24.5,6.0,0.0,15.25,0.0,46.6888277461
2015,3,27,27.5,6.0,0.0,16.75,0.0,42.4336094989
2015,3,28,29.5,6.5,0.0,18.0,0.0,39.2148888781
2015,3,29,29.5,8.5,0.0,19.0,0.0,42.3596950783
2015,3,30,29.0,10.0,0.0,19.5,0.0,46.416251925
2015,3,31,28.0,11.0,0.0,19.5,0.0,51.7719733009
2015,4,1,27.0,9.5,0.0,18.25,0.0,50.1854510613
2015,4,2,26.5,6.5,0.0,16.5,0.0,43.1119110256
2015,4,3,25.5,6.0,0.0,15.75,0.0,45.220017626
2015,4,4,27.0,7.0,0.0,17.0,0.0,43.8554781328
2015,4,5,27.0,8.0,0.0,17.5,0.0,44.5155649299
2015,4,6,25.5,6.5,0.0,16.0,0.0,44.5048784537
2015,4,7,25.5,5.5,0.0,15.5,0.0,43.6505217392
2015,4,8,23.5,8.0,0.0,15.75,0.0,54.2640211512
2015,4,9,24.5,3.5,0.0,14.0,0.0,40.47810596
2015,4,10,25.5,5.0,0.0,15.25,0.0,39.6855035841
2015,4,11,26.0,6.0,0.0,16.0,0.0,42.279634531
2015,4,12,20.5,8.5,0.0,14.5,0.0,63.6898494723
2015,4,13,23.0,6.5,0.0,14.75,0.0,48.2107021407
2015,4,14,26.0,8.5,0.0,17.25,0.0,45.2234463983
2015,4,15,24.5,9.0,0.0,16.75,0.0,48.7986509237
2015,4,16,19.5,3.5,0.0,11.5,0.0,47.6403698349
2015,4,17,19.5,0.5,0.0,10.0,0.0,39.4538504805
2015,4,18,22.5,3.5,0.0,13.0,0.0,40.4897410178
2015,4,19,25.5,6.0,0.0,15.75,0.0,38.4370149821
2015,4,20,27.0,6.0,0.0,16.5,0.0,34.4895288205
2015,4,21,26.5,7.5,0.0,17.0,0.0,39.6787659297
2015,4,22,25.0,6.5,0.0,15.75,0.0,40.6980158634
2015,4,23,24.5,7.0,0.0,15.75,0.0,42.9590167447
2015,4,24,21.0,7.0,0.0,14.0,0.0,53.1275140725
2015,4,25,22.0,5.0,0.0,13.5,0.0,44.4223290411
2015,4,26,18.0,6.0,11.0,12.0,1.1,66.2723978173
2015,4,27,20.5,4.0,0.0,12.25,0.0,48.1889381619
2015,4,28,22.5,8.5,0.0,15.5,0.0,55.1375011443
2015,4,29,25.0,7.0,0.0,16.0,0.0,42.279634531
2015,4,30,29.0,8.0,0.0,18.5,0.0,36.1038293605
2015,5,1,31.0,10.5,0.0,20.75,0.0,28.0883647032
2015,5,2,30.0,11.5,0.0,20.75,0.0,19.8270809669
2015,5,3,28.5,11.5,0.0,20.0,0.0,20.7680571238
2015,5,4,25.5,11.5,1.0,18.5,0.1,22.8024185435
2015,5,5,23.0,8.0,3.0,15.5,0.3,22.9739588101
2015,5,6,25.0,9.0,0.0,17.0,0.0,20.8835610156
2015,5,7,25.5,8.5,0.0,17.0,0.0,20.8835610156
2015,5,8,23.0,8.0,0.0,15.5,0.0,22.9739588101
2015,5,9,21.0,5.5,0.0,13.25,0.0,21.2464756926
2015,5,10,22.5,2.5,0.0,12.5,0.0,16.7323029261
2015,5,11,26.5,5.5,0.0,16.0,0.0,17.8019513815
2015,5,12,24.0,9.0,0.0,16.5,0.0,21.5559555128
2015,5,13,25.5,7.5,0.0,16.5,0.0,19.4003599615
2015,5,14,26.5,12.0,0.0,19.25,0.0,23.5721079317
2015,5,15,21.5,11.5,0.0,16.5,0.0,30.1783377179
2015,5,16,20.0,7.5,2.0,13.75,0.2,23.1399643526
2015,5,17,24.0,8.5,0.0,16.25,0.0,21.9011279772
2015,5,18,27.5,8.0,0.0,17.75,0.0,19.9181603558
2015,5,19,28.0,6.5,0.0,17.25,0.0,18.5005007993
2015,5,20,28.0,8.0,0.0,18.0,0.0,19.607444439
2015,5,21,27.5,8.5,0.0,18.0,0.0,19.607444439
2015,5,22,25.5,7.0,0.0,16.25,0.0,19.7110151795
2015,5,23,24.5,6.0,0.0,15.25,0.0,18.6755310984
2015,5,24,24.0,7.0,0.0,15.5,0.0,20.6765629291
2015,5,25,26.5,7.5,0.0,17.0,0.0,18.7952049141
2015,5,26,29.5,9.5,0.0,19.5,0.0,19.6376450452
2015,5,27,31.0,10.5,0.0,20.75,0.0,19.8270809669
2015,5,28,32.0,10.0,0.0,21.0,0.0,17.8970185069
2015,5,29,33.0,11.5,0.0,22.25,0.0,18.0838758484
2015,5,30,34.5,12.5,0.0,23.5,0.0,18.1575178485
2015,5,31,35.0,15.0,0.0,25.0,0.0,20.4174707788
2015,6,1,35.5,14.0,0.0,24.75,0.0,19.4305143586
2015,6,2,35.0,13.0,0.0,24.0,0.0,18.9723040844
2015,6,3,34.0,13.0,0.0,23.5,0.0,19.5542499907
2015,6,4,32.5,12.5,0.0,22.5,0.0,19.2944259226
2015,6,5,30.5,16.5,1.0,23.5,0.1,25.1411785594
2015,6,6,32.0,17.0,0.0,24.5,0.0,23.6694171894
2015,6,7,33.5,14.0,0.0,23.75,0.0,20.6366080801
2015,6,8,34.0,17.5,0.0,25.75,0.0,23.1828972168
2015,6,9,32.0,16.5,5.0,24.25,0.5,24.0281622691
2015,6,10,32.0,17.0,0.0,24.5,0.0,23.6694171894
2015,6,11,32.0,16.0,0.0,24.0,0.0,23.0377978168
2015,6,12,33.5,14.0,0.0,23.75,0.0,20.6366080801
2015,6,13,34.5,14.0,0.0,24.25,0.0,20.0234685576
2015,6,14,35.0,15.0,0.0,25.0,0.0,20.4174707788
2015,6,15,36.5,17.0,0.0,26.75,0.0,20.6957429578
2015,6,16,37.0,19.5,0.0,28.25,0.0,23.1549603031
2015,6,17,38.0,18.5,0.0,28.25,0.0,21.0499639119
2015,6,18,39.0,19.0,0.0,29.0,0.0,21.1538818726
2015,6,19,39.0,19.0,0.0,29.0,0.0,21.1538818726
2015,6,20,39.0,17.5,0.0,28.25,0.0,19.9974657163
2015,6,21,37.5,19.5,0.0,28.5,0.0,22.8183016204
2015,6,22,37.5,19.5,0.0,28.5,0.0,22.8183016204
2015,6,23,38.5,19.5,0.0,29.0,0.0,22.1612095808
2015,6,24,36.0,21.0,0.0,28.5,0.0,24.8926926768
2015,6,25,36.0,19.5,0.0,27.75,0.0,23.8449937893
2015,6,26,37.0,20.0,0.0,28.5,0.0,22.8183016204
2015,6,27,36.5,19.5,3.0,28.0,0.3,23.4971576679
2015,6,28,35.5,19.0,3.0,27.25,0.3,23.4417200766
2015,6,29,36.0,17.5,5.0,26.75,0.5,21.8455064555
2015,6,30,36.0,20.0,1.0,28.0,0.1,23.4971576679
2015,7,1,35.0,19.0,6.0,27.0,0.6,23.7904849137
2015,7,2,34.5,18.5,0.0,26.5,0.0,23.3385438022
2015,7,3,33.0,19.0,7.0,26.0,0.7,25.2444447617
2015,7,4,32.0,20.0,0.0,26.0,0.0,26.4465611789
2015,7,5,30.0,18.0,16.0,24.0,1.6,33.8791144364
2015,7,6,31.0,18.5,4.0,24.75,0.4,44.0424992128
2015,7,7,33.0,18.5,5.0,25.75,0.5,39.044879523
2015,7,8,33.5,18.0,0.0,25.75,0.0,28.0635071572
2015,7,9,31.5,18.5,0.0,25.0,0.0,35.7305738629
2015,7,10,30.5,18.5,0.0,24.5,0.0,39.4490286491
2015,7,11,33.5,19.0,0.0,26.25,0.0,30.79378705
2015,7,12,34.5,18.5,4.0,26.5,0.4,36.1747428935
2015,7,13,34.0,19.0,0.0,26.5,0.0,30.3401069429
2015,7,14,33.0,18.0,3.0,25.5,0.3,40.8701717342
2015,7,15,32.5,17.5,0.0,25.0,0.0,31.9022980918
2015,7,16,33.0,16.0,12.0,24.5,1.2,36.8190934058
2015,7,17,29.5,18.5,0.0,24.0,0.0,51.4962539434
2015,7,18,29.5,17.0,0.0,23.25,0.0,43.9594219903
2015,7,19,30.5,17.0,0.0,23.75,0.0,41.2732161601
2015,7,20,32.0,17.0,0.0,24.5,0.0,35.5041257842
2015,7,21,34.0,16.5,0.0,25.25,0.0,30.1712316338
2015,7,22,33.5,18.0,2.0,25.75,0.2,34.1642695827
2015,7,23,30.0,18.5,0.0,24.25,0.0,48.0563245382
2015,7,24,32.0,16.5,3.0,24.25,0.3,45.3865287305
2015,7,25,34.0,20.0,0.0,27.0,0.0,40.7836884235
2015,7,26,35.0,18.5,0.0,26.75,0.0,29.8938509391
2015,7,27,35.0,20.5,0.0,27.75,0.0,34.6836273299
2015,7,28,35.0,19.0,0.0,27.0,0.0,30.5877663176
2015,7,29,33.0,18.0,20.0,25.5,2.0,43.3471518393
2015,7,30,33.0,16.5,9.0,24.75,0.9,46.6332344606
2015,7,31,33.5,19.0,19.0,26.25,1.9,54.48131555
2015,8,1,32.5,18.0,11.0,25.25,1.1,57.8281939648
2015,8,2,33.0,19.5,0.0,26.25,0.0,55.665691975
2015,8,3,34.5,18.0,0.0,26.25,0.0,47.375057
2015,8,4,36.0,18.0,0.0,27.0,0.0,43.0494488915
2015,8,5,37.0,19.5,0.0,28.25,0.0,45.2574224106
2015,8,6,34.0,20.5,0.0,27.25,0.0,55.8136192301
2015,8,7,32.0,20.0,6.0,26.0,0.6,68.5206357817
2015,8,8,31.5,17.5,12.0,24.5,1.2,63.1184458385
2015,8,9,32.5,18.0,0.0,25.25,0.0,56.5710593134
2015,8,10,33.0,18.5,0.0,25.75,0.0,56.1270143144
2015,8,11,33.5,17.5,9.0,25.5,0.9,59.4475225225
2015,8,12,34.0,19.0,5.0,26.5,0.5,64.1809954561
2015,8,13,36.0,17.0,0.0,26.5,0.0,47.8440147946
2015,8,14,37.0,19.5,0.0,28.25,0.0,51.5724115842
2015,8,15,38.0,20.0,0.0,29.0,0.0,50.3663854109
2015,8,16,37.5,21.0,0.0,29.25,0.0,54.6014638349
2015,8,17,36.0,20.5,0.0,28.25,0.0,56.8349025622
2015,8,18,35.0,20.0,0.0,27.5,0.0,58.2965567002
2015,8,19,35.0,19.5,0.0,27.25,0.0,56.9298916147
2015,8,20,34.5,18.5,0.0,26.5,0.0,56.0125051254
2015,8,21,33.5,19.0,0.0,26.25,0.0,60.403197675
2015,8,22,32.5,19.0,0.0,25.75,0.0,63.4479292249
2015,8,23,33.0,17.0,0.0,25.0,0.0,56.1480446416
2015,8,24,33.5,18.5,0.0,26.0,0.0,58.9037044439
2015,8,25,32.0,18.0,23.0,25.0,2.3,66.356780031
2015,8,26,33.0,19.0,1.0,26.0,0.1,64.9142865301
2015,8,27,32.5,18.0,6.0,25.25,0.6,65.3710018732
2015,8,28,33.0,18.0,0.0,25.5,0.0,63.1629926801
2015,8,29,34.5,18.0,0.0,26.25,0.0,59.21882125
2015,8,30,34.0,17.5,0.0,25.75,0.0,58.5673192846
2015,8,31,33.0,17.5,0.0,25.25,0.0,61.599597919
2015,9,1,32.0,17.0,27.0,24.5,2.7,63.1184458385
2015,9,2,30.5,18.0,0.0,24.25,0.0,69.4146909996
2015,9,3,29.5,16.5,12.0,23.0,1.2,67.6669185235
2015,9,4,27.0,14.5,0.0,20.75,0.0,67.7425266371
2015,9,5,25.0,16.0,5.0,20.5,0.5,75.5076538106
2015,9,6,30.5,15.0,3.0,22.75,0.3,62.8559504363
2015,9,7,32.0,17.0,0.0,24.5,0.0,63.1184458385
2015,9,8,31.0,17.0,0.0,24.0,0.0,65.047899718
2015,9,9,30.0,17.5,0.0,23.75,0.0,68.7886936002
2015,9,10,27.0,17.5,2.0,22.25,0.2,75.3494827016
2015,9,11,30.5,16.0,0.0,23.25,0.0,63.8120641794
2015,9,12,33.5,16.0,1.0,24.75,0.1,58.2915430758
2015,9,13,34.5,16.0,0.0,25.25,0.0,56.5710593134
2015,9,14,32.0,16.0,0.0,24.0,0.0,60.9824059856
2015,9,15,30.5,17.0,0.0,23.75,0.0,66.0371458562
2015,9,16,30.5,15.5,0.0,23.0,0.0,63.3477535114
2015,9,17,32.0,15.0,0.0,23.5,0.0,60.0594821142
2015,9,18,32.5,14.5,0.0,23.5,0.0,57.2660178298
2015,9,19,31.0,16.5,0.0,23.75,0.0,64.6613719842
2015,9,20,29.5,14.0,0.0,21.75,0.0,62.1509088923
2015,9,21,26.5,16.0,0.0,21.25,0.0,72.0978561216
2015,9,22,24.0,16.5,26.0,20.25,2.6,80.0919142276
2015,9,23,28.0,13.0,0.0,20.5,0.0,62.0840709109
2015,9,24,30.5,13.5,0.0,22.0,0.0,59.6771209363
2015,9,25,29.5,16.0,0.0,22.75,0.0,65.7794830147
2015,9,26,30.5,16.0,0.0,23.25,0.0,63.8120641794
2015,9,27,32.0,14.0,0.0,23.0,0.0,57.5888668285
2015,9,28,31.5,13.5,0.0,22.5,0.0,57.8832777679
2015,9,29,32.5,13.5,0.0,23.0,0.0,56.1491451578
2015,9,30,34.0,14.5,0.0,24.25,0.0,54.7308140574
2015,10,1,34.0,14.5,0.0,24.25,0.0,54.7308140574
2015,10,2,32.5,14.5,0.0,23.5,0.0,57.2660178298
2015,10,3,29.5,13.5,0.0,21.5,0.0,61.5329331234
2015,10,4,27.5,14.5,0.0,21.0,0.0,66.7070689802
2015,10,5,26.5,14.0,0.0,20.25,0.0,68.1633312575
2015,10,6,25.0,12.0,5.0,18.5,0.5,66.5070540851
2015,10,7,22.5,10.0,2.0,16.25,0.2,67.8934967294
2015,10,8,24.0,8.5,0.0,16.25,0.0,61.3231583362
2015,10,9,25.0,12.0,0.0,18.5,0.0,66.5070540851
2015,10,10,27.0,14.5,0.0,20.75,0.0,67.7425266371
2015,10,11,29.0,13.0,0.0,21.0,0.0,60.1990622505
2015,10,12,29.5,13.5,0.0,21.5,0.0,61.5329331234
2015,10,13,30.0,13.0,0.0,21.5,0.0,58.3773980914
2015,10,14,32.0,12.5,0.0,22.25,0.0,54.2516275451
2015,10,15,29.5,13.5,0.0,21.5,0.0,61.5329331234
2015,10,16,27.0,13.0,7.0,20.0,0.7,64.0348427983
2015,10,17,24.0,13.5,9.0,18.75,0.9,72.9576974277
2015,10,18,25.5,13.0,4.0,19.25,0.4,67.0898456518
2015,10,19,26.5,13.0,0.0,19.75,0.0,65.0356731172
2015,10,20,24.5,11.5,0.0,18.0,0.0,66.6653110928
2015,10,21,20.0,8.5,10.0,14.25,1.0,69.7028402395
2015,10,22,20.0,6.5,5.0,13.25,0.5,63.7394270778
2015,10,23,21.5,5.5,0.0,13.5,0.0,60.1007981145
2015,10,24,24.0,7.5,0.0,15.75,0.0,58.7860229137
2015,10,25,24.5,9.5,0.0,17.0,0.0,62.6506830469
2015,10,26,25.5,9.5,0.0,17.5,0.0,60.7030430862
2015,10,27,25.0,7.5,0.0,16.25,0.0,56.9429327408
2015,10,28,25.0,7.5,0.0,16.25,0.0,56.9429327408
2015,10,29,19.5,8.0,0.0,13.75,0.0,69.4198930577
2015,10,30,16.5,6.0,25.0,11.25,2.5,69.6188626825
2015,10,31,19.0,3.0,0.0,11.0,0.0,58.4667849753
2015,11,1,23.0,4.5,0.0,13.75,0.0,53.993250156
2015,11,2,24.5,5.0,0.0,14.75,0.0,53.0317723547
2015,11,3,23.5,7.0,0.0,15.25,0.0,58.3610346826
2015,11,4,18.0,7.0,1.0,12.5,0.1,69.7179288587
2015,11,5,15.5,3.0,1.0,9.25,0.1,65.668917075
2015,11,6,18.0,1.0,0.0,9.5,0.0,54.3852004097
2015,11,7,20.5,2.5,0.0,11.5,0.0,53.5954160642
2015,11,8,21.0,5.5,0.0,13.25,0.0,61.0836176163
2015,11,9,22.0,4.0,0.0,13.0,0.0,53.9863213571
2015,11,10,20.0,2.0,0.0,11.0,0.0,55.3895857661
2015,11,11,16.0,-1.0,0.0,7.5,0.0,54.4270053617
2015,11,12,18.0,1.0,0.0,9.5,0.0,54.3852004097
2015,11,13,21.0,2.0,0.0,11.5,0.0,53.5954160642
2015,11,14,22.5,3.0,0.0,12.75,0.0,52.1286544245
2015,11,15,19.0,7.0,3.0,13.0,0.3,67.4829016964
2015,11,16,14.0,4.0,5.0,9.0,0.5,70.2901708408
2015,11,17,11.0,-1.0,0.0,5.0,0.0,64.5508040986
2015,11,18,14.5,-1.5,0.0,6.5,0.0,58.2492427789
2015,11,19,19.5,0.0,0.0,9.75,0.0,50.1440397682
2015,11,20,22.5,1.5,0.0,12.0,0.0,48.9839462128
2015,11,21,21.5,2.5,0.0,12.0,0.0,51.8653548135
2015,11,22,21.0,3.5,0.0,12.25,0.0,56.6928684258
2015,11,23,22.0,3.0,0.0,12.5,0.0,52.9856259326
2015,11,24,21.5,2.0,0.0,11.75,0.0,52.7225302154
2015,11,25,21.0,5.0,0.0,13.0,0.0,59.3849534928
2015,11,26,18.5,5.5,9.0,12.0,0.9,66.2723978173
2015,11,27,18.0,1.5,0.0,9.75,0.0,56.8299117373
2015,11,28,17.5,-3.0,0.0,7.25,0.0,47.4478884919
2015,11,29,16.0,-2.5,0.0,6.75,0.0,53.1761491184
2015,11,30,14.5,-5.0,0.0,4.75,0.0,51.5998431431
2015,12,1,14.0,-4.5,0.0,4.75,0.0,51.5998431431
2015,12,2,16.5,-3.5,0.0,6.5,0.0,49.9279223819
2015,12,3,19.0,-0.5,0.0,9.25,0.0,51.8438819013
2015,12,4,21.0,0.5,0.0,10.75,0.0,50.0546846237
2015,12,5,20.0,1.5,0.0,10.75,0.0,53.1831024127
2015,12,6,21.0,2.0,0.0,11.5,0.0,53.5954160642
2015,12,7,20.5,3.0,0.0,11.75,0.0,55.6515596718
2015,12,8,20.0,0.0,0.0,10.0,0.0,49.3173131006
2015,12,9,22.0,1.5,0.0,11.75,0.0,49.793500759
2015,12,10,23.0,3.5,0.0,13.25,0.0,53.1161892315
2015,12,11,21.5,3.5,0.0,12.5,0.0,55.774343087
2015,12,12,13.5,1.0,14.0,7.25,1.4,63.2638513225
2015,12,13,9.5,-3.0,4.0,3.25,0.4,62.4616972764
2015,12,14,9.0,-2.5,0.0,3.25,0.0,67.6668387161
2015,12,15,7.5,-5.5,15.0,1.0,1.5,60.9712694924
2015,12,16,7.0,-8.0,0.0,-0.5,0.0,54.2800911035
2015,12,17,10.0,-7.0,0.0,1.5,0.0,52.9670010148
2015,12,18,15.5,-3.5,0.0,6.0,0.0,51.6607435663
2015,12,19,16.0,1.0,0.0,8.5,0.0,58.1486935812
2015,12,20,13.0,1.0,0.0,7.0,0.0,64.3454720179
2015,12,21,15.5,-2.0,0.0,6.75,0.0,53.1761491184
2015,12,22,11.5,-0.5,0.0,5.5,0.0,66.8253170029
2015,12,23,13.0,4.5,0.0,8.75,0.0,75.0507658632
2015,12,24,14.5,4.5,0.0,9.5,0.0,71.3805755377
2015,12,25,13.5,1.5,0.0,7.5,0.0,66.089935082
2015,12,26,7.0,-4.5,0.0,1.25,0.0,65.8915523419
2015,12,27,8.0,-7.0,0.0,0.5,0.0,56.8573061999
2015,12,28,10.0,-5.5,0.0,2.25,0.0,55.8243889528
2015,12,29,8.5,-5.5,0.0,1.5,0.0,58.8522233498
2015,12,30,11.0,-7.0,0.0,2.0,0.0,51.1327186268
2015,12,31,14.0,-4.5,0.0,4.75,0.0,51.5998431431
